%YAML:1.0
tag: !!opencv-matrix
   rows: 72
   cols: 128
   dt: f
   data: [ 40., 2., 4., 12., 1., 1., 1., 12., 197., 2., 0., 0., 0., 0.,
       0., 42., 140., 3., 1., 13., 8., 0., 0., 16., 0., 0., 0., 32., 63.,
       1., 0., 0., 68., 1., 0., 0., 0., 0., 1., 22., 197., 4., 0., 0.,
       0., 0., 0., 41., 139., 10., 4., 21., 7., 0., 0., 5., 0., 0., 2.,
       13., 91., 3., 0., 0., 79., 13., 2., 1., 0., 0., 0., 3., 197., 35.,
       0., 0., 0., 0., 0., 6., 109., 17., 4., 13., 1., 0., 0., 2., 1.,
       1., 2., 6., 80., 2., 0., 2., 57., 7., 4., 4., 0., 0., 0., 1.,
       197., 14., 0., 0., 0., 0., 0., 1., 95., 6., 3., 1., 0., 0., 0.,
       1., 0., 1., 4., 6., 57., 1., 0., 1., 51., 3., 1., 4., 3., 1., 1.,
       4., 202., 19., 0., 0., 0., 0., 0., 11., 119., 15., 6., 4., 0., 0.,
       0., 4., 1., 7., 3., 2., 23., 7., 0., 0., 59., 6., 0., 0., 0., 0.,
       1., 4., 202., 25., 0., 0., 0., 0., 0., 4., 161., 19., 3., 1., 0.,
       0., 0., 4., 6., 5., 1., 1., 14., 3., 0., 3., 56., 6., 1., 0., 0.,
       0., 1., 3., 202., 10., 0., 0., 0., 0., 0., 16., 166., 13., 0., 0.,
       0., 0., 1., 10., 6., 7., 0., 1., 7., 2., 1., 3., 46., 8., 1., 0.,
       0., 0., 0., 4., 202., 6., 0., 0., 0., 0., 0., 24., 121., 1., 0.,
       1., 1., 1., 6., 20., 4., 2., 0., 1., 4., 3., 3., 2., 0., 1., 20.,
       73., 2., 0., 20., 133., 34., 63., 70., 48., 1., 0., 2., 18., 36.,
       25., 5., 0., 0., 0., 1., 5., 3., 3., 2., 3., 1., 1., 1., 1., 12.,
       9., 47., 175., 3., 0., 1., 9., 175., 78., 58., 71., 0., 0., 0.,
       14., 129., 10., 1., 1., 1., 5., 5., 18., 1., 0., 1., 3., 2., 4.,
       4., 3., 54., 7., 19., 175., 4., 1., 1., 3., 175., 15., 4., 9., 0.,
       0., 0., 21., 134., 10., 5., 3., 1., 2., 1., 11., 0., 0., 3., 4.,
       2., 2., 3., 4., 47., 1., 1., 9., 3., 4., 5., 10., 175., 5., 0.,
       0., 0., 0., 0., 23., 102., 6., 0., 1., 4., 2., 1., 10., 3., 2.,
       2., 2., 3., 1., 2., 3., 2., 0., 1., 1., 0., 0., 24., 150., 1., 1.,
       7., 15., 1., 0., 41., 150., 9., 23., 24., 10., 0., 0., 8., 65.,
       8., 7., 3., 1., 0., 0., 0., 3., 0., 0., 3., 52., 3., 0., 45.,
       150., 9., 10., 56., 150., 2., 0., 8., 42., 143., 68., 56., 47.,
       0., 0., 0., 10., 34., 6., 1., 0., 0., 2., 3., 8., 0., 0., 21.,
       150., 5., 1., 6., 14., 64., 9., 32., 150., 2., 0., 0., 4., 150.,
       16., 9., 11., 0., 0., 0., 24., 40., 3., 3., 3., 1., 2., 2., 5.,
       0., 0., 17., 129., 1., 1., 1., 3., 73., 2., 2., 20., 2., 4., 4.,
       11., 150., 3., 0., 0., 0., 0., 0., 23., 26., 2., 1., 1., 2., 2.,
       1., 6., 1., 1., 1., 2., 3., 106., 11., 0., 83., 10., 3., 3., 3.,
       13., 2., 2., 148., 27., 0., 3., 14., 0., 0., 1., 14., 4., 0., 14.,
       148., 1., 0., 0., 0., 0., 0., 0., 3., 148., 27., 0., 71., 6., 0.,
       0., 1., 148., 33., 10., 148., 27., 0., 1., 17., 7., 6., 13., 24.,
       3., 0., 9., 148., 8., 0., 0., 2., 1., 2., 1., 3., 64., 11., 2.,
       11., 0., 1., 1., 3., 148., 54., 13., 130., 5., 0., 1., 15., 39.,
       48., 61., 17., 2., 0., 7., 148., 6., 0., 3., 3., 1., 1., 2., 1.,
       1., 0., 1., 0., 0., 2., 3., 5., 29., 10., 1., 4., 0., 0., 0., 14.,
       17., 28., 21., 1., 0., 0., 2., 148., 40., 1., 3., 2., 3., 0., 1.,
       8., 0., 0., 0., 117., 3., 0., 1., 10., 0., 0., 4., 168., 7., 0.,
       0., 2., 2., 0., 9., 35., 0., 0., 0., 144., 32., 1., 5., 3., 5.,
       1., 1., 4., 2., 0., 0., 130., 10., 0., 0., 6., 4., 1., 3., 168.,
       25., 0., 0., 2., 0., 0., 4., 54., 5., 0., 2., 168., 19., 0., 1.,
       8., 3., 1., 0., 1., 1., 0., 1., 122., 3., 1., 1., 2., 3., 1., 9.,
       168., 16., 0., 0., 1., 0., 0., 10., 56., 5., 0., 3., 150., 13.,
       0., 1., 2., 3., 2., 0., 0., 0., 0., 0., 89., 12., 2., 1., 0., 0.,
       0., 1., 168., 33., 0., 0., 0., 0., 0., 1., 46., 8., 0., 4., 96.,
       7., 0., 0., 24., 0., 0., 0., 2., 3., 1., 8., 151., 2., 1., 1., 0.,
       0., 0., 77., 110., 4., 4., 126., 25., 0., 0., 35., 0., 0., 9.,
       151., 23., 0., 0., 0., 48., 3., 1., 1., 1., 1., 0., 2., 151., 14.,
       4., 15., 5., 0., 0., 18., 69., 12., 7., 151., 119., 0., 0., 3.,
       0., 0., 2., 132., 57., 1., 2., 0., 48., 2., 0., 0., 0., 1., 2.,
       4., 151., 55., 14., 39., 14., 0., 0., 6., 18., 12., 10., 151.,
       137., 0., 0., 0., 0., 0., 1., 23., 23., 1., 2., 0., 14., 8., 0.,
       0., 0., 0., 1., 2., 56., 72., 14., 18., 6., 1., 1., 3., 5., 9.,
       8., 49., 41., 28., 33., 7., 1., 0., 1., 3., 3., 12., 41., 3., 11.,
       9., 84., 52., 20., 11., 1., 1., 30., 7., 6., 5., 14., 66., 38.,
       19., 0., 0., 0., 1., 25., 74., 11., 1., 0., 0., 1., 3., 2., 1.,
       0., 0., 54., 11., 13., 4., 1., 0., 0., 2., 146., 16., 1., 0., 14.,
       59., 19., 35., 15., 0., 0., 0., 122., 146., 10., 7., 1., 1., 0.,
       0., 17., 24., 1., 1., 51., 5., 2., 2., 0., 0., 1., 2., 146., 10.,
       0., 0., 7., 19., 4., 28., 53., 0., 0., 0., 146., 146., 6., 16.,
       0., 1., 1., 1., 80., 71., 0., 0., 44., 2., 2., 2., 1., 1., 1.,
       21., 146., 1., 0., 0., 2., 3., 1., 89., 50., 0., 0., 0., 146.,
       91., 2., 19., 0., 0., 0., 1., 146., 52., 0., 0., 0., 1., 0., 0.,
       28., 23., 1., 0., 75., 8., 0., 1., 3., 3., 1., 1., 145., 21., 0.,
       1., 14., 0., 0., 2., 15., 2., 0., 8., 145., 2., 0., 0., 0., 0.,
       0., 0., 79., 61., 1., 0., 83., 6., 0., 1., 8., 6., 1., 2., 145.,
       15., 0., 4., 19., 0., 0., 3., 22., 1., 0., 29., 145., 0., 0., 1.,
       0., 0., 0., 0., 125., 100., 0., 0., 77., 4., 0., 2., 21., 13., 0.,
       3., 145., 9., 0., 5., 29., 0., 0., 3., 19., 1., 0., 36., 145., 0.,
       0., 0., 0., 0., 0., 0., 95., 115., 0., 0., 61., 1., 0., 1., 44.,
       48., 1., 4., 145., 7., 0., 7., 29., 0., 0., 5., 11., 1., 0., 26.,
       145., 1., 0., 0., 54., 7., 1., 1., 2., 1., 0., 2., 212., 23., 0.,
       0., 0., 0., 0., 2., 117., 7., 0., 1., 10., 4., 0., 3., 1., 1., 4.,
       5., 11., 4., 0., 0., 61., 10., 6., 2., 1., 1., 0., 1., 212., 21.,
       0., 0., 0., 0., 0., 14., 149., 15., 10., 6., 5., 1., 0., 4., 1.,
       1., 5., 4., 15., 5., 0., 1., 67., 4., 3., 3., 1., 0., 2., 5.,
       212., 6., 0., 0., 0., 0., 0., 10., 134., 6., 6., 6., 2., 5., 3.,
       4., 3., 4., 5., 3., 4., 2., 1., 1., 51., 0., 0., 0., 0., 1., 7.,
       7., 212., 6., 0., 0., 0., 0., 0., 8., 112., 4., 1., 1., 4., 4.,
       2., 2., 1., 0., 3., 3., 4., 3., 2., 1., 2., 6., 6., 1., 3., 1.,
       0., 0., 60., 1., 1., 4., 11., 4., 3., 14., 216., 0., 0., 0., 0.,
       0., 0., 67., 101., 1., 1., 2., 1., 1., 0., 15., 4., 3., 2., 1.,
       0., 0., 2., 2., 98., 12., 4., 4., 2., 1., 2., 10., 216., 9., 0.,
       0., 0., 0., 0., 46., 95., 2., 2., 6., 1., 0., 0., 9., 0., 0., 2.,
       2., 4., 2., 1., 0., 120., 5., 2., 4., 4., 1., 0., 7., 216., 12.,
       0., 0., 0., 0., 0., 22., 80., 4., 1., 4., 1., 0., 2., 4., 0., 0.,
       1., 2., 1., 1., 0., 0., 91., 5., 1., 1., 1., 2., 1., 4., 216.,
       22., 0., 0., 0., 0., 0., 5., 68., 5., 0., 1., 1., 1., 3., 4., 1.,
       0., 0., 0., 1., 2., 3., 1., 18., 0., 0., 0., 5., 10., 4., 14.,
       154., 0., 0., 0., 8., 2., 2., 154., 44., 0., 0., 40., 154., 2.,
       1., 46., 3., 0., 0., 0., 2., 3., 7., 7., 76., 3., 0., 4., 22., 6.,
       4., 7., 154., 7., 0., 1., 17., 3., 0., 59., 44., 1., 0., 2., 154.,
       52., 3., 10., 7., 3., 1., 0., 4., 3., 3., 5., 68., 8., 0., 1.,
       27., 16., 2., 3., 154., 115., 0., 0., 5., 4., 1., 3., 45., 42.,
       3., 0., 68., 109., 28., 1., 1., 1., 1., 1., 2., 2., 1., 1., 11.,
       6., 2., 3., 4., 7., 1., 2., 73., 154., 13., 1., 0., 1., 1., 1.,
       13., 154., 62., 0., 1., 7., 5., 0., 0., 0., 18., 132., 5., 0., 0.,
       0., 43., 82., 69., 68., 0., 0., 0., 0., 112., 105., 4., 1., 38.,
       11., 0., 0., 4., 2., 0., 2., 132., 39., 0., 0., 2., 1., 2., 132.,
       9., 1., 2., 2., 83., 29., 3., 13., 2., 4., 3., 3., 132., 67., 1.,
       10., 38., 0., 0., 5., 13., 5., 1., 47., 132., 2., 0., 0., 6., 4.,
       7., 17., 4., 0., 1., 2., 92., 5., 7., 3., 2., 2., 1., 28., 132.,
       6., 1., 36., 48., 0., 0., 53., 9., 1., 1., 95., 132., 0., 0., 1.,
       3., 2., 7., 4., 1., 0., 0., 4., 97., 2., 2., 2., 1., 0., 0., 87.,
