%YAML:1.0
tag: !!opencv-matrix
   rows: 58
   cols: 128
   dt: f
   data: [ 1., 1., 1., 1., 1., 6., 3., 1., 138., 15., 0., 2., 4., 3., 0.,
       0., 205., 32., 0., 0., 0., 0., 0., 2., 43., 6., 0., 0., 9., 1.,
       0., 4., 5., 3., 2., 2., 2., 4., 1., 1., 153., 8., 0., 3., 8., 6.,
       1., 4., 205., 29., 0., 0., 0., 0., 0., 8., 58., 5., 0., 1., 8.,
       3., 2., 9., 2., 2., 1., 2., 1., 7., 6., 1., 144., 2., 0., 4., 3.,
       3., 5., 14., 205., 8., 0., 0., 0., 0., 0., 11., 72., 1., 0., 0.,
       8., 4., 6., 21., 0., 0., 0., 0., 0., 7., 9., 1., 103., 5., 0., 0.,
       3., 7., 5., 5., 205., 13., 0., 0., 0., 0., 0., 21., 64., 1., 0.,
       1., 11., 1., 1., 26., 1., 2., 5., 2., 1., 0., 0., 0., 114., 1.,
       0., 2., 2., 1., 1., 8., 204., 5., 0., 0., 0., 0., 0., 16., 57.,
       1., 1., 2., 2., 4., 2., 5., 5., 5., 3., 1., 1., 1., 1., 3., 144.,
       11., 1., 0., 0., 0., 1., 9., 204., 7., 0., 0., 0., 0., 0., 21.,
       72., 2., 0., 3., 5., 10., 2., 7., 7., 4., 1., 1., 1., 1., 1., 4.,
       154., 4., 2., 1., 1., 1., 1., 10., 204., 7., 0., 0., 0., 0., 0.,
       24., 68., 7., 3., 8., 3., 4., 1., 3., 2., 3., 2., 1., 0., 1., 1.,
       1., 140., 7., 3., 1., 0., 0., 0., 8., 204., 4., 0., 0., 0., 0.,
       0., 23., 51., 1., 0., 1., 1., 4., 4., 4., 7., 2., 1., 0., 0., 1.,
       5., 11., 82., 2., 0., 0., 1., 12., 16., 10., 160., 8., 0., 0., 0.,
       0., 0., 5., 33., 2., 0., 2., 2., 1., 0., 2., 47., 1., 0., 0., 4.,
       7., 14., 96., 74., 6., 0., 1., 71., 56., 32., 44., 160., 28., 0.,
       0., 8., 2., 1., 7., 43., 8., 5., 2., 4., 2., 0., 2., 89., 0., 0.,
       16., 37., 6., 5., 160., 75., 4., 0., 67., 160., 16., 6., 27.,
       160., 11., 0., 4., 10., 0., 0., 15., 42., 7., 4., 2., 2., 1., 0.,
       3., 45., 0., 0., 68., 79., 0., 0., 83., 72., 8., 1., 96., 98., 0.,
       0., 2., 160., 20., 1., 2., 1., 0., 0., 4., 30., 6., 2., 6., 2.,
       0., 0., 1., 3., 1., 1., 3., 1., 1., 0., 3., 121., 7., 2., 6., 3.,
       2., 1., 6., 201., 7., 0., 0., 0., 0., 0., 17., 41., 2., 0., 1.,
       3., 4., 5., 6., 7., 2., 1., 1., 0., 1., 2., 6., 157., 1., 0., 1.,
       1., 6., 7., 24., 201., 1., 0., 0., 0., 0., 1., 50., 47., 1., 0.,
       1., 3., 6., 10., 13., 14., 1., 0., 0., 1., 1., 2., 5., 177., 4.,
       1., 2., 3., 0., 0., 6., 201., 9., 0., 0., 0., 0., 0., 8., 48., 8.,
       2., 5., 6., 1., 0., 1., 4., 1., 1., 1., 2., 6., 3., 1., 132., 12.,
       1., 3., 3., 1., 0., 3., 201., 18., 0., 0., 0., 0., 0., 5., 39.,
       3., 1., 1., 1., 0., 2., 2., 1., 4., 6., 2., 2., 0., 0., 1., 28.,
       1., 1., 3., 2., 1., 3., 33., 159., 0., 0., 0., 0., 0., 1., 173.,
       58., 0., 0., 0., 0., 0., 1., 127., 4., 9., 5., 1., 0., 0., 0., 1.,
       120., 17., 4., 5., 0., 0., 0., 14., 173., 8., 0., 0., 0., 0., 0.,
       103., 53., 0., 0., 0., 0., 1., 8., 50., 0., 7., 8., 2., 0., 0.,
       0., 0., 136., 23., 7., 5., 0., 0., 0., 0., 173., 59., 0., 0., 0.,
       0., 0., 6., 74., 11., 0., 1., 4., 2., 7., 10., 0., 1., 5., 1., 0.,
       0., 0., 0., 55., 28., 3., 2., 0., 0., 0., 0., 173., 152., 0., 0.,
       0., 0., 0., 0., 86., 45., 0., 1., 2., 1., 1., 1., 68., 1., 7.,
       34., 8., 0., 0., 102., 55., 56., 43., 41., 4., 0., 0., 8., 35.,
       21., 2., 2., 11., 2., 0., 1., 0., 0., 0., 1., 140., 21., 0., 0.,
       34., 2., 4., 124., 81., 0., 0., 52., 140., 34., 15., 62., 24., 0.,
       0., 11., 101., 5., 0., 0., 11., 2., 3., 15., 0., 0., 0., 0., 140.,
       20., 1., 1., 23., 0., 0., 131., 100., 0., 0., 8., 140., 7., 0.,
       14., 13., 0., 0., 14., 114., 5., 0., 0., 11., 3., 1., 7., 0., 0.,
       0., 0., 140., 21., 0., 0., 18., 0., 0., 51., 42., 0., 0., 2.,
       140., 0., 0., 1., 1., 0., 0., 16., 85., 0., 0., 0., 5., 1., 0.,
       7., 0., 0., 0., 0., 140., 13., 0., 0., 39., 0., 0., 0., 0., 0.,
       2., 65., 100., 4., 13., 17., 1., 0., 0., 135., 34., 47., 26., 10.,
       0., 0., 0., 14., 5., 6., 1., 3., 37., 3., 0., 0., 86., 0., 0., 6.,
       5., 0., 1., 135., 58., 12., 20., 135., 58., 0., 0., 77., 135.,
       60., 29., 41., 5., 0., 0., 9., 29., 4., 0., 1., 36., 5., 2., 6.,
       88., 0., 0., 58., 37., 0., 0., 131., 71., 4., 2., 135., 118., 0.,
       0., 14., 135., 10., 1., 12., 5., 0., 0., 21., 35., 1., 0., 1.,
       39., 4., 2., 6., 27., 0., 0., 106., 69., 0., 0., 40., 67., 0., 0.,
       64., 49., 0., 0., 8., 135., 2., 0., 0., 0., 0., 0., 21., 26., 1.,
       0., 0., 26., 3., 0., 3., 9., 4., 33., 155., 0., 0., 0., 2., 155.,
       19., 20., 29., 0., 0., 0., 15., 96., 3., 0., 9., 22., 1., 0., 11.,
       0., 0., 0., 27., 155., 1., 0., 0., 32., 3., 12., 52., 0., 0., 0.,
       4., 155., 7., 1., 1., 0., 0., 0., 9., 103., 7., 3., 14., 33., 0.,
       0., 2., 0., 0., 0., 13., 155., 0., 0., 0., 35., 5., 0., 1., 0.,
       0., 0., 5., 155., 13., 0., 0., 0., 0., 0., 4., 88., 8., 3., 7.,
       28., 1., 0., 1., 0., 0., 0., 7., 155., 3., 0., 0., 23., 5., 1.,
       1., 0., 0., 0., 3., 155., 18., 0., 0., 0., 0., 0., 1., 75., 6.,
       0., 1., 24., 1., 0., 1., 0., 0., 0., 1., 155., 10., 0., 0., 30.,
       4., 1., 1., 0., 0., 1., 3., 165., 18., 0., 0., 0., 0., 0., 1.,
       87., 10., 1., 1., 10., 0., 0., 1., 0., 1., 0., 9., 165., 1., 0.,
       0., 36., 4., 3., 1., 0., 0., 1., 6., 165., 3., 0., 0., 0., 0., 0.,
       19., 112., 5., 0., 2., 15., 0., 0., 5., 0., 1., 0., 18., 165., 0.,
       0., 0., 39., 1., 0., 0., 0., 0., 2., 13., 165., 3., 0., 0., 0.,
       0., 0., 17., 97., 4., 0., 4., 21., 1., 1., 7., 0., 0., 0., 32.,
       165., 0., 0., 0., 36., 2., 1., 0., 0., 1., 1., 4., 165., 1., 0.,
       0., 0., 0., 0., 33., 67., 0., 0., 2., 30., 2., 1., 12., 0., 0.,
       0., 26., 165., 1., 0., 0., 0., 0., 1., 1., 3., 6., 3., 1., 134.,
       10., 0., 1., 1., 1., 4., 14., 206., 29., 0., 0., 0., 0., 1., 11.,
       38., 5., 0., 0., 15., 16., 6., 7., 3., 0., 1., 1., 2., 5., 3., 5.,
       140., 9., 0., 0., 0., 1., 4., 17., 206., 49., 0., 0., 0., 0., 0.,
       2., 69., 20., 2., 2., 23., 5., 0., 0., 9., 5., 2., 3., 1., 1., 0.,
       1., 131., 10., 3., 2., 1., 1., 1., 4., 206., 14., 0., 0., 0., 0.,
       0., 8., 86., 6., 1., 3., 25., 0., 0., 3., 2., 2., 1., 0., 1., 4.,
       2., 3., 107., 3., 3., 0., 0., 0., 2., 19., 206., 1., 0., 0., 0.,
       0., 0., 30., 57., 5., 1., 4., 23., 0., 0., 3., 8., 0., 0., 1., 2.,
       1., 1., 5., 157., 28., 0., 1., 4., 2., 0., 1., 196., 68., 0., 0.,
       0., 0., 0., 1., 27., 17., 3., 5., 23., 0., 0., 1., 3., 1., 2., 2.,
       3., 2., 1., 3., 160., 21., 1., 3., 4., 0., 0., 2., 196., 47., 0.,
       0., 0., 0., 1., 12., 35., 10., 5., 6., 30., 6., 4., 6., 1., 0.,
       0., 1., 4., 9., 4., 3., 146., 3., 0., 1., 1., 1., 8., 27., 196.,
       11., 0., 0., 0., 1., 1., 31., 43., 5., 0., 1., 43., 19., 6., 8.,
       5., 1., 1., 3., 1., 1., 1., 3., 121., 2., 0., 0., 0., 1., 2., 11.,
       196., 8., 0., 0., 0., 0., 0., 9., 40., 9., 1., 6., 43., 2., 0.,
       1., 1., 4., 1., 1., 0., 0., 0., 0., 87., 8., 1., 1., 0., 0., 0.,
       5., 205., 1., 0., 0., 0., 0., 0., 33., 45., 0., 0., 3., 60., 4.,
       0., 6., 3., 2., 2., 2., 1., 1., 0., 1., 138., 5., 4., 2., 1., 0.,
       0., 6., 205., 1., 0., 0., 0., 0., 0., 27., 51., 0., 0., 2., 81.,
       9., 1., 4., 4., 2., 3., 7., 4., 2., 1., 1., 151., 10., 3., 3., 2.,
       1., 1., 5., 205., 26., 0., 0., 0., 0., 0., 6., 48., 14., 2., 2.,
       60., 16., 1., 1., 1., 1., 3., 6., 1., 57., 43., 1., 103., 14., 2.,
       2., 1., 11., 7., 5., 205., 40., 0., 0., 0., 0., 0., 3., 36., 15.,
       6., 6., 30., 4., 2., 2., 49., 4., 0., 0., 2., 3., 1., 2., 176.,
       37., 0., 0., 0., 0., 0., 0., 81., 35., 2., 0., 0., 1., 0., 0., 1.,
       4., 6., 27., 13., 4., 1., 0., 56., 2., 0., 2., 5., 1., 0., 1.,
       176., 14., 0., 0., 0., 0., 0., 6., 125., 19., 2., 1., 1., 0., 0.,
       7., 5., 6., 5., 51., 118., 0., 0., 0., 53., 3., 1., 2., 2., 0.,
       1., 5., 176., 3., 0., 0., 0., 0., 0., 34., 103., 8., 3., 2., 2.,
       4., 4., 16., 0., 3., 3., 45., 176., 2., 0., 0., 46., 0., 0., 0.,
       0., 1., 5., 20., 176., 1., 0., 0., 0., 0., 0., 61., 65., 2., 0.,
