%YAML:1.0
tag: !!opencv-matrix
   rows: 55
   cols: 128
   dt: f
   data: [ 0., 0., 0., 0., 3., 4., 0., 0., 78., 5., 0., 0., 1., 0., 0.,
       7., 161., 4., 0., 0., 0., 0., 0., 18., 42., 1., 0., 19., 86., 2.,
       0., 4., 0., 0., 0., 5., 11., 5., 1., 0., 97., 25., 3., 5., 8., 2.,
       0., 3., 161., 21., 0., 0., 2., 0., 0., 20., 47., 0., 0., 19.,
       154., 3., 0., 7., 0., 0., 0., 3., 12., 44., 2., 0., 104., 4., 0.,
       4., 12., 5., 1., 16., 161., 12., 0., 1., 4., 0., 0., 24., 45., 4.,
       0., 32., 161., 0., 0., 1., 0., 0., 0., 1., 4., 161., 21., 0., 90.,
       2., 0., 1., 3., 58., 12., 10., 161., 6., 0., 1., 4., 1., 1., 17.,
       27., 2., 0., 23., 151., 2., 0., 2., 6., 6., 0., 0., 0., 1., 2.,
       3., 118., 19., 1., 0., 0., 0., 2., 9., 162., 47., 0., 0., 0., 0.,
       0., 0., 37., 8., 0., 5., 97., 9., 0., 0., 9., 17., 2., 2., 1., 0.,
       0., 1., 106., 36., 10., 8., 1., 0., 0., 2., 162., 52., 0., 0., 0.,
       0., 0., 5., 53., 6., 1., 17., 110., 1., 0., 2., 6., 4., 1., 1.,
       4., 10., 3., 4., 114., 4., 2., 4., 3., 1., 2., 32., 162., 4., 0.,
       1., 1., 0., 0., 65., 46., 0., 0., 35., 131., 1., 0., 9., 0., 0.,
       1., 2., 23., 42., 2., 3., 117., 1., 1., 2., 0., 1., 1., 80., 162.,
       1., 2., 13., 3., 0., 0., 114., 15., 0., 1., 115., 104., 0., 0.,
       4., 2., 7., 2., 3., 3., 1., 0., 1., 126., 60., 1., 1., 2., 1., 1.,
       2., 145., 98., 0., 0., 2., 1., 0., 0., 19., 7., 0., 3., 124., 13.,
       0., 0., 3., 1., 0., 1., 1., 11., 6., 4., 124., 26., 1., 2., 1.,
       1., 1., 5., 145., 52., 1., 3., 2., 0., 0., 4., 40., 9., 1., 65.,
       127., 0., 0., 0., 0., 0., 0., 1., 4., 136., 20., 1., 106., 5., 0.,
       2., 2., 18., 11., 45., 145., 45., 35., 30., 1., 0., 0., 35., 18.,
       9., 28., 145., 51., 0., 0., 0., 0., 3., 48., 24., 24., 95., 10.,
       0., 31., 18., 19., 18., 12., 33., 13., 14., 39., 49., 114., 46.,
       0., 0., 0., 4., 1., 3., 56., 110., 2., 0., 0., 0., 9., 6., 2., 1.,
       2., 1., 0., 1., 49., 1., 0., 1., 9., 7., 1., 17., 174., 1., 0.,
       0., 1., 1., 0., 84., 63., 0., 0., 2., 164., 8., 0., 16., 13., 4.,
       1., 2., 4., 4., 2., 8., 98., 10., 1., 11., 13., 2., 0., 6., 174.,
       10., 0., 1., 1., 0., 0., 22., 68., 3., 0., 1., 170., 31., 0., 5.,
       13., 2., 2., 3., 7., 1., 1., 7., 103., 7., 0., 6., 21., 1., 0.,
       12., 174., 37., 0., 0., 0., 0., 0., 28., 59., 11., 1., 2., 90.,
       38., 0., 5., 3., 1., 5., 3., 4., 0., 0., 7., 48., 16., 1., 3., 8.,
       2., 1., 1., 174., 138., 0., 0., 0., 0., 0., 1., 53., 50., 1., 1.,
       24., 14., 0., 0., 3., 0., 0., 0., 24., 58., 4., 2., 107., 34., 0.,
       0., 0., 3., 2., 3., 129., 75., 0., 0., 0., 0., 0., 0., 16., 6.,
       1., 2., 33., 7., 0., 0., 12., 15., 0., 0., 6., 129., 36., 2., 74.,
       10., 0., 0., 0., 70., 70., 18., 129., 44., 0., 1., 0., 1., 10.,
       32., 31., 12., 3., 58., 29., 1., 0., 1., 32., 129., 9., 0., 0.,
       43., 32., 2., 9., 43., 29., 0., 0., 72., 129., 27., 70., 5., 39.,
       41., 0., 3., 62., 93., 12., 1., 22., 129., 24., 0., 0., 4., 4.,
       103., 31., 0., 0., 0., 0., 0., 1., 106., 129., 4., 0., 1., 7., 1.,
       0., 10., 129., 93., 0., 0., 5., 3., 0., 0., 48., 110., 2., 0., 0.,
       0., 1., 1., 1., 1., 1., 2., 11., 5., 114., 8., 1., 1., 0., 1., 8.,
       23., 188., 27., 0., 0., 0., 0., 0., 8., 41., 4., 0., 2., 93., 4.,
       0., 2., 2., 2., 1., 0., 0., 1., 5., 3., 115., 18., 4., 2., 0., 0.,
       3., 9., 188., 36., 0., 0., 0., 0., 0., 7., 63., 2., 0., 3., 119.,
       4., 0., 3., 0., 1., 1., 0., 0., 3., 1., 0., 126., 2., 1., 1., 0.,
       1., 1., 19., 188., 5., 0., 0., 0., 0., 0., 57., 58., 1., 0., 5.,
       117., 12., 3., 17., 0., 0., 0., 0., 0., 4., 2., 0., 128., 1., 0.,
       1., 0., 1., 0., 14., 188., 2., 0., 0., 0., 0., 0., 49., 34., 2.,
       1., 12., 66., 20., 5., 9., 1., 1., 0., 1., 2., 1., 0., 1., 96.,
       18., 1., 0., 0., 0., 1., 2., 169., 41., 0., 0., 1., 0., 0., 1.,
       27., 6., 0., 2., 136., 7., 0., 0., 0., 1., 0., 0., 2., 5., 3., 2.,
       105., 8., 1., 0., 0., 0., 3., 8., 169., 18., 0., 0., 1., 0., 0.,
       5., 50., 2., 0., 2., 169., 3., 0., 1., 0., 0., 0., 0., 1., 5., 8.,
       2., 97., 3., 1., 0., 0., 0., 8., 24., 169., 2., 0., 0., 1., 0.,
       0., 24., 52., 1., 0., 13., 169., 1., 0., 2., 0., 0., 0., 0., 0.,
       2., 2., 1., 86., 4., 1., 0., 0., 0., 1., 11., 169., 1., 0., 0.,
       2., 0., 0., 28., 32., 0., 0., 15., 155., 1., 0., 4., 1., 0., 0.,
       0., 0., 1., 3., 8., 108., 12., 0., 0., 0., 0., 3., 3., 174., 34.,
       0., 0., 0., 0., 0., 2., 25., 2., 0., 3., 121., 5., 0., 3., 0., 0.,
       0., 0., 1., 2., 3., 3., 114., 8., 0., 0., 0., 1., 1., 4., 174.,
       24., 0., 0., 0., 0., 0., 4., 43., 4., 0., 5., 156., 6., 0., 2.,
       1., 1., 1., 2., 1., 0., 0., 1., 110., 3., 0., 0., 0., 0., 1., 16.,
       174., 4., 0., 0., 1., 0., 0., 28., 41., 2., 0., 17., 160., 1., 0.,
       5., 1., 1., 0., 1., 2., 1., 1., 1., 103., 5., 0., 0., 0., 0., 2.,
       10., 174., 2., 0., 1., 1., 0., 0., 24., 27., 2., 0., 22., 142.,
       0., 0., 2., 0., 0., 11., 131., 1., 0., 15., 90., 37., 6., 23.,
       151., 0., 0., 1., 10., 151., 13., 8., 13., 0., 0., 0., 16., 34.,
       0., 0., 15., 69., 1., 0., 5., 0., 1., 25., 151., 0., 0., 1., 3.,
       85., 8., 12., 38., 0., 0., 0., 4., 151., 3., 0., 0., 1., 0., 0.,
       24., 34., 0., 0., 20., 122., 0., 0., 4., 1., 1., 6., 21., 0., 1.,
       3., 2., 104., 3., 1., 1., 0., 0., 2., 4., 151., 2., 0., 1., 3.,
       0., 0., 8., 30., 0., 0., 35., 149., 0., 0., 1., 0., 0., 0., 0.,
       0., 2., 3., 2., 80., 2., 0., 0., 1., 2., 1., 2., 151., 8., 0., 3.,
       5., 0., 0., 2., 20., 3., 0., 37., 140., 0., 0., 0., 26., 60., 3.,
       0., 0., 0., 0., 0., 120., 153., 0., 0., 2., 11., 1., 0., 40., 88.,
       1., 0., 3., 61., 55., 23., 8., 1., 0., 6., 13., 5., 22., 40., 6.,
       14., 4., 0., 0., 0., 0., 0., 119., 153., 1., 0., 0., 0., 0., 1.,
       153., 153., 1., 0., 0., 1., 2., 4., 21., 8., 1., 8., 51., 6., 3.,
       5., 3., 4., 2., 0., 0., 0., 0., 1., 153., 18., 1., 0., 0., 0., 0.,
       27., 153., 25., 0., 0., 0., 0., 0., 71., 31., 4., 1., 6., 59., 9.,
       0., 6., 4., 3., 0., 0., 0., 0., 0., 1., 153., 1., 0., 0., 0., 0.,
       0., 41., 153., 0., 0., 0., 1., 1., 0., 75., 9., 2., 2., 2., 17.,
       11., 0., 5., 4., 7., 1., 0., 0., 0., 0., 0., 141., 54., 1., 0.,
       0., 0., 0., 0., 141., 73., 0., 0., 25., 39., 5., 1., 4., 1., 0.,
       0., 25., 70., 70., 62., 4., 5., 1., 0., 0., 0., 0., 1., 141., 41.,
       1., 0., 0., 0., 0., 15., 141., 80., 0., 0., 0., 4., 2., 25., 21.,
       7., 1., 6., 8., 11., 18., 10., 8., 1., 0., 0., 0., 0., 0., 7.,
       128., 2., 0., 0., 0., 0., 0., 141., 141., 4., 0., 0., 0., 0., 0.,
       141., 19., 2., 1., 47., 40., 1., 1., 11., 29., 0., 0., 0., 0., 0.,
       1., 41., 138., 0., 0., 0., 0., 0., 0., 141., 45., 1., 0., 1., 4.,
       1., 1., 98., 1., 1., 0., 33., 115., 3., 0., 1., 3., 4., 1., 1.,
       0., 0., 1., 1., 91., 10., 2., 1., 0., 0., 0., 3., 163., 10., 0.,
       0., 34., 8., 0., 6., 11., 0., 0., 0., 163., 34., 0., 1., 1., 1.,
       0., 0., 0., 0., 1., 1., 111., 10., 0., 1., 1., 0., 0., 3., 163.,
       23., 0., 0., 34., 5., 0., 4., 20., 1., 0., 1., 163., 34., 0., 0.,
       2., 0., 0., 0., 0., 0., 1., 2., 106., 2., 0., 0., 0., 0., 1., 15.,
       163., 5., 0., 0., 28., 2., 0., 13., 25., 0., 0., 1., 163., 14.,
       0., 1., 2., 2., 0., 0., 0., 0., 1., 2., 86., 4., 0., 0., 0., 0.,
       0., 5., 163., 5., 0., 0., 23., 0., 0., 7., 20., 0., 0., 3., 163.,
       6., 0., 1., 35., 1., 1., 0., 0., 0., 0., 4., 160., 2., 0., 3.,
       27., 2., 0., 13., 25., 49., 26., 31., 138., 5., 0., 2., 2., 160.,
       18., 3., 6., 0., 0., 0., 46., 6., 0., 0., 1., 0., 0., 2., 160.,
       8., 0., 0., 41., 3., 0., 9., 33., 6., 2., 6., 160., 12., 0., 2.,
       1., 116., 12., 5., 27., 1., 0., 0., 48., 3., 0., 0., 1., 3., 2.,
       5., 160., 2., 0., 0., 41., 3., 0., 18., 31., 0., 0., 5., 160.,
       10., 0., 3., 0., 7., 5., 7., 38., 1., 0., 1., 41., 1., 0., 0., 1.,
