%YAML:1.0
tag: !!opencv-matrix
   rows: 26
   cols: 128
   dt: f
   data: [ 0., 0., 1., 4., 0., 3., 96., 77., 0., 0., 14., 13., 2., 64.,
       119., 5., 0., 2., 9., 2., 6., 121., 59., 0., 0., 0., 0., 0., 16.,
       89., 3., 0., 0., 0., 39., 121., 1., 0., 7., 10., 7., 19., 121.,
       121., 1., 4., 2., 0., 58., 81., 71., 10., 35., 57., 2., 1., 5.,
       3., 1., 10., 121., 75., 0., 0., 0., 0., 63., 121., 0., 0., 0., 0.,
       56., 13., 63., 78., 0., 0., 0., 22., 121., 33., 15., 42., 28., 0.,
       0., 28., 8., 3., 2., 90., 121., 1., 0., 0., 4., 2., 12., 35., 0.,
       0., 2., 26., 25., 1., 2., 9., 1., 0., 5., 121., 43., 4., 7., 114.,
       14., 0., 0., 40., 1., 1., 2., 80., 23., 0., 0., 0., 4., 3., 0.,
       0., 54., 69., 2., 1., 95., 49., 0., 0., 5., 8., 1., 1., 123.,
       104., 0., 0., 1., 0., 0., 0., 12., 10., 0., 1., 81., 25., 0., 0.,
       22., 36., 0., 0., 35., 104., 15., 1., 60., 12., 0., 0., 6., 87.,
       57., 14., 123., 55., 1., 1., 0., 2., 9., 31., 37., 12., 2., 50.,
       70., 4., 0., 1., 53., 123., 3., 0., 0., 23., 19., 4., 17., 64.,
       25., 0., 0., 82., 123., 25., 77., 6., 39., 41., 0., 7., 60., 91.,
       14., 2., 17., 123., 25., 0., 0., 4., 6., 77., 12., 0., 1., 1., 1.,
       1., 2., 123., 119., 2., 0., 1., 7., 2., 0., 13., 123., 77., 0.,
       0., 5., 3., 0., 0., 34., 101., 2., 0., 0., 0., 36., 27., 0., 0.,
       1., 1., 0., 1., 151., 95., 1., 1., 0., 0., 0., 1., 40., 30., 32.,
       8., 0., 19., 3., 0., 0., 16., 13., 1., 2., 129., 8., 0., 38., 11.,
       4., 1., 0., 0., 0., 0., 151., 23., 2., 5., 9., 0., 0., 4., 52.,
       38., 72., 79., 80., 0., 0., 1., 0., 151., 70., 12., 7., 13., 0.,
       0., 44., 4., 2., 1., 0., 0., 0., 2., 151., 8., 0., 1., 19., 1.,
       0., 19., 44., 10., 10., 25., 151., 8., 0., 4., 0., 149., 42., 10.,
       51., 1., 0., 0., 42., 2., 2., 0., 0., 0., 0., 6., 151., 0., 0.,
       0., 17., 2., 0., 33., 30., 0., 0., 3., 151., 9., 0., 5., 1., 15.,
       3., 4., 65., 1., 0., 0., 2., 1., 0., 0., 0., 0., 14., 57., 3., 1.,
       4., 3., 0., 0., 31., 132., 24., 17., 8., 2., 1., 0., 10., 132.,
       6., 3., 0., 23., 81., 1., 0., 11., 0., 0., 4., 28., 1., 0., 64.,
       132., 7., 10., 59., 132., 1., 0., 22., 91., 110., 75., 50., 28.,
       2., 0., 1., 11., 26., 8., 0., 26., 132., 1., 0., 1., 0., 0., 43.,
       132., 0., 0., 13., 26., 51., 7., 39., 132., 0., 0., 1., 3., 132.,
       19., 8., 10., 5., 0., 0., 7., 32., 3., 0., 26., 132., 1., 0., 1.,
       1., 0., 22., 75., 0., 0., 1., 2., 58., 2., 3., 9., 0., 0., 0., 3.,
       132., 5., 0., 0., 5., 0., 0., 6., 23., 1., 0., 2., 132., 6., 0.,
       1., 0., 0., 0., 0., 1., 45., 15., 0., 85., 4., 0., 0., 1., 8., 3.,
       3., 131., 15., 0., 4., 52., 0., 0., 1., 4., 1., 0., 11., 131., 2.,
       0., 0., 0., 2., 1., 0., 0., 131., 61., 0., 67., 6., 0., 0., 0.,
       125., 46., 7., 131., 21., 0., 3., 61., 8., 6., 10., 6., 1., 0.,
       5., 131., 10., 0., 0., 1., 98., 25., 0., 0., 57., 23., 0., 12.,
       18., 1., 0., 0., 131., 88., 13., 84., 1., 0., 0., 54., 36., 59.,
       58., 5., 0., 0., 0., 131., 29., 1., 2., 1., 131., 24., 0., 0., 0.,
       0., 0., 1., 131., 17., 0., 0., 17., 14., 1., 0., 25., 5., 0., 30.,
       28., 28., 8., 0., 0., 0., 0., 110., 83., 1., 0., 26., 5., 0., 0.,
       0., 0., 1., 8., 159., 30., 3., 5., 5., 0., 0., 15., 41., 73., 72.,
       39., 24., 0., 0., 1., 2., 122., 20., 1., 1., 16., 1., 0., 41.,
       10., 0., 0., 0., 0., 0., 3., 159., 10., 0., 2., 25., 4., 0., 13.,
       42., 42., 22., 30., 159., 20., 0., 3., 0., 159., 30., 5., 18., 1.,
       0., 0., 46., 3., 0., 0., 0., 0., 0., 2., 159., 13., 0., 0., 27.,
       2., 0., 11., 45., 3., 1., 3., 159., 13., 0., 3., 0., 72., 8., 3.,
       49., 1., 0., 0., 34., 1., 0., 0., 0., 0., 0., 5., 159., 2., 0.,
       0., 24., 1., 0., 22., 35., 0., 0., 3., 159., 7., 0., 4., 1., 2.,
       2., 3., 41., 2., 1., 0., 12., 5., 1., 0., 0., 0., 1., 4., 137.,
       1., 0., 1., 1., 0., 0., 117., 97., 0., 0., 118., 42., 0., 0., 82.,
       1., 0., 0., 137., 47., 0., 0., 1., 27., 1., 0., 1., 2., 7., 18.,
       16., 137., 11., 1., 12., 12., 2., 2., 54., 69., 4., 1., 137.,
       137., 0., 0., 16., 2., 1., 2., 77., 41., 1., 1., 2., 20., 14., 8.,
       14., 8., 6., 6., 8., 137., 109., 8., 26., 25., 2., 1., 3., 30.,
       30., 8., 95., 137., 1., 0., 1., 12., 0., 0., 8., 24., 2., 3., 48.,
       3., 8., 5., 4., 3., 0., 0., 0., 48., 83., 10., 8., 6., 0., 0., 0.,
       15., 42., 18., 29., 67., 4., 8., 24., 14., 5., 5., 2., 7., 2.,
       19., 137., 16., 8., 3., 75., 52., 29., 23., 6., 37., 8., 1., 2.,
       7., 98., 49., 17., 10., 2., 0., 0., 11., 75., 8., 6., 5., 1., 0.,
       1., 5., 14., 11., 6., 43., 18., 2., 63., 38., 2., 0., 1., 157.,
       42., 0., 0., 21., 91., 18., 21., 25., 5., 3., 1., 129., 157., 9.,
       10., 7., 7., 15., 19., 24., 11., 3., 5., 39., 4., 2., 10., 14.,
       2., 0., 7., 157., 12., 0., 0., 31., 16., 1., 44., 49., 1., 1., 3.,
       157., 107., 1., 8., 0., 1., 6., 8., 62., 17., 2., 0., 47., 1., 0.,
       0., 5., 1., 1., 33., 157., 0., 0., 2., 32., 2., 0., 116., 22., 0.,
       0., 29., 157., 7., 0., 9., 0., 0., 0., 7., 59., 5., 2., 0., 15.,
       0., 1., 0., 0., 1., 1., 29., 33., 0., 0., 2., 8., 7., 29., 91.,
       149., 2., 0., 2., 4., 4., 9., 22., 57., 2., 1., 2., 19., 0., 0.,
       2., 57., 0., 0., 2., 3., 1., 1., 120., 55., 5., 2., 66., 78., 5.,
       7., 91., 149., 11., 2., 20., 15., 1., 1., 13., 65., 5., 2., 3.,
       27., 1., 0., 3., 78., 0., 0., 27., 36., 1., 1., 147., 74., 4., 1.,
       128., 126., 0., 1., 25., 149., 7., 1., 10., 5., 0., 0., 30., 47.,
       8., 3., 9., 27., 0., 0., 2., 40., 0., 0., 59., 88., 0., 1., 63.,
       91., 3., 0., 73., 80., 0., 0., 11., 149., 1., 0., 1., 0., 0., 0.,
       38., 25., 3., 0., 6., 33., 0., 0., 5., 30., 2., 1., 25., 74., 21.,
       15., 62., 163., 18., 2., 13., 33., 10., 1., 14., 116., 8., 0., 1.,
       4., 4., 2., 4., 3., 1., 0., 5., 16., 4., 3., 2., 33., 5., 1.,
       117., 153., 3., 2., 30., 163., 23., 2., 26., 26., 0., 0., 21.,
       136., 15., 7., 2., 1., 1., 1., 7., 2., 5., 5., 5., 17., 6., 3.,
       2., 35., 4., 0., 117., 143., 0., 0., 7., 163., 16., 0., 7., 7.,
       0., 0., 26., 125., 11., 5., 3., 5., 1., 0., 4., 3., 10., 5., 6.,
       17., 1., 0., 1., 38., 2., 0., 46., 62., 0., 0., 8., 163., 7., 0.,
       0., 0., 0., 0., 36., 77., 10., 6., 2., 1., 1., 0., 8., 6., 4., 1.,
       2., 19., 0., 0., 0., 28., 1., 0., 0., 0., 0., 1., 5., 163., 0.,
       0., 0., 0., 0., 0., 31., 96., 0., 0., 1., 8., 3., 0., 11., 0., 0.,
       0., 10., 155., 4., 0., 0., 43., 2., 1., 0., 0., 0., 0., 2., 163.,
       2., 0., 0., 0., 0., 0., 21., 105., 1., 0., 0., 10., 6., 4., 17.,
       0., 0., 0., 3., 163., 10., 1., 0., 46., 1., 0., 0., 0., 0., 0.,
       2., 163., 7., 0., 0., 0., 0., 0., 7., 118., 6., 0., 1., 12., 3.,
       1., 4., 1., 0., 0., 1., 163., 9., 1., 1., 33., 1., 0., 0., 0., 0.,
       2., 2., 163., 9., 0., 0., 0., 0., 0., 2., 98., 3., 0., 0., 8., 2.,
       1., 3., 0., 0., 0., 3., 163., 9., 0., 0., 54., 12., 0., 0., 64.,
       27., 0., 1., 101., 34., 0., 0., 39., 26., 1., 2., 129., 78., 0.,
       0., 10., 5., 0., 0., 11., 5., 0., 0., 129., 56., 0., 0., 80., 47.,
       0., 0., 28., 36., 3., 1., 72., 11., 0., 0., 34., 99., 33., 16.,
       129., 44., 1., 4., 5., 3., 9., 28., 29., 8., 1., 39., 129., 8.,
       0., 0., 71., 95., 1., 0., 0., 7., 5., 3., 41., 93., 22., 0., 1.,
       62., 94., 28., 89., 12., 56., 60., 1., 6., 42., 77., 11., 3., 19.,
       129., 59., 0., 0., 1., 8., 36., 2., 0., 1., 2., 2., 3., 6., 116.,
       77., 2., 0., 0., 3., 2., 1., 14., 129., 67., 0., 0., 2., 2., 0.,
       0., 22., 80., 1., 0., 0., 0., 51., 32., 0., 1., 58., 14., 0., 1.,
       156., 122., 0., 1., 56., 17., 0., 0., 17., 9., 0., 2., 156., 65.,
       0., 0., 1., 1., 0., 4., 34., 5., 0., 1., 46., 6., 3., 1., 81.,
       100., 2., 4., 156., 36., 3., 21., 42., 4., 1., 15., 43., 8., 3.,
       91., 156., 10., 0., 1., 2., 1., 1., 8., 47., 3., 0., 3., 21., 31.,
