%YAML:1.0
tag: !!opencv-matrix
   rows: 154
   cols: 128
   dt: f
   data: [ 2., 3., 5., 3., 5., 7., 0., 0., 136., 8., 1., 1., 3., 5., 1.,
       5., 182., 17., 0., 0., 2., 0., 0., 1., 37., 3., 0., 0., 120., 11.,
       0., 0., 1., 3., 6., 2., 1., 6., 2., 1., 144., 21., 1., 1., 0., 1.,
       1., 3., 182., 30., 0., 0., 1., 0., 0., 6., 57., 3., 0., 0., 111.,
       25., 0., 3., 0., 1., 9., 7., 2., 4., 1., 0., 140., 15., 7., 2.,
       0., 1., 1., 6., 182., 11., 0., 0., 0., 0., 0., 11., 56., 4., 1.,
       5., 94., 9., 0., 3., 2., 2., 4., 5., 7., 10., 1., 1., 128., 11.,
       4., 2., 4., 3., 0., 5., 182., 7., 0., 0., 0., 0., 0., 14., 43.,
       4., 1., 6., 64., 8., 1., 4., 55., 8., 5., 4., 1., 2., 1., 3.,
       191., 15., 0., 0., 0., 0., 0., 17., 134., 7., 0., 0., 0., 2., 1.,
       24., 1., 1., 1., 2., 3., 5., 1., 1., 71., 7., 3., 1., 0., 3., 4.,
       13., 191., 10., 0., 0., 0., 0., 0., 48., 160., 9., 4., 1., 2., 2.,
       1., 23., 0., 1., 3., 6., 24., 6., 0., 1., 84., 18., 5., 2., 2.,
       1., 1., 6., 191., 40., 0., 0., 0., 0., 0., 13., 152., 28., 3., 0.,
       0., 0., 0., 7., 1., 1., 2., 5., 29., 3., 1., 1., 67., 7., 0., 1.,
       2., 2., 2., 11., 191., 14., 0., 0., 0., 0., 0., 18., 139., 5., 1.,
       7., 1., 0., 1., 15., 0., 0., 2., 22., 19., 1., 1., 1., 5., 5., 2.,
       1., 1., 1., 2., 1., 66., 11., 5., 0., 0., 0., 4., 13., 194., 1.,
       0., 0., 0., 0., 0., 60., 112., 1., 1., 0., 0., 0., 1., 17., 1.,
       1., 4., 3., 6., 3., 3., 1., 122., 19., 4., 1., 2., 5., 6., 10.,
       194., 29., 0., 0., 0., 0., 0., 35., 128., 10., 0., 0., 0., 0., 1.,
       10., 9., 2., 2., 1., 0., 2., 2., 3., 111., 8., 0., 0., 0., 2., 6.,
       20., 194., 23., 0., 0., 0., 0., 0., 24., 137., 9., 0., 0., 0., 0.,
       0., 8., 2., 1., 1., 0., 2., 5., 3., 1., 77., 20., 3., 0., 0., 0.,
       0., 2., 194., 40., 0., 0., 0., 0., 0., 6., 122., 9., 0., 0., 1.,
       0., 0., 7., 8., 7., 2., 0., 0., 0., 0., 1., 134., 9., 0., 0., 0.,
       0., 0., 21., 191., 20., 0., 0., 0., 0., 0., 23., 75., 19., 2., 1.,
       0., 0., 0., 2., 17., 5., 2., 0., 0., 0., 1., 5., 148., 37., 1.,
       0., 0., 0., 1., 7., 191., 49., 0., 0., 0., 0., 0., 17., 94., 14.,
       1., 2., 2., 1., 0., 14., 8., 9., 1., 0., 3., 3., 1., 2., 149.,
       19., 0., 0., 0., 0., 1., 22., 191., 18., 0., 0., 0., 0., 0., 38.,
       84., 9., 2., 1., 3., 1., 0., 13., 3., 4., 3., 4., 6., 2., 0., 0.,
       133., 21., 2., 0., 0., 0., 0., 4., 191., 14., 0., 0., 0., 0., 0.,
       14., 64., 6., 1., 0., 1., 0., 1., 7., 1., 1., 2., 2., 12., 6., 0.,
       0., 154., 7., 1., 0., 2., 1., 0., 8., 194., 8., 0., 0., 0., 0.,
       0., 21., 59., 6., 1., 3., 1., 0., 0., 5., 0., 0., 0., 3., 7., 4.,
       11., 3., 163., 13., 0., 0., 1., 2., 11., 15., 194., 34., 0., 0.,
       0., 0., 0., 13., 73., 4., 0., 0., 0., 0., 1., 17., 1., 2., 2., 2.,
       2., 0., 3., 2., 149., 10., 1., 1., 0., 0., 2., 18., 194., 11., 0.,
       0., 0., 0., 0., 29., 76., 7., 0., 1., 1., 0., 1., 6., 0., 1., 9.,
       9., 2., 0., 0., 0., 120., 30., 6., 3., 0., 0., 0., 1., 194., 24.,
       0., 0., 0., 0., 0., 4., 65., 3., 0., 0., 0., 0., 0., 2., 0., 0.,
       9., 10., 4., 0., 0., 0., 69., 20., 13., 5., 1., 0., 0., 0., 206.,
       21., 0., 0., 0., 0., 0., 9., 107., 1., 0., 0., 0., 0., 0., 5., 0.,
       0., 1., 6., 19., 4., 1., 0., 116., 10., 5., 4., 10., 3., 1., 5.,
       206., 8., 0., 0., 0., 0., 0., 29., 115., 3., 0., 0., 0., 0., 0.,
       9., 0., 0., 0., 1., 11., 24., 3., 0., 106., 1., 0., 0., 4., 9.,
       8., 26., 206., 24., 0., 0., 0., 0., 0., 18., 118., 11., 0., 0.,
       0., 0., 1., 3., 1., 2., 1., 6., 13., 10., 0., 0., 91., 8., 1., 2.,
       6., 2., 1., 8., 206., 4., 0., 0., 0., 0., 0., 18., 96., 4., 0.,
       0., 0., 0., 1., 7., 71., 5., 1., 1., 5., 2., 2., 5., 205., 14.,
       0., 0., 0., 0., 0., 19., 113., 9., 1., 3., 0., 0., 0., 9., 10.,
       1., 0., 1., 0., 0., 0., 4., 65., 5., 0., 0., 1., 2., 12., 11.,
       205., 27., 0., 0., 0., 0., 0., 25., 145., 6., 0., 0., 0., 0., 2.,
       24., 7., 3., 0., 0., 1., 0., 0., 5., 67., 14., 4., 3., 1., 0., 1.,
       5., 205., 24., 0., 0., 0., 0., 0., 22., 150., 11., 0., 1., 1., 0.,
       0., 5., 3., 6., 0., 0., 0., 0., 0., 0., 53., 15., 11., 5., 2., 0.,
       0., 0., 205., 23., 1., 0., 0., 0., 0., 9., 122., 2., 0., 0., 0.,
       0., 0., 4., 2., 2., 1., 0., 0., 0., 0., 0., 27., 10., 11., 5., 1.,
       0., 0., 0., 194., 21., 1., 0., 0., 0., 0., 10., 159., 2., 0., 0.,
       0., 0., 0., 8., 3., 2., 0., 0., 0., 0., 0., 0., 48., 6., 5., 5.,
       11., 3., 1., 3., 194., 8., 1., 0., 0., 0., 0., 33., 171., 3., 0.,
       0., 0., 0., 0., 15., 2., 2., 1., 0., 0., 0., 0., 1., 48., 1., 0.,
       0., 5., 10., 6., 15., 194., 14., 0., 0., 0., 0., 1., 26., 169.,
       12., 0., 0., 0., 0., 1., 5., 2., 1., 1., 0., 0., 1., 2., 2., 45.,
       4., 0., 3., 7., 3., 1., 6., 194., 4., 0., 0., 0., 0., 0., 28.,
       126., 4., 0., 0., 0., 0., 1., 12., 3., 3., 1., 0., 0., 1., 2., 1.,
       47., 2., 0., 0., 0., 0., 0., 2., 194., 2., 0., 0., 0., 0., 0.,
       15., 145., 6., 0., 0., 0., 0., 0., 11., 2., 2., 1., 2., 1., 1.,
       3., 4., 65., 9., 1., 2., 3., 0., 0., 2., 194., 7., 0., 0., 0., 0.,
       0., 24., 167., 9., 0., 0., 0., 0., 1., 18., 4., 3., 1., 2., 0.,
       0., 1., 3., 72., 7., 1., 3., 11., 0., 0., 1., 194., 13., 0., 0.,
       0., 0., 0., 9., 166., 14., 1., 2., 0., 0., 1., 7., 4., 3., 3., 6.,
       1., 0., 1., 2., 55., 1., 0., 0., 6., 3., 1., 4., 194., 7., 0., 0.,
       0., 0., 0., 8., 133., 4., 0., 0., 0., 0., 1., 6., 2., 1., 1., 2.,
       1., 1., 4., 3., 1., 1., 0., 0., 1., 4., 2., 1., 30., 0., 0., 0.,
       0., 2., 2., 24., 165., 0., 0., 0., 0., 0., 0., 122., 139., 0., 0.,
       0., 1., 4., 2., 80., 2., 0., 0., 0., 0., 1., 3., 9., 73., 4., 0.,
       1., 3., 1., 4., 13., 165., 5., 0., 0., 0., 0., 0., 48., 165., 1.,
       0., 0., 0., 0., 0., 25., 3., 2., 3., 2., 2., 0., 1., 7., 80., 4.,
       1., 5., 8., 0., 0., 6., 165., 34., 0., 0., 0., 0., 0., 5., 165.,
       29., 0., 0., 0., 0., 0., 3., 0., 2., 8., 4., 1., 0., 0., 0., 37.,
       18., 6., 3., 1., 0., 0., 0., 165., 121., 0., 0., 0., 0., 0., 0.,
       118., 89., 0., 0., 0., 0., 0., 0., 48., 1., 0., 1., 2., 2., 0.,
       10., 214., 13., 0., 0., 0., 0., 0., 32., 109., 14., 2., 5., 2.,
       2., 1., 7., 1., 1., 1., 4., 3., 2., 4., 1., 75., 7., 1., 0., 0.,
       0., 0., 4., 214., 8., 0., 0., 0., 0., 0., 26., 137., 5., 2., 2.,
       1., 3., 3., 17., 3., 1., 1., 3., 2., 3., 10., 10., 81., 6., 1.,
       1., 1., 1., 0., 7., 214., 13., 0., 0., 0., 0., 0., 28., 123., 21.,
       5., 0., 0., 1., 3., 12., 5., 6., 3., 8., 2., 0., 1., 4., 70., 15.,
       3., 3., 6., 0., 0., 2., 214., 19., 0., 0., 0., 0., 0., 21., 89.,
       10., 1., 1., 0., 0., 6., 14., 4., 2., 1., 4., 2., 1., 2., 3., 0.,
       0., 0., 0., 2., 8., 3., 0., 97., 2., 0., 0., 6., 9., 2., 26.,
       206., 3., 0., 0., 0., 0., 0., 54., 67., 6., 0., 1., 2., 1., 0.,
       9., 0., 0., 4., 5., 1., 1., 0., 0., 141., 16., 4., 3., 1., 3., 1.,
       10., 206., 30., 0., 0., 0., 0., 0., 21., 67., 9., 2., 2., 1., 1.,
       0., 8., 0., 0., 4., 5., 2., 2., 1., 1., 150., 7., 3., 3., 0., 1.,
       1., 11., 206., 14., 0., 0., 0., 0., 0., 24., 63., 9., 4., 0., 0.,
       0., 1., 4., 0., 0., 5., 4., 2., 1., 2., 1., 128., 9., 3., 4., 2.,
       3., 3., 5., 206., 23., 0., 0., 0., 0., 0., 3., 49., 5., 2., 0.,
       0., 0., 3., 4., 5., 2., 1., 1., 1., 1., 1., 0., 158., 31., 0., 0.,
       0., 0., 0., 0., 158., 39., 0., 0., 0., 0., 0., 0., 20., 4., 0.,
       3., 4., 0., 0., 0., 3., 2., 1., 1., 1., 1., 3., 3., 158., 34., 0.,
       0., 0., 0., 3., 26., 158., 60., 0., 0., 0., 0., 0., 18., 35., 4.,
       0., 2., 5., 4., 0., 2., 13., 7., 2., 1., 0., 0., 1., 15., 131.,
       3., 0., 0., 0., 0., 1., 158., 158., 4., 0., 0., 0., 0., 0., 158.,
       23., 1., 2., 7., 3., 2., 0., 6., 26., 1., 0., 0., 0., 0., 1.,
       115., 80., 0., 0., 0., 0., 0., 0., 158., 28., 1., 2., 1., 1., 1.,
       0., 110., 2., 2., 3., 1., 2., 3., 1., 2., 34., 3., 3., 5., 1., 1.,
