%YAML:1.0
tag: !!opencv-matrix
   rows: 78
   cols: 128
   dt: f
   data: [ 0., 0., 0., 22., 106., 1., 0., 0., 12., 2., 1., 2., 5., 0.,
       1., 12., 56., 0., 0., 0., 0., 0., 7., 138., 15., 0., 0., 0., 0.,
       0., 67., 138., 0., 0., 0., 5., 133., 3., 0., 0., 83., 3., 1., 2.,
       9., 0., 0., 15., 138., 7., 0., 0., 0., 0., 0., 129., 85., 9., 0.,
       0., 0., 0., 3., 65., 0., 0., 0., 3., 130., 11., 1., 0., 84., 16.,
       0., 1., 8., 3., 2., 2., 138., 129., 0., 0., 0., 0., 0., 4., 78.,
       82., 1., 0., 0., 0., 0., 0., 0., 0., 0., 0., 98., 34., 0., 0.,
       14., 14., 0., 2., 11., 4., 1., 0., 87., 138., 4., 0., 0., 0., 0.,
       0., 26., 138., 39., 0., 0., 0., 0., 0., 0., 0., 1., 0., 0., 3.,
       8., 3., 23., 0., 1., 0., 0., 4., 5., 26., 136., 0., 0., 0., 0.,
       0., 0., 152., 52., 0., 0., 0., 0., 0., 5., 152., 1., 1., 0., 1.,
       1., 3., 4., 3., 97., 0., 0., 0., 0., 3., 2., 32., 152., 4., 0.,
       0., 0., 0., 0., 150., 94., 5., 0., 0., 0., 0., 0., 70., 2., 2.,
       1., 1., 0., 1., 2., 4., 109., 17., 0., 0., 0., 0., 1., 7., 152.,
       110., 0., 0., 0., 0., 0., 6., 81., 74., 3., 0., 0., 0., 0., 2.,
       1., 1., 1., 2., 3., 6., 1., 1., 24., 30., 3., 1., 1., 0., 0., 0.,
       122., 152., 0., 0., 0., 0., 0., 0., 26., 152., 16., 0., 0., 0.,
       0., 0., 0., 0., 2., 4., 5., 2., 1., 0., 35., 0., 0., 1., 2., 0.,
       0., 28., 153., 0., 0., 0., 0., 0., 0., 153., 140., 1., 0., 0., 0.,
       0., 0., 83., 0., 0., 1., 1., 1., 1., 4., 4., 103., 1., 0., 0., 0.,
       0., 3., 19., 153., 11., 0., 0., 0., 0., 0., 74., 136., 10., 0.,
       0., 0., 0., 0., 36., 1., 0., 0., 0., 2., 7., 5., 2., 91., 11., 0.,
       0., 0., 1., 1., 12., 153., 104., 0., 0., 0., 0., 0., 6., 107.,
       90., 5., 0., 0., 0., 0., 1., 0., 0., 0., 0., 7., 12., 0., 0., 23.,
       27., 0., 0., 2., 2., 0., 0., 121., 153., 1., 0., 0., 0., 0., 0.,
       37., 153., 33., 0., 0., 0., 0., 0., 1., 0., 0., 36., 24., 0., 0.,
       0., 39., 0., 0., 3., 1., 0., 0., 32., 114., 0., 0., 0., 0., 0.,
       9., 153., 20., 0., 0., 0., 0., 0., 60., 153., 2., 1., 0., 10.,
       21., 1., 0., 0., 134., 9., 0., 0., 0., 0., 0., 13., 153., 2., 0.,
       0., 0., 0., 0., 91., 89., 0., 0., 0., 0., 0., 3., 73., 1., 0., 0.,
       5., 9., 3., 0., 0., 134., 20., 0., 1., 0., 1., 0., 1., 153., 69.,
       0., 0., 0., 0., 0., 8., 124., 17., 0., 0., 0., 0., 0., 7., 0., 0.,
       1., 8., 3., 0., 0., 0., 40., 35., 1., 2., 1., 0., 0., 0., 153.,
       151., 0., 0., 0., 0., 0., 0., 119., 62., 0., 0., 0., 0., 0., 0.,
       3., 4., 0., 0., 3., 2., 2., 1., 99., 95., 0., 0., 0., 0., 0., 1.,
       167., 157., 0., 0., 0., 0., 0., 0., 51., 24., 0., 0., 0., 0., 0.,
       1., 2., 1., 0., 0., 8., 4., 0., 1., 136., 14., 0., 0., 0., 0., 0.,
       6., 167., 48., 0., 0., 0., 0., 0., 2., 115., 20., 0., 0., 0., 0.,
       0., 2., 3., 1., 0., 5., 4., 1., 0., 1., 127., 2., 0., 0., 0., 0.,
       0., 27., 167., 12., 0., 0., 0., 0., 0., 21., 140., 4., 0., 0., 0.,
       0., 0., 6., 6., 0., 0., 4., 1., 0., 0., 5., 109., 0., 0., 0., 0.,
       0., 0., 54., 167., 3., 0., 0., 0., 0., 0., 87., 95., 2., 0., 0.,
       0., 0., 0., 18., 0., 1., 3., 3., 11., 1., 0., 1., 14., 4., 1., 0.,
       0., 0., 0., 12., 141., 0., 0., 0., 0., 0., 0., 141., 108., 0., 0.,
       0., 0., 0., 1., 141., 3., 1., 1., 2., 13., 3., 1., 4., 60., 2.,
       1., 1., 0., 0., 1., 22., 141., 20., 0., 0., 0., 0., 0., 109.,
       141., 29., 1., 0., 0., 0., 0., 31., 5., 2., 1., 1., 19., 27., 1.,
       1., 69., 15., 2., 1., 1., 0., 0., 3., 141., 141., 0., 0., 0., 0.,
       0., 4., 88., 141., 12., 0., 0., 0., 0., 0., 0., 1., 1., 0., 46.,
       90., 1., 0., 18., 14., 2., 0., 2., 6., 2., 3., 59., 141., 1., 0.,
       0., 0., 0., 0., 18., 141., 71., 0., 0., 0., 0., 0., 1., 1., 1.,
       3., 1., 1., 0., 1., 83., 13., 0., 0., 0., 0., 0., 5., 191., 22.,
       0., 0., 0., 0., 0., 15., 117., 6., 0., 0., 0., 0., 0., 6., 1., 2.,
       1., 1., 1., 1., 2., 1., 120., 13., 2., 1., 1., 0., 0., 6., 191.,
       12., 0., 0., 0., 0., 0., 31., 136., 9., 0., 0., 0., 0., 0., 5.,
       0., 2., 3., 1., 3., 3., 2., 1., 113., 13., 1., 1., 2., 2., 1.,
       12., 191., 52., 0., 0., 0., 0., 0., 5., 143., 19., 0., 0., 0., 0.,
       0., 1., 1., 3., 6., 2., 1., 1., 1., 0., 63., 19., 6., 2., 0., 0.,
       1., 6., 191., 35., 0., 0., 0., 0., 0., 7., 130., 14., 0., 0., 0.,
       0., 0., 1., 63., 5., 0., 0., 0., 0., 0., 2., 182., 22., 0., 0.,
       0., 0., 0., 1., 137., 15., 0., 0., 0., 0., 0., 1., 4., 2., 0., 0.,
       0., 0., 1., 1., 60., 8., 0., 0., 0., 3., 3., 1., 182., 33., 0.,
       0., 0., 0., 0., 1., 182., 19., 0., 0., 0., 0., 0., 2., 8., 3., 0.,
       0., 1., 1., 1., 2., 47., 5., 1., 0., 0., 1., 0., 2., 182., 25.,
       0., 0., 0., 0., 0., 2., 182., 13., 0., 0., 0., 0., 0., 9., 10.,
       2., 1., 1., 1., 0., 0., 3., 30., 8., 0., 0., 0., 1., 3., 1., 182.,
       44., 0., 0., 0., 0., 0., 4., 165., 35., 0., 0., 0., 0., 0., 4.,
       7., 4., 0., 1., 1., 0., 0., 2., 1., 2., 2., 1., 0., 1., 1., 0.,
       24., 2., 1., 0., 1., 1., 1., 22., 134., 0., 0., 0., 0., 0., 1.,
       153., 57., 0., 0., 0., 0., 0., 1., 153., 2., 4., 5., 1., 0., 0.,
       0., 1., 109., 2., 1., 0., 0., 0., 0., 23., 153., 9., 0., 0., 0.,
       0., 0., 110., 101., 6., 0., 0., 0., 0., 0., 68., 4., 3., 2., 0.,
       0., 1., 0., 2., 123., 17., 0., 0., 0., 0., 0., 5., 153., 118., 0.,
       0., 0., 0., 0., 2., 98., 100., 3., 0., 0., 0., 0., 2., 2., 1., 0.,
       0., 1., 10., 3., 3., 39., 25., 0., 0., 0., 0., 1., 6., 83., 153.,
       1., 0., 0., 0., 0., 0., 19., 153., 35., 0., 0., 0., 0., 0., 0.,
       0., 0., 2., 19., 34., 2., 0., 5., 0., 1., 2., 3., 3., 3., 16., 6.,
       0., 0., 0., 0., 2., 63., 85., 0., 0., 0., 0., 0., 0., 135., 95.,
       0., 0., 0., 1., 99., 61., 0., 0., 70., 8., 2., 2., 9., 7., 2.,
       23., 135., 8., 0., 0., 0., 0., 43., 135., 38., 5., 0., 0., 0., 0.,
       115., 135., 0., 0., 0., 5., 135., 74., 0., 0., 91., 11., 0., 2.,
       26., 15., 1., 11., 135., 61., 0., 0., 0., 0., 0., 13., 113., 47.,
       0., 0., 0., 0., 1., 8., 0., 0., 0., 65., 115., 7., 0., 0., 41.,
       19., 0., 10., 26., 1., 0., 1., 135., 66., 0., 0., 0., 0., 0., 4.,
       133., 20., 0., 0., 0., 0., 0., 3., 0., 0., 0., 0., 1., 2., 4., 1.,
       17., 2., 0., 0., 2., 2., 1., 13., 117., 1., 0., 0., 0., 0., 2.,
       156., 38., 0., 0., 0., 0., 0., 10., 156., 0., 1., 3., 2., 1., 1.,
       1., 0., 74., 2., 1., 1., 1., 1., 1., 13., 156., 7., 0., 0., 0.,
       0., 0., 121., 116., 13., 0., 0., 0., 0., 0., 65., 0., 0., 1., 1.,
       2., 4., 4., 0., 80., 12., 0., 0., 1., 2., 2., 2., 156., 140., 0.,
       0., 0., 0., 0., 6., 66., 144., 5., 0., 0., 0., 0., 1., 1., 0., 0.,
       1., 3., 11., 8., 1., 16., 13., 0., 0., 2., 5., 3., 1., 80., 156.,
       5., 0., 0., 0., 0., 0., 12., 156., 64., 0., 0., 0., 0., 0., 1.,
       0., 0., 8., 4., 2., 4., 1., 12., 0., 0., 0., 0., 1., 3., 15.,
       114., 0., 0., 0., 0., 0., 1., 147., 60., 0., 0., 0., 0., 0., 0.,
       147., 0., 1., 1., 2., 2., 3., 6., 1., 73., 3., 1., 1., 1., 4., 2.,
       21., 147., 16., 0., 0., 0., 0., 0., 147., 82., 13., 2., 0., 0.,
       0., 1., 68., 1., 2., 2., 3., 5., 6., 0., 0., 62., 27., 2., 2., 2.,
       1., 0., 1., 147., 147., 3., 0., 0., 0., 0., 6., 36., 147., 53.,
       2., 0., 0., 0., 1., 1., 1., 0., 0., 9., 57., 3., 0., 4., 10., 1.,
       1., 1., 7., 3., 0., 16., 147., 15., 0., 0., 0., 2., 0., 1., 147.,
       144., 6., 0., 0., 0., 0., 0., 0., 0., 2., 7., 2., 0., 0., 105.,
       1., 0., 1., 1., 0., 0., 11., 191., 0., 0., 0., 0., 0., 0., 47.,
       79., 2., 0., 0., 0., 0., 0., 8., 0., 0., 0., 1., 5., 3., 1., 0.,
       152., 4., 0., 0., 0., 2., 1., 8., 191., 6., 0., 0., 0., 0., 0.,
       29., 75., 1., 0., 0., 0., 0., 0., 12., 1., 0., 0., 1., 4., 5., 3.,
       1., 148., 4., 0., 0., 0., 1., 1., 9., 191., 41., 0., 0., 0., 0.,
       0., 7., 71., 18., 1., 0., 0., 0., 0., 2., 0., 0., 0., 2., 11.,
       14., 2., 0., 76., 20., 0., 0., 2., 1., 0., 2., 191., 150., 0., 0.,
