%YAML:1.0
tag: !!opencv-matrix
   rows: 132
   cols: 128
   dt: f
   data: [ 0., 132., 132., 4., 0., 0., 0., 0., 0., 132., 76., 0., 0., 0.,
       0., 0., 0., 41., 13., 0., 0., 0., 0., 0., 0., 2., 0., 0., 0., 0.,
       0., 0., 0., 101., 69., 4., 0., 0., 0., 0., 33., 132., 108., 0.,
       0., 0., 0., 2., 108., 132., 22., 0., 0., 0., 0., 3., 11., 14.,
       16., 1., 0., 0., 0., 0., 4., 5., 2., 0., 0., 0., 0., 3., 132.,
       44., 7., 0., 0., 0., 0., 58., 132., 67., 90., 25., 0., 0., 0.,
       36., 9., 12., 132., 46., 0., 0., 0., 0., 9., 2., 0., 0., 0., 0.,
       0., 2., 69., 40., 31., 4., 0., 0., 0., 17., 23., 23., 132., 71.,
       0., 0., 0., 4., 0., 1., 132., 47., 0., 0., 0., 0., 3., 3., 18.,
       5., 0., 0., 0., 0., 150., 72., 4., 0., 0., 0., 0., 0., 150., 94.,
       0., 0., 0., 0., 0., 0., 17., 6., 0., 0., 0., 0., 0., 0., 1., 0.,
       0., 0., 0., 0., 12., 13., 137., 26., 0., 0., 0., 0., 28., 66.,
       150., 61., 0., 0., 0., 0., 3., 62., 44., 7., 0., 0., 0., 0., 0.,
       3., 36., 24., 2., 0., 0., 0., 25., 73., 51., 59., 9., 0., 0., 0.,
       100., 150., 113., 35., 3., 0., 0., 0., 19., 150., 20., 3., 0., 0.,
       0., 0., 0., 11., 17., 58., 17., 0., 2., 11., 1., 4., 20., 150.,
       73., 0., 0., 0., 2., 16., 19., 150., 33., 0., 0., 0., 1., 12.,
       11., 62., 0., 0., 0., 0., 0., 1., 1., 98., 144., 0., 0., 0., 0.,
       0., 47., 144., 95., 0., 0., 0., 0., 0., 27., 44., 13., 10., 0.,
       0., 0., 0., 0., 0., 52., 35., 0., 0., 0., 0., 28., 33., 40., 0.,
       0., 0., 0., 4., 144., 109., 23., 7., 0., 0., 0., 22., 86., 39.,
       100., 144., 0., 0., 0., 1., 0., 0., 144., 144., 0., 0., 0., 0.,
       48., 5., 0., 0., 0., 0., 0., 7., 144., 57., 56., 57., 0., 0., 0.,
       18., 15., 11., 80., 144., 0., 0., 0., 0., 0., 0., 36., 84., 0.,
       0., 0., 0., 10., 10., 1., 0., 0., 0., 0., 0., 13., 31., 45., 28.,
       0., 0., 0., 1., 0., 0., 12., 50., 0., 0., 7., 2., 0., 0., 0., 2.,
       0., 2., 9., 0., 10., 0., 0., 3., 17., 1., 3., 12., 10., 0., 0.,
       0., 0., 31., 46., 27., 0., 0., 0., 0., 0., 45., 10., 0., 0., 0.,
       0., 0., 0., 1., 1., 21., 53., 7., 0., 5., 5., 0., 0., 6., 148.,
       12., 0., 0., 0., 68., 58., 60., 10., 0., 0., 0., 0., 148., 90.,
       15., 0., 0., 0., 0., 0., 25., 73., 148., 48., 6., 0., 0., 0., 0.,
       0., 1., 148., 21., 0., 0., 0., 11., 12., 30., 84., 1., 0., 0., 0.,
       148., 148., 31., 0., 0., 0., 0., 0., 27., 148., 139., 40., 0., 0.,
       0., 0., 0., 0., 21., 148., 1., 0., 0., 0., 0., 0., 97., 84., 0.,
       0., 0., 0., 3., 13., 28., 0., 0., 0., 0., 0., 1., 16., 7., 2.,
       45., 136., 33., 4., 0., 0., 0., 63., 136., 82., 0., 0., 0., 0.,
       0., 36., 43., 11., 15., 0., 0., 0., 0., 0., 0., 53., 60., 0., 0.,
       0., 0., 27., 13., 21., 17., 20., 0., 0., 4., 136., 65., 16., 7.,
       0., 0., 0., 22., 81., 28., 76., 136., 0., 0., 0., 2., 0., 0.,
       116., 136., 0., 0., 0., 0., 36., 5., 0., 4., 14., 0., 0., 3.,
       136., 60., 55., 42., 0., 0., 0., 9., 11., 11., 66., 136., 1., 0.,
       6., 13., 0., 0., 15., 62., 0., 0., 53., 51., 5., 6., 1., 1., 5.,
       0., 0., 0., 10., 24., 31., 12., 0., 0., 0., 26., 2., 0., 11., 22.,
       0., 0., 31., 136., 0., 0., 0., 0., 0., 0., 98., 136., 2., 0., 0.,
       0., 89., 43., 2., 6., 5., 0., 0., 0., 1., 17., 33., 21., 1., 17.,
       0., 0., 0., 31., 11., 0., 15., 123., 0., 0., 0., 1., 0., 2., 26.,
       2., 0., 4., 139., 17., 0., 5., 136., 5., 0., 0., 4., 45., 51.,
       64., 9., 0., 0., 0., 0., 139., 62., 13., 18., 8., 0., 0., 0., 30.,
       43., 95., 30., 4., 0., 40., 139., 0., 0., 0., 139., 15., 0., 1.,
       3., 9., 9., 22., 77., 1., 0., 0., 0., 139., 108., 23., 0., 0., 0.,
       0., 0., 42., 139., 119., 28., 0., 0., 44., 44., 0., 0., 7., 139.,
       1., 0., 0., 0., 0., 0., 50., 91., 0., 0., 0., 0., 6., 15., 20.,
       0., 0., 0., 0., 0., 3., 25., 9., 0., 0., 0., 0., 0., 0., 0., 0.,
       10., 0., 0., 0., 0., 0., 1., 17., 14., 0., 0., 0., 0., 0., 88.,
       110., 0., 0., 0., 0., 0., 0., 154., 51., 0., 0., 0., 0., 0., 0.,
       0., 0., 104., 0., 0., 0., 0., 0., 0., 22., 154., 2., 0., 0., 0.,
       0., 52., 154., 30., 0., 0., 0., 0., 0., 154., 75., 0., 0., 0., 0.,
       0., 0., 0., 0., 116., 17., 0., 0., 0., 0., 0., 1., 154., 97., 0.,
       0., 0., 0., 0., 6., 70., 26., 0., 0., 0., 0., 2., 4., 0., 0., 0.,
       0., 0., 0., 0., 0., 27., 20., 0., 0., 0., 0., 0., 0., 140., 154.,
       5., 0., 0., 0., 0., 0., 26., 154., 55., 0., 0., 0., 0., 0., 1.,
       19., 142., 57., 0., 0., 0., 0., 40., 142., 103., 3., 0., 0., 3.,
       0., 26., 32., 1., 0., 0., 1., 8., 0., 0., 0., 0., 0., 0., 0., 10.,
       0., 30., 25., 117., 34., 0., 0., 0., 2., 142., 110., 28., 1., 0.,
       0., 0., 7., 142., 19., 0., 0., 0., 0., 0., 3., 1., 0., 0., 0., 0.,
       0., 0., 0., 25., 1., 1., 1., 0., 0., 69., 83., 142., 1., 0., 0.,
       0., 0., 26., 142., 119., 0., 0., 0., 0., 0., 0., 30., 1., 0., 0.,
       0., 0., 0., 0., 0., 0., 0., 0., 0., 0., 0., 142., 140., 20., 0.,
       0., 0., 0., 0., 72., 142., 13., 0., 0., 0., 0., 0., 1., 23., 0.,
       0., 0., 0., 0., 0., 0., 0., 2., 145., 145., 0., 0., 0., 0., 0.,
       36., 145., 66., 0., 0., 0., 0., 0., 16., 21., 0., 0., 0., 0., 0.,
       0., 0., 0., 0., 0., 0., 0., 0., 0., 43., 67., 45., 0., 0., 1., 4.,
       2., 145., 141., 12., 0., 0., 0., 0., 3., 111., 17., 0., 0., 0.,
       0., 0., 0., 1., 0., 0., 0., 0., 0., 0., 0., 31., 1., 0., 0., 0.,
       49., 145., 36., 145., 2., 0., 0., 0., 1., 42., 145., 105., 0., 0.,
       0., 0., 0., 0., 19., 0., 0., 0., 0., 0., 0., 0., 0., 0., 0., 4.,
       2., 0., 48., 145., 17., 22., 0., 18., 3., 0., 2., 88., 119., 12.,
       0., 37., 6., 0., 0., 0., 18., 0., 0., 45., 2., 0., 0., 0., 0., 1.,
       1., 62., 12., 0., 0., 0., 0., 134., 69., 31., 2., 0., 0., 0., 0.,
       155., 87., 1., 0., 0., 0., 0., 0., 17., 4., 0., 0., 0., 0., 0.,
       0., 1., 0., 0., 0., 0., 0., 7., 8., 143., 18., 0., 0., 0., 0.,
       22., 44., 155., 51., 0., 0., 0., 0., 2., 43., 38., 5., 0., 0., 0.,
       0., 0., 1., 34., 19., 1., 0., 0., 2., 15., 46., 66., 65., 5., 0.,
       0., 0., 96., 155., 146., 31., 1., 0., 0., 0., 22., 155., 19., 2.,
       0., 0., 0., 0., 0., 9., 14., 37., 6., 0., 15., 31., 1., 2., 27.,
       155., 35., 0., 0., 0., 2., 18., 45., 155., 8., 0., 0., 0., 1.,
       17., 13., 31., 0., 0., 0., 0., 0., 1., 106., 72., 0., 0., 0., 0.,
       0., 1., 70., 128., 13., 0., 0., 0., 0., 1., 0., 17., 9., 1., 77.,
       15., 0., 0., 0., 0., 0., 0., 133., 42., 0., 0., 14., 60., 3., 0.,
       0., 1., 0., 0., 25., 133., 74., 0., 0., 0., 0., 0., 78., 133.,
       34., 1., 41., 14., 0., 2., 5., 3., 0., 0., 133., 89., 0., 0., 0.,
       2., 1., 0., 2., 27., 2., 0., 94., 30., 7., 0., 0., 1., 0., 11.,
       133., 31., 1., 0., 8., 7., 0., 36., 16., 1., 0., 0., 119., 123.,
       0., 3., 0., 0., 0., 0., 1., 133., 54., 0., 73., 0., 0., 0., 0.,
       27., 57., 49., 133., 0., 0., 0., 0., 1., 3., 67., 9., 0., 0., 0.,
       21., 58., 0., 2., 0., 0., 0., 43., 53., 0., 0., 0., 46., 1., 0.,
       1., 1., 0., 0., 23., 138., 2., 0., 0., 0., 0., 4., 138., 10., 0.,
       0., 1., 0., 3., 25., 58., 0., 0., 0., 6., 61., 5., 1., 2., 91.,
       7., 0., 0., 0., 0., 7., 38., 138., 27., 0., 2., 0., 0., 2., 55.,
       23., 3., 6., 73., 0., 0., 0., 3., 0., 0., 0., 0., 43., 51., 80.,
       58., 14., 0., 0., 0., 0., 0., 125., 138., 74., 3., 1., 72., 9.,
       0., 33., 138., 7., 1., 6., 138., 8., 0., 0., 3., 0., 0., 0., 0.,
       3., 33., 110., 53., 0., 0., 0., 17., 11., 0., 56., 83., 0., 0.,
       0., 138., 70., 0., 8., 12., 1., 0., 0., 138., 20., 0., 0., 1.,
       112., 79., 0., 0., 0., 0., 0., 1., 73., 138., 11., 0., 0., 0., 0.,
       1., 0., 20., 8., 1., 56., 7., 0., 0., 0., 0., 0., 0., 138., 32.,
       0., 0., 15., 68., 4., 0., 0., 0., 0., 0., 23., 138., 70., 0., 0.,
       0., 0., 0., 71., 138., 34., 1., 32., 7., 0., 1., 6., 4., 0., 0.,
       138., 72., 0., 0., 0., 3., 1., 0., 1., 12., 1., 0., 95., 39., 8.,
       0., 0., 0., 0., 13., 138., 41., 2., 0., 7., 5., 0., 43., 20., 1.,
