%YAML:1.0
tag: !!opencv-matrix
   rows: 116
   cols: 128
   dt: f
   data: [ 0., 0., 0., 0., 0., 126., 62., 0., 46., 36., 0., 0., 0., 54.,
       44., 6., 126., 73., 0., 0., 7., 4., 4., 10., 11., 3., 0., 0.,
       126., 41., 0., 1., 0., 17., 18., 11., 8., 86., 34., 0., 25., 7.,
       4., 65., 65., 106., 54., 7., 126., 31., 3., 10., 12., 7., 6., 21.,
       23., 3., 0., 6., 126., 12., 0., 2., 0., 95., 113., 50., 7., 1.,
       0., 0., 50., 7., 30., 126., 45., 1., 0., 9., 126., 13., 2., 12.,
       8., 0., 0., 39., 22., 1., 0., 25., 126., 0., 0., 3., 0., 19., 33.,
       8., 1., 5., 0., 0., 77., 1., 14., 21., 1., 0., 0., 40., 126., 0.,
       0., 6., 12., 0., 0., 66., 6., 0., 0., 54., 126., 0., 0., 2., 0.,
       0., 0., 0., 0., 0., 0., 1., 6., 0., 0., 0., 0., 0., 4., 74., 5.,
       0., 0., 0., 0., 0., 101., 151., 0., 0., 0., 0., 0., 1., 151., 80.,
       12., 0., 0., 0., 0., 0., 0., 6., 151., 4., 0., 0., 0., 0., 0.,
       151., 69., 1., 0., 0., 0., 0., 25., 151., 0., 0., 0., 0., 0., 0.,
       45., 31., 24., 3., 0., 0., 0., 0., 0., 1., 151., 55., 0., 0., 0.,
       0., 0., 24., 151., 39., 0., 0., 0., 0., 0., 19., 1., 1., 0., 0.,
       0., 0., 0., 0., 8., 4., 0., 0., 0., 0., 0., 0., 124., 151., 0.,
       0., 0., 0., 0., 0., 66., 151., 9., 0., 0., 0., 0., 0., 2., 31.,
       16., 0., 0., 0., 0., 0., 67., 0., 0., 8., 11., 0., 0., 67., 92.,
       0., 4., 14., 36., 16., 1., 96., 18., 18., 18., 41., 66., 51., 52.,
       29., 59., 27., 5., 21., 24., 9., 18., 43., 118., 1., 0., 7., 12.,
       5., 1., 118., 54., 18., 49., 117., 38., 8., 1., 45., 61., 83.,
       44., 25., 16., 24., 48., 17., 10., 3., 2., 118., 75., 1., 17.,
       23., 82., 42., 39., 36., 22., 28., 2., 38., 50., 15., 31., 118.,
       78., 0., 0., 10., 118., 37., 8., 26., 28., 0., 0., 24., 18., 2.,
       1., 68., 118., 1., 0., 4., 2., 22., 26., 12., 11., 118., 18., 0.,
       35., 10., 16., 35., 6., 45., 53., 6., 97., 70., 23., 24., 12., 2.,
       30., 20., 3., 5., 10., 56., 66., 6., 35., 36., 8., 2., 24., 84.,
       11., 29., 33., 15., 19., 3., 58., 32., 21., 48., 11., 13., 48.,
       25., 47., 1., 8., 18., 42., 70., 1., 84., 34., 3., 33., 32., 19.,
       4., 118., 34., 3., 7., 28., 47., 23., 18., 53., 4., 0., 0., 105.,
       123., 16., 13., 123., 13., 0., 0., 45., 28., 16., 47., 10., 15.,
       4., 2., 123., 45., 4., 2., 123., 100., 0., 1., 7., 11., 0., 7.,
       34., 18., 11., 21., 30., 123., 52., 18., 65., 26., 21., 8., 37.,
       24., 43., 76., 5., 3., 0., 0., 123., 38., 0., 3., 123., 16., 0.,
       2., 4., 2., 0., 32., 34., 9., 23., 80., 55., 29., 8., 10., 66.,
       70., 43., 27., 22., 11., 12., 20., 17., 9., 0., 0., 123., 27., 0.,
       3., 7., 0., 0., 0., 0., 0., 0., 4., 116., 0., 0., 0., 1., 0., 0.,
       108., 62., 0., 0., 82., 56., 0., 1., 98., 1., 0., 2., 113., 35.,
       2., 32., 43., 30., 1., 0., 0., 0., 0., 0., 5., 129., 5., 0., 2.,
       12., 0., 0., 74., 74., 2., 0., 51., 129., 2., 1., 38., 72., 5.,
       1., 21., 31., 1., 26., 129., 30., 7., 0., 0., 0., 0., 0., 0.,
       129., 64., 0., 0., 13., 1., 0., 6., 81., 31., 0., 4., 129., 28.,
       0., 3., 121., 73., 2., 12., 38., 11., 1., 11., 8., 5., 0., 0., 0.,
       0., 0., 0., 127., 99., 0., 0., 1., 0., 0., 0., 62., 76., 0., 0.,
       59., 75., 1., 0., 59., 57., 5., 0., 15., 61., 9., 3., 86., 0., 0.,
       0., 0., 0., 0., 54., 76., 0., 0., 55., 44., 0., 0., 89., 21., 0.,
       2., 90., 40., 1., 25., 78., 3., 2., 9., 12., 1., 14., 118., 51.,
       118., 2., 0., 1., 1., 0., 0., 28., 106., 3., 1., 54., 118., 6.,
       0., 18., 118., 7., 2., 34., 45., 4., 3., 51., 25., 26., 48., 62.,
       23., 15., 19., 25., 118., 41., 0., 0., 1., 0., 0., 1., 100., 31.,
       0., 4., 108., 63., 1., 4., 118., 28., 14., 3., 35., 41., 5., 14.,
       21., 15., 51., 10., 19., 49., 52., 22., 61., 58., 0., 0., 0., 0.,
       0., 0., 74., 118., 0., 0., 19., 47., 1., 0., 18., 35., 45., 9.,
       35., 93., 3., 1., 2., 11., 118., 9., 4., 21., 8., 1., 3., 0., 1.,
       5., 0., 0., 17., 124., 0., 0., 22., 54., 1., 1., 70., 113., 0.,
       6., 90., 46., 1., 3., 81., 20., 0., 37., 75., 1., 0., 16., 66.,
       2., 21., 2., 10., 97., 20., 0., 1., 124., 72., 12., 37., 110., 6.,
       2., 30., 46., 13., 8., 35., 39., 7., 11., 124., 27., 3., 33., 32.,
       2., 8., 59., 112., 6., 28., 4., 3., 113., 106., 0., 0., 15., 124.,
       18., 5., 29., 18., 3., 2., 12., 59., 19., 22., 54., 69., 43., 26.,
       20., 53., 47., 14., 12., 40., 25., 19., 34., 24., 2., 0., 19.,
       120., 22., 0., 1., 124., 10., 1., 4., 10., 5., 1., 2., 55., 14.,
       19., 38., 25., 40., 21., 12., 15., 36., 14., 11., 48., 11., 15.,
       30., 117., 8., 1., 9., 6., 0., 0., 36., 81., 4., 5., 4., 60., 70.,
       12., 16., 37., 2., 2., 3., 35., 49., 45., 98., 15., 2., 1., 39.,
       117., 5., 3., 26., 117., 3., 1., 5., 12., 3., 1., 108., 43., 17.,
       52., 84., 47., 23., 6., 29., 53., 72., 35., 28., 42., 10., 18.,
       32., 5., 3., 1., 71., 117., 0., 1., 5., 117., 88., 11., 1., 13.,
       29., 3., 12., 18., 48., 51., 20., 54., 71., 33., 20., 53., 22.,
       29., 38., 62., 10., 27., 73., 6., 1., 1., 62., 117., 4., 6., 27.,
       6., 46., 20., 0., 1., 97., 26., 0., 1., 54., 110., 1., 1., 33.,
       47., 4., 3., 32., 94., 31., 16., 2., 38., 28., 1., 0., 8., 31.,
       36., 8., 50., 70., 14., 0., 1., 72., 45., 0., 17., 60., 5., 2.,
       9., 18., 3., 8., 120., 82., 1., 6., 7., 4., 1., 19., 120., 40.,
       1., 1., 13., 39., 4., 3., 103., 63., 120., 17., 1., 22., 50., 1.,
       2., 41., 41., 26., 53., 85., 34., 16., 24., 39., 40., 89., 44.,
       33., 18., 12., 35., 24., 2., 3., 23., 119., 47., 38., 39., 5.,
       120., 31., 3., 3., 40., 38., 2., 6., 53., 26., 42., 18., 29., 61.,
       60., 20., 37., 14., 84., 18., 7., 20., 47., 80., 2., 1., 86., 28.,
       14., 54., 65., 5., 22., 33., 13., 3., 15., 90., 4., 2., 10., 23.,
       120., 36., 9., 36., 11., 0., 0., 1., 120., 48., 1., 6., 13., 2.,
       1., 1., 120., 34., 0., 0., 10., 11., 10., 0., 14., 99., 16., 0.,
       1., 50., 12., 2., 26., 37., 0., 5., 67., 105., 1., 6., 24., 6.,
       4., 114., 106., 10., 0., 25., 30., 1., 11., 114., 10., 0., 37.,
       5., 1., 24., 48., 4., 6., 114., 24., 17., 51., 49., 42., 24., 14.,
       82., 62., 74., 50., 11., 9., 63., 19., 17., 9., 4., 10., 2., 11.,
       114., 57., 1., 36., 114., 27., 9., 42., 7., 1., 21., 9., 106.,
       23., 7., 33., 70., 49., 17., 48., 21., 19., 27., 32., 27., 56.,
       53., 6., 23., 114., 40., 22., 30., 11., 1., 1., 53., 21., 4., 59.,
       63., 0., 0., 1., 114., 52., 0., 2., 8., 4., 1., 1., 114., 41., 7.,
       32., 36., 6., 2., 0., 15., 30., 14., 45., 114., 1., 0., 15., 4.,
       18., 87., 3., 2., 21., 32., 3., 3., 39., 37., 2., 7., 121., 26.,
       1., 23., 49., 2., 2., 39., 121., 14., 1., 73., 43., 0., 15., 58.,
       15., 0., 121., 31., 9., 35., 10., 1., 8., 22., 45., 17., 28., 62.,
       59., 20., 52., 24., 53., 83., 34., 17., 23., 39., 43., 25., 9.,
       19., 3., 9., 121., 82., 6., 2., 121., 38., 1., 6., 11., 2., 0.,
       1., 83., 14., 8., 21., 46., 80., 36., 14., 44., 32., 17., 12.,
       37., 23., 41., 90., 7., 4., 1., 26., 121., 31., 1., 6., 121., 28.,
       0., 0., 9., 10., 1., 2., 79., 23., 17., 60., 67., 4., 2., 1., 28.,
       121., 44., 34., 35., 5., 2., 3., 12., 30., 3., 3., 116., 61., 1.,
       1., 12., 128., 35., 3., 22., 21., 1., 0., 24., 77., 2., 0., 38.,
       130., 1., 0., 0., 0., 0., 0., 64., 106., 0., 0., 0., 0., 0., 0.,
       3., 3., 0., 0., 36., 54., 1., 1., 91., 55., 0., 0., 130., 112.,
       0., 0., 45., 36., 0., 2., 13., 3., 0., 1., 130., 102., 0., 1., 0.,
       0., 0., 0., 23., 8., 0., 0., 34., 3., 0., 0., 130., 91., 2., 9.,
       130., 7., 0., 8., 48., 8., 1., 40., 25., 0., 0., 37., 130., 11.,
       0., 3., 0., 0., 0., 3., 36., 1., 0., 0., 16., 1., 7., 18., 90.,
       47., 7., 36., 86., 0., 0., 45., 50., 7., 5., 92., 5., 0., 0., 92.,
       130., 0., 0., 2., 0., 0., 0., 4., 13., 0., 0., 0., 7., 0., 0., 0.,
