%YAML:1.0
tag: !!opencv-matrix
   rows: 13
   cols: 128
   dt: f
   data: [ 7., 0., 0., 1., 1., 0., 0., 3., 148., 0., 0., 0., 0., 0., 0.,
       126., 138., 0., 0., 2., 2., 0., 0., 141., 4., 2., 1., 4., 2., 0.,
       1., 5., 27., 1., 0., 2., 4., 4., 0., 6., 148., 10., 0., 0., 0.,
       0., 0., 94., 142., 7., 2., 4., 2., 1., 0., 42., 1., 2., 1., 1.,
       1., 1., 1., 3., 25., 8., 1., 2., 4., 2., 0., 1., 148., 113., 0.,
       0., 0., 0., 0., 7., 134., 66., 1., 2., 2., 0., 0., 1., 1., 6., 6.,
       1., 1., 0., 0., 0., 5., 3., 0., 1., 3., 4., 0., 0., 141., 140.,
       0., 0., 1., 1., 0., 0., 108., 148., 1., 1., 1., 0., 0., 0., 4.,
       16., 4., 1., 1., 1., 0., 0., 13., 0., 0., 0., 4., 2., 0., 4.,
       170., 0., 0., 0., 1., 0., 0., 91., 143., 0., 0., 0., 0., 0., 0.,
       74., 17., 0., 0., 0., 0., 0., 0., 21., 36., 0., 0., 3., 3., 0.,
       0., 3., 170., 3., 0., 0., 0., 0., 0., 49., 170., 2., 0., 0., 0.,
       0., 0., 38., 21., 0., 0., 0., 0., 0., 0., 10., 36., 3., 0., 2.,
       5., 2., 0., 1., 170., 61., 0., 0., 0., 0., 0., 4., 170., 25., 0.,
       0., 0., 0., 0., 10., 17., 0., 0., 0., 0., 0., 0., 4., 13., 3., 0.,
       0., 3., 2., 0., 0., 170., 93., 0., 0., 0., 0., 0., 0., 170., 61.,
       0., 0., 0., 1., 2., 13., 4., 1., 0., 1., 2., 2., 2., 5., 8., 0.,
       0., 0., 0., 0., 0., 2., 167., 0., 0., 0., 0., 0., 0., 133., 119.,
       0., 0., 0., 1., 1., 1., 149., 1., 0., 0., 0., 4., 1., 1., 9., 38.,
       2., 0., 0., 0., 0., 0., 4., 167., 4., 0., 0., 0., 0., 0., 64.,
       157., 2., 0., 0., 2., 1., 0., 33., 1., 0., 0., 0., 2., 2., 3., 2.,
       40., 8., 0., 0., 0., 0., 0., 2., 167., 54., 0., 0., 0., 0., 0.,
       5., 161., 17., 1., 0., 1., 2., 0., 4., 6., 1., 1., 0., 0., 1., 1.,
       3., 13., 6., 0., 0., 1., 0., 0., 1., 167., 87., 0., 0., 0., 0.,
       0., 0., 157., 41., 0., 0., 2., 4., 1., 2., 7., 0., 0., 0., 1., 2.,
       1., 7., 10., 17., 3., 17., 95., 100., 1., 0., 159., 124., 0., 4.,
       27., 11., 0., 0., 72., 30., 1., 0., 0., 0., 0., 1., 0., 1., 1.,
       0., 3., 2., 1., 1., 12., 6., 109., 157., 54., 7., 0., 0., 159.,
       38., 11., 35., 22., 2., 0., 5., 159., 14., 0., 0., 0., 0., 0., 4.,
       4., 0., 0., 0., 0., 2., 6., 5., 43., 5., 58., 36., 1., 1., 0., 2.,
       159., 8., 5., 4., 0., 0., 0., 23., 159., 7., 0., 0., 0., 0., 0.,
       6., 14., 1., 0., 0., 0., 1., 1., 4., 41., 2., 0., 0., 2., 1., 0.,
       1., 159., 25., 0., 0., 0., 0., 0., 8., 119., 16., 0., 0., 0., 0.,
       0., 3., 18., 3., 0., 0., 0., 0., 0., 1., 24., 31., 1., 0., 0., 0.,
       0., 0., 158., 88., 0., 0., 0., 0., 0., 6., 110., 8., 2., 1., 0.,
       0., 1., 30., 0., 0., 6., 15., 0., 0., 1., 7., 36., 4., 0., 0., 0.,
       0., 0., 3., 158., 55., 11., 0., 0., 0., 0., 25., 132., 30., 100.,
       32., 0., 0., 0., 6., 0., 0., 107., 139., 0., 0., 0., 0., 13., 10.,
       1., 0., 0., 0., 0., 0., 94., 158., 95., 0., 0., 0., 0., 2., 15.,
       62., 158., 60., 0., 0., 0., 0., 0., 0., 158., 145., 0., 0., 0.,
       0., 0., 0., 0., 0., 0., 0., 0., 0., 0., 9., 15., 0., 0., 0., 0.,
       0., 0., 3., 42., 4., 0., 0., 0., 0., 1., 0., 15., 6., 0., 0., 0.,
       0., 0., 0., 0., 0., 0., 0., 0., 0., 1., 0., 0., 0., 0., 0., 13.,
       10., 0., 0., 0., 0., 0., 2., 36., 5., 1., 0., 0., 0., 0., 0., 25.,
       34., 15., 0., 0., 0., 0., 0., 0., 9., 95., 0., 0., 0., 0., 2.,
       93., 157., 11., 0., 0., 0., 0., 22., 157., 56., 0., 0., 0., 0.,
       0., 5., 157., 92., 41., 4., 0., 0., 0., 0., 0., 3., 157., 63., 0.,
       0., 0., 0., 15., 61., 101., 34., 0., 0., 0., 5., 129., 31., 2.,
       1., 0., 0., 1., 29., 106., 8., 14., 6., 0., 0., 0., 0., 1., 0.,
       157., 146., 0., 0., 0., 0., 0., 0., 107., 144., 0., 0., 0., 0.,
       0., 0., 6., 16., 0., 0., 1., 6., 0., 0., 18., 87., 16., 0., 0.,
       47., 39., 6., 35., 13., 13., 9., 18., 142., 40., 7., 150., 58.,
       1., 4., 7., 13., 5., 5., 22., 5., 0., 0., 16., 11., 1., 2., 2.,
       150., 134., 0., 0., 1., 0., 0., 19., 58., 150., 54., 19., 17., 0.,
       0., 150., 59., 35., 23., 9., 4., 0., 11., 59., 4., 0., 0., 14.,
       12., 1., 6., 0., 20., 30., 1., 1., 0., 0., 0., 93., 29., 78., 3.,
       0., 0., 0., 2., 150., 35., 9., 1., 0., 0., 0., 24., 64., 4., 0.,
       0., 12., 8., 1., 7., 0., 0., 0., 2., 1., 0., 0., 0., 51., 22., 0.,
       0., 0., 0., 0., 0., 150., 146., 0., 0., 0., 0., 0., 0., 51., 51.,
       1., 1., 9., 1., 0., 0., 0., 0., 0., 0., 1., 5., 7., 0., 41., 0.,
       0., 0., 0., 2., 2., 22., 137., 0., 0., 0., 0., 1., 8., 137., 28.,
       0., 0., 0., 1., 74., 53., 39., 5., 0., 0., 0., 0., 40., 137., 32.,
       79., 0., 0., 0., 0., 85., 91., 20., 137., 13., 0., 0., 0., 4., 6.,
       42., 57., 3., 0., 0., 6., 7., 2., 6., 62., 68., 1., 0., 0., 38.,
       91., 33., 17., 7., 2., 0., 4., 137., 104., 9., 137., 40., 0., 0.,
       5., 58., 27., 17., 74., 19., 0., 0., 4., 4., 1., 3., 18., 137.,
       36., 0., 0., 1., 0., 0., 0., 73., 118., 16., 14., 40., 3., 0.,
       85., 34., 41., 32., 26., 30., 3., 2., 98., 20., 0., 0., 3., 2.,
       0., 3., 127., 35., 41., 5., 0., 0., 2., 42., 6., 6., 103., 53.,
       1., 1., 8., 21., 1., 2., 127., 126., 27., 6., 3., 7., 0., 0.,
       117., 127., 13., 0., 1., 0., 39., 88., 127., 9., 0., 0., 0., 3.,
       127., 61., 127., 43., 10., 5., 1., 19., 28., 7., 30., 117., 127.,
       28., 2., 13., 0., 0., 23., 48., 51., 2., 1., 0., 19., 15., 18.,
       0., 0., 0., 0., 1., 127., 117., 71., 39., 3., 0., 0., 4., 12.,
       17., 55., 127., 68., 0., 0., 2., 0., 0., 0., 14., 15., 1., 4., 2.,
       1., 1., 0., 0., 0., 0., 0., 0., 2., 17., 19., 4., 0., 0., 0., 1.,
       2., 2., 14., 15., 0., 0., 0., 2., 0., 0., 0., 0., 0., 0., 1., 1.,
       0., 0., 0., 0., 1., 1., 0., 1., 1., 0., 0., 0., 1., 6., 21., 18.,
       0., 0., 0., 0., 2., 23., 17., 3., 0., 0., 0., 0., 0., 1., 3., 2.,
       18., 1., 0., 3., 2., 0., 0., 8., 132., 5., 0., 0., 8., 40., 62.,
       132., 11., 1., 0., 0., 54., 132., 91., 62., 0., 0., 0., 0., 7.,
       38., 132., 116., 26., 8., 2., 4., 0., 0., 0., 1., 132., 132., 5.,
       2., 12., 11., 4., 31., 50., 48., 8., 4., 60., 85., 57., 132., 2.,
       0., 0., 5., 41., 49., 85., 132., 15., 3., 2., 1., 0., 0., 0., 19.,
       98., 48., 1., 0., 0., 0., 3., 132., 45., 20., 2., 10., 6., 1.,
       10., 132., 2., 0., 0., 42., 28., 4., 1., 25., 0., 0., 0., 0., 0.,
       0., 0., 1., 3., 0., 0., 0., 0., 0., 7., 69., 1., 0., 0., 0., 0.,
       0., 97., 146., 0., 0., 0., 0., 0., 0., 146., 146., 8., 0., 0., 0.,
       0., 0., 0., 7., 146., 2., 0., 0., 0., 0., 4., 146., 83., 4., 0.,
       0., 0., 0., 41., 146., 34., 5., 0., 0., 0., 0., 46., 84., 10., 1.,
       0., 0., 0., 0., 0., 1., 146., 49., 0., 0., 0., 0., 0., 30., 146.,
       42., 0., 0., 0., 0., 0., 18., 55., 20., 0., 0., 0., 0., 0., 0.,
       1., 0., 0., 0., 0., 0., 0., 0., 146., 9., 0., 0., 0., 0., 0., 50.,
       146., 13., 0., 0., 0., 0., 0., 24., 43., 16., 1., 0., 0., 0., 0.,
       0., 36., 133., 12., 0., 0., 0., 0., 0., 123., 134., 8., 0., 0.,
       0., 0., 12., 41., 6., 1., 0., 0., 0., 19., 66., 1., 1., 10., 4.,
       0., 0., 28., 50., 41., 24., 2., 0., 0., 0., 0., 5., 134., 89.,
       18., 0., 0., 0., 0., 31., 92., 34., 126., 26., 0., 0., 4., 39.,
       1., 4., 114., 110., 17., 1., 3., 10., 9., 2., 0., 0., 0., 0., 0.,
       2., 71., 111., 115., 0., 0., 0., 0., 4., 63., 130., 134., 15., 0.,
       0., 0., 0., 51., 44., 50., 75., 96., 6., 0., 1., 0., 0., 0., 0.,
       0., 0., 0., 0., 1., 4., 13., 0., 0., 0., 0., 0., 55., 85., 29.,
       1., 0., 0., 0., 0., 24., 50., 65., 82., 18., 0., 0., 0., 0., 0.,
       0., 0., 0., 0., 0., 0., 0., 0., 0., 0., 0., 1., 12., 2., 7., 0.,
       0., 0., 0., 2., 47., 44., 28., 0., 0., 0., 0., 0., 37., 135., 12.,
       0., 0., 0., 0., 0., 0., 2., 121., 2., 0., 0., 0., 1., 76., 103.,
       23., 1., 0., 0., 0., 9., 135., 118., 12., 0., 0., 0., 0., 15.,
       103., 135., 27., 0., 0., 0., 0., 0., 32., 71., 135., 29., 0., 0.,
       0., 0., 49., 117., 135., 48., 0., 0., 2., 28., 81., 34., 1., 1.,
