%YAML:1.0
tag: !!opencv-matrix
   rows: 16
   cols: 128
   dt: f
   data: [ 91., 88., 1., 1., 35., 21., 1., 2., 78., 34., 1., 1., 98.,
       56., 0., 0., 133., 80., 0., 0., 2., 1., 0., 0., 23., 8., 0., 0.,
       0., 0., 0., 0., 133., 100., 1., 1., 11., 5., 1., 3., 83., 22., 1.,
       1., 99., 83., 7., 11., 133., 46., 0., 0., 7., 12., 4., 21., 57.,
       8., 0., 0., 0., 0., 0., 2., 133., 6., 0., 0., 0., 2., 2., 35.,
       99., 1., 0., 0., 13., 93., 84., 60., 115., 1., 0., 0., 1., 22.,
       60., 126., 36., 0., 0., 0., 0., 0., 0., 17., 133., 0., 0., 0., 0.,
       0., 0., 84., 96., 0., 0., 0., 0., 6., 36., 57., 3., 0., 0., 0.,
       0., 3., 36., 32., 2., 0., 0., 0., 0., 0., 0., 6., 0., 0., 0., 0.,
       0., 0., 0., 1., 1., 0., 0., 0., 0., 1., 19., 24., 35., 0., 0., 0.,
       0., 8., 34., 49., 94., 0., 0., 0., 0., 0., 4., 141., 16., 0., 0.,
       0., 0., 0., 0., 8., 110., 2., 0., 0., 5., 13., 42., 128., 91., 0.,
       0., 0., 59., 92., 68., 56., 141., 0., 0., 0., 3., 4., 1., 46.,
       28., 4., 0., 0., 0., 0., 0., 1., 141., 50., 0., 2., 17., 4., 2.,
       19., 124., 14., 1., 5., 141., 30., 3., 11., 141., 0., 0., 0., 11.,
       2., 0., 8., 15., 1., 0., 0., 0., 0., 0., 3., 141., 25., 0., 1.,
       8., 2., 1., 33., 96., 9., 0., 5., 114., 20., 4., 24., 141., 0.,
       0., 0., 7., 2., 1., 31., 62., 151., 1., 1., 2., 5., 1., 1., 46.,
       87., 1., 2., 30., 58., 6., 3., 154., 110., 0., 0., 3., 14., 7.,
       11., 49., 22., 0., 0., 0., 0., 0., 1., 80., 76., 0., 0., 0., 0.,
       0., 0., 154., 79., 0., 0., 2., 17., 38., 33., 110., 10., 0., 0.,
       0., 12., 88., 126., 59., 4., 0., 0., 0., 0., 2., 30., 93., 7., 0.,
       0., 0., 0., 0., 5., 154., 16., 0., 0., 0., 0., 5., 38., 110., 0.,
       0., 0., 0., 0., 28., 65., 3., 0., 0., 0., 0., 0., 2., 14., 85.,
       0., 0., 0., 0., 0., 0., 19., 154., 0., 0., 0., 0., 0., 0., 78.,
       84., 0., 0., 0., 0., 0., 0., 19., 1., 0., 0., 0., 0., 0., 0., 0.,
       47., 23., 0., 0., 0., 0., 0., 0., 156., 142., 0., 0., 0., 0., 0.,
       2., 89., 34., 0., 0., 0., 0., 0., 1., 0., 0., 0., 0., 0., 0., 0.,
       0., 45., 4., 0., 0., 0., 0., 0., 8., 156., 46., 0., 0., 0., 0.,
       0., 49., 156., 31., 0., 0., 0., 0., 0., 14., 1., 1., 0., 0., 0.,
       0., 0., 0., 27., 16., 0., 0., 0., 0., 0., 2., 156., 156., 1., 0.,
       0., 0., 0., 10., 132., 156., 0., 0., 0., 0., 0., 2., 11., 8., 0.,
       0., 0., 0., 0., 0., 1., 3., 0., 0., 0., 0., 0., 0., 103., 74., 0.,
       0., 0., 0., 0., 0., 156., 127., 4., 0., 0., 0., 0., 0., 25., 25.,
       15., 0., 0., 0., 0., 0., 1., 0., 0., 0., 0., 0., 0., 0., 54., 0.,
       0., 0., 0., 0., 0., 53., 159., 1., 0., 0., 0., 0., 0., 159., 75.,
       0., 0., 0., 0., 0., 0., 43., 2., 0., 0., 0., 0., 0., 0., 0., 159.,
       30., 0., 0., 0., 0., 0., 26., 159., 63., 0., 0., 0., 0., 0., 80.,
       51., 6., 0., 0., 0., 0., 0., 14., 2., 0., 0., 0., 0., 0., 0., 1.,
       159., 11., 0., 0., 0., 0., 0., 44., 159., 36., 0., 0., 0., 0., 0.,
       92., 47., 8., 0., 0., 0., 0., 0., 9., 2., 1., 0., 0., 0., 0., 0.,
       0., 92., 64., 1., 0., 0., 0., 0., 8., 134., 159., 11., 0., 0., 0.,
       0., 13., 22., 110., 3., 0., 0., 0., 0., 1., 1., 0., 0., 0., 0.,
       0., 0., 0., 168., 11., 0., 0., 0., 0., 0., 14., 172., 19., 0., 0.,
       0., 0., 0., 30., 22., 1., 0., 0., 0., 0., 0., 2., 1., 0., 0., 0.,
       0., 0., 0., 0., 172., 28., 0., 0., 0., 0., 0., 8., 172., 70., 0.,
       0., 0., 0., 0., 17., 31., 4., 0., 0., 0., 0., 0., 1., 1., 0., 0.,
       0., 0., 0., 0., 0., 172., 20., 0., 0., 0., 0., 0., 37., 172., 60.,
       0., 0., 0., 0., 0., 67., 32., 7., 0., 0., 0., 0., 0., 4., 1., 0.,
       0., 0., 0., 0., 0., 0., 80., 53., 0., 0., 0., 0., 0., 2., 172.,
       159., 0., 0., 0., 0., 0., 3., 48., 20., 0., 0., 0., 0., 0., 0.,
       34., 3., 0., 0., 0., 0., 0., 7., 155., 17., 0., 0., 0., 0., 0.,
       83., 128., 5., 0., 0., 0., 0., 0., 43., 2., 0., 0., 0., 0., 0.,
       0., 1., 52., 4., 0., 0., 0., 0., 0., 7., 155., 46., 0., 0., 0.,
       0., 0., 46., 153., 33., 0., 0., 0., 0., 0., 14., 1., 1., 0., 0.,
       0., 0., 0., 0., 27., 17., 0., 0., 0., 0., 0., 1., 155., 155., 2.,
       0., 0., 0., 0., 7., 111., 155., 1., 0., 0., 0., 0., 2., 14., 15.,
       0., 0., 0., 0., 0., 0., 1., 3., 0., 0., 0., 0., 1., 12., 55., 57.,
       0., 0., 0., 0., 4., 125., 155., 67., 0., 0., 0., 0., 0., 134.,
       30., 5., 0., 0., 0., 0., 0., 9., 0., 0., 0., 0., 0., 0., 0., 3.,
       20., 0., 0., 0., 0., 0., 2., 86., 47., 0., 0., 0., 0., 0., 41.,
       157., 3., 0., 0., 0., 0., 0., 38., 157., 25., 1., 0., 0., 0., 0.,
       0., 18., 129., 4., 0., 0., 0., 0., 3., 157., 70., 1., 0., 0., 0.,
       0., 3., 157., 5., 0., 0., 0., 0., 0., 4., 35., 44., 5., 0., 0.,
       0., 0., 29., 20., 157., 38., 0., 0., 0., 0., 6., 89., 128., 10.,
       0., 0., 0., 0., 0., 43., 1., 0., 0., 0., 0., 0., 0., 2., 4., 0.,
       0., 0., 0., 0., 157., 61., 86., 1., 0., 0., 0., 0., 86., 157.,
       47., 1., 0., 0., 0., 0., 1., 38., 0., 0., 0., 0., 0., 0., 0., 0.,
       21., 76., 29., 0., 0., 0., 0., 0., 175., 175., 5., 0., 0., 0., 0.,
       2., 94., 38., 0., 0., 0., 0., 0., 1., 1., 0., 0., 0., 0., 0., 0.,
       0., 54., 4., 0., 0., 0., 0., 0., 5., 175., 21., 0., 0., 0., 0.,
       0., 40., 175., 6., 0., 0., 0., 0., 0., 16., 1., 0., 0., 0., 0.,
       0., 0., 0., 58., 3., 0., 0., 0., 0., 0., 4., 175., 30., 0., 0.,
       0., 0., 0., 25., 175., 11., 0., 0., 0., 0., 0., 8., 1., 0., 0.,
       0., 0., 0., 0., 0., 48., 5., 0., 0., 0., 0., 0., 8., 175., 44.,
       0., 0., 0., 0., 0., 41., 121., 19., 0., 0., 0., 0., 0., 11., 1.,
       0., 0., 0., 0., 0., 0., 0., 90., 155., 0., 0., 0., 0., 0., 0.,
       36., 155., 23., 0., 0., 0., 0., 0., 1., 32., 20., 0., 0., 0., 0.,
       0., 0., 2., 0., 0., 0., 0., 0., 0., 15., 117., 4., 0., 0., 0., 0.,
       0., 28., 155., 134., 0., 0., 0., 0., 0., 132., 155., 64., 0., 0.,
       0., 0., 2., 23., 11., 0., 0., 0., 0., 0., 0., 1., 6., 2., 0., 0.,
       0., 0., 0., 130., 43., 18., 0., 0., 0., 0., 15., 155., 42., 3.,
       0., 0., 0., 0., 48., 44., 2., 0., 0., 0., 0., 0., 4., 1., 0., 0.,
       0., 0., 0., 0., 0., 132., 9., 0., 0., 0., 0., 0., 9., 155., 85.,
       0., 0., 0., 0., 0., 12., 30., 26., 0., 0., 0., 0., 0., 1., 17.,
       0., 0., 0., 0., 0., 0., 4., 153., 0., 0., 0., 0., 0., 0., 84.,
       153., 1., 1., 0., 0., 0., 0., 50., 2., 1., 2., 0., 0., 0., 0., 1.,
       31., 0., 0., 0., 0., 0., 0., 6., 153., 37., 14., 2., 0., 0., 0.,
       50., 120., 35., 152., 37., 0., 0., 0., 15., 1., 73., 97., 5., 0.,
       0., 0., 0., 10., 3., 0., 0., 0., 0., 0., 1., 101., 119., 103.,
       12., 0., 0., 0., 2., 13., 54., 153., 106., 0., 0., 0., 0., 14.,
       153., 117., 10., 0., 0., 0., 0., 0., 0., 0., 0., 0., 0., 0., 0.,
       0., 7., 24., 2., 0., 0., 0., 0., 0., 5., 28., 10., 0., 0., 0., 0.,
       10., 100., 4., 1., 0., 0., 0., 0., 1., 0., 0., 0., 0., 0., 0., 1.,
       1., 0., 0., 0., 0., 1., 7., 5., 0., 0., 0., 0., 0., 7., 14., 0.,
       0., 0., 0., 0., 0., 3., 3., 0., 24., 1., 0., 0., 0., 0., 0., 9.,
       105., 4., 0., 0., 0., 9., 91., 116., 11., 0., 0., 0., 0., 122.,
       139., 27., 0., 0., 0., 0., 0., 116., 137., 0., 36., 4., 0., 0.,
       0., 0., 5., 19., 139., 30., 0., 0., 0., 1., 18., 90., 109., 5.,
       0., 0., 0., 63., 130., 36., 0., 0., 0., 0., 0., 139., 139., 0.,
       4., 0., 0., 0., 0., 0., 71., 139., 84., 1., 0., 0., 0., 0., 48.,
       139., 45., 0., 0., 0., 0., 1., 2., 42., 0., 0., 0., 0., 0., 10.,
       10., 0., 20., 137., 38., 0., 0., 0., 0., 0., 129., 139., 4., 0.,
       0., 0., 0., 0., 29., 27., 1., 9., 0., 0., 0., 0., 0., 0., 28.,
       59., 0., 0., 0., 0., 35., 17., 0., 0., 0., 0., 0., 8., 139., 103.,
       20., 2., 0., 0., 0., 31., 81., 35., 95., 119., 0., 0., 0., 2.,
       13., 5., 43., 139., 25., 21., 8., 10., 8., 2., 0., 0., 0., 0., 0.,
       3., 73., 87., 137., 7., 0., 0., 0., 10., 45., 50., 139., 103., 0.,
       0., 0., 1., 139., 53., 43., 49., 40., 15., 6., 22., 0., 0., 0.,
