%YAML:1.0
tag: !!opencv-matrix
   rows: 8
   cols: 128
   dt: f
   data: [ 10., 0., 0., 0., 0., 0., 0., 2., 172., 0., 0., 0., 0., 0., 0.,
       39., 172., 0., 0., 0., 0., 0., 0., 23., 1., 0., 0., 0., 0., 0.,
       0., 0., 22., 1., 0., 0., 0., 0., 0., 3., 172., 38., 6., 0., 0.,
       0., 0., 49., 166., 42., 64., 0., 0., 0., 0., 20., 0., 5., 66., 0.,
       0., 0., 0., 0., 11., 6., 0., 0., 0., 0., 0., 0., 111., 163., 73.,
       0., 0., 0., 0., 3., 24., 122., 172., 0., 0., 0., 0., 0., 0., 26.,
       172., 0., 0., 0., 0., 0., 0., 1., 0., 0., 0., 0., 0., 0., 0., 12.,
       13., 0., 0., 0., 0., 0., 0., 10., 57., 0., 0., 0., 0., 0., 0., 4.,
       66., 0., 0., 0., 0., 0., 18., 0., 0., 0., 0., 0., 0., 5., 151.,
       0., 0., 0., 0., 0., 0., 89., 145., 0., 0., 0., 0., 0., 0., 46.,
       1., 0., 0., 0., 0., 0., 0., 0., 22., 0., 0., 0., 0., 0., 0., 6.,
       151., 44., 4., 0., 0., 0., 0., 57., 124., 49., 24., 0., 0., 0.,
       0., 15., 0., 7., 7., 0., 0., 0., 0., 0., 4., 1., 0., 0., 0., 0.,
       0., 0., 81., 151., 77., 0., 0., 0., 0., 2., 17., 151., 151., 0.,
       0., 0., 0., 0., 0., 151., 110., 0., 0., 0., 0., 0., 0., 0., 0.,
       0., 0., 0., 0., 0., 0., 16., 23., 0., 0., 0., 0., 0., 0., 81.,
       82., 0., 0., 0., 0., 0., 0., 151., 81., 0., 0., 0., 0., 0., 0.,
       0., 0., 0., 0., 0., 0., 0., 0., 0., 0., 0., 0., 0., 10., 6., 0.,
       0., 0., 0., 0., 0., 88., 49., 0., 0., 0., 0., 0., 0., 153., 64.,
       13., 2., 0., 0., 0., 0., 0., 1., 103., 3., 0., 0., 0., 0., 58.,
       151., 16., 0., 0., 0., 0., 0., 161., 161., 0., 0., 0., 0., 0., 0.,
       161., 106., 46., 8., 0., 0., 0., 0., 0., 0., 161., 47., 0., 0.,
       0., 0., 4., 47., 127., 11., 0., 0., 0., 0., 24., 50., 0., 0., 0.,
       0., 0., 0., 11., 7., 35., 1., 0., 0., 0., 0., 0., 3., 161., 12.,
       0., 0., 0., 0., 0., 23., 137., 4., 0., 0., 0., 0., 0., 7., 1., 0.,
       0., 0., 0., 0., 0., 0., 0., 0., 0., 0., 0., 0., 0., 0., 6., 0.,
       0., 0., 0., 0., 5., 14., 4., 0., 0., 0., 0., 0., 116., 156., 9.,
       0., 0., 0., 0., 0., 54., 156., 10., 2., 0., 0., 0., 0., 0., 0.,
       156., 12., 0., 0., 0., 0., 3., 67., 102., 1., 0., 0., 0., 0., 40.,
       156., 0., 0., 0., 0., 0., 0., 14., 32., 36., 7., 0., 0., 0., 0.,
       0., 0., 156., 77., 0., 0., 0., 0., 0., 9., 156., 33., 0., 0., 0.,
       0., 0., 8., 1., 0., 0., 0., 0., 0., 0., 0., 12., 4., 0., 0., 0.,
       0., 0., 0., 156., 110., 0., 0., 0., 0., 0., 0., 156., 103., 10.,
       0., 0., 0., 0., 0., 1., 5., 24., 0., 0., 0., 0., 0., 0., 0., 0.,
       0., 0., 0., 0., 0., 0., 0., 0., 0., 0., 8., 8., 2., 0., 0., 0.,
       0., 2., 44., 11., 1., 0., 0., 0., 0., 0., 4., 2., 1., 11., 1., 0.,
       0., 0., 0., 0., 0., 137., 5., 0., 0., 6., 34., 36., 69., 21., 1.,
       0., 0., 89., 137., 67., 41., 0., 0., 0., 0., 8., 32., 133., 80.,
       27., 8., 0., 0., 0., 0., 0., 1., 137., 134., 8., 4., 11., 7., 2.,
       22., 65., 52., 16., 14., 105., 81., 46., 120., 8., 0., 0., 0.,
       16., 41., 137., 137., 11., 2., 0., 0., 0., 0., 0., 40., 67., 53.,
       3., 0., 0., 0., 29., 137., 59., 27., 6., 2., 1., 0., 24., 137.,
       14., 0., 0., 0., 7., 12., 3., 62., 10., 87., 37., 0., 0., 0., 0.,
       0., 137., 145., 23., 0., 0., 0., 0., 0., 42., 30., 1., 1., 0., 0.,
       0., 0., 0., 0., 13., 8., 0., 0., 0., 0., 20., 9., 0., 0., 0., 0.,
       0., 4., 145., 90., 16., 0., 0., 0., 0., 37., 106., 35., 91., 64.,
       0., 0., 0., 4., 1., 1., 109., 145., 14., 7., 2., 1., 3., 0., 0.,
       0., 0., 0., 0., 1., 69., 107., 127., 1., 0., 0., 0., 8., 75., 80.,
       145., 59., 0., 0., 0., 6., 86., 23., 51., 81., 89., 29., 11., 28.,
       0., 0., 0., 0., 0., 0., 0., 0., 0., 3., 16., 0., 0., 0., 0., 0.,
       78., 59., 28., 0., 0., 0., 0., 1., 63., 57., 30., 72., 34., 0.,
       0., 3., 0., 0., 0., 0., 0., 0., 0., 0., 0., 0., 0., 0., 0., 1.,
       3., 0., 1., 0., 0., 0., 0., 4., 24., 12., 48., 0., 0., 0., 0., 0.,
       11., 102., 15., 0., 0., 0., 0., 0., 0., 3., 129., 2., 0., 0., 0.,
       7., 72., 102., 17., 0., 0., 0., 0., 27., 146., 103., 25., 0., 0.,
       0., 0., 0., 123., 146., 28., 1., 0., 0., 0., 0., 65., 56., 146.,
       68., 0., 0., 0., 4., 73., 78., 93., 75., 0., 0., 0., 2., 98., 37.,
       1., 2., 0., 0., 0., 0., 34., 28., 30., 62., 30., 0., 0., 2., 60.,
       64., 46., 78., 89., 28., 11., 26., 96., 29., 101., 146., 18., 10.,
       3., 2., 2., 1., 16., 12., 0., 0., 0., 0., 0., 0., 9., 32., 1., 0.,
       0., 0., 4., 2., 93., 108., 1., 0., 0., 9., 65., 67., 78., 5., 0.,
       0., 0., 60., 94., 124., 0., 0., 0., 0., 2., 66., 137., 27., 25.,
       17., 0., 0., 0., 0., 0., 2., 137., 96., 0., 0., 0., 0., 0., 73.,
       137., 28., 4., 0., 0., 2., 4., 62., 1., 0., 4., 10., 12., 5., 19.,
       2., 14., 4., 0., 0., 0., 0., 0., 0., 137., 137., 3., 0., 0., 0.,
       0., 6., 61., 137., 128., 7., 0., 0., 0., 3., 0., 6., 137., 72.,
       6., 0., 0., 0., 0., 0., 0., 0., 0., 0., 0., 0., 6., 8., 0., 0.,
       0., 0., 0., 0., 3., 19., 41., 7., 0., 0., 0., 0., 0., 1., 103.,
       42., 0., 0., 0., 0. ]
