%YAML:1.0
tag: !!opencv-matrix
   rows: 21
   cols: 128
   dt: f
   data: [ 0., 0., 0., 1., 4., 3., 0., 0., 118., 26., 0., 1., 9., 4., 0.,
       2., 200., 76., 0., 0., 0., 0., 0., 0., 59., 10., 0., 0., 0., 0.,
       0., 2., 1., 3., 1., 1., 4., 1., 0., 0., 117., 16., 0., 2., 17.,
       3., 0., 4., 200., 56., 0., 0., 0., 0., 0., 12., 104., 10., 0., 0.,
       0., 0., 0., 2., 1., 1., 0., 1., 3., 1., 0., 1., 113., 4., 0., 3.,
       13., 3., 1., 18., 200., 18., 0., 0., 0., 0., 0., 36., 107., 5.,
       0., 0., 0., 0., 0., 11., 1., 0., 0., 2., 2., 0., 0., 0., 107., 3.,
       1., 5., 4., 2., 0., 20., 200., 2., 0., 0., 0., 0., 0., 76., 66.,
       1., 0., 0., 0., 0., 0., 14., 3., 1., 0., 1., 1., 0., 0., 0., 173.,
       42., 0., 0., 0., 0., 0., 0., 173., 61., 0., 0., 0., 0., 0., 0.,
       13., 2., 0., 0., 0., 0., 0., 0., 1., 0., 0., 1., 0., 0., 16., 6.,
       173., 24., 0., 0., 0., 0., 12., 23., 173., 57., 0., 0., 0., 0.,
       0., 9., 33., 3., 0., 0., 0., 0., 0., 0., 0., 0., 0., 0., 0., 0.,
       130., 28., 96., 1., 0., 0., 0., 0., 96., 114., 173., 5., 0., 0.,
       0., 0., 2., 86., 44., 1., 0., 0., 0., 0., 0., 3., 0., 0., 0., 0.,
       0., 0., 43., 10., 81., 0., 0., 0., 0., 0., 23., 35., 173., 0., 0.,
       0., 0., 0., 0., 44., 31., 0., 0., 0., 0., 0., 0., 4., 0., 10.,
       162., 39., 0., 0., 0., 0., 24., 113., 117., 4., 0., 0., 0., 0.,
       19., 34., 3., 0., 0., 0., 0., 0., 1., 3., 1., 0., 0., 0., 0., 0.,
       29., 29., 162., 42., 0., 0., 0., 0., 162., 136., 59., 2., 0., 0.,
       0., 0., 133., 22., 0., 0., 0., 0., 0., 0., 3., 1., 0., 0., 0., 0.,
       0., 2., 63., 3., 6., 1., 0., 0., 0., 16., 162., 7., 0., 0., 0.,
       0., 0., 31., 162., 3., 0., 0., 0., 0., 0., 4., 5., 0., 0., 0., 0.,
       0., 0., 3., 45., 0., 0., 0., 0., 0., 0., 71., 162., 14., 0., 0.,
       0., 0., 0., 61., 117., 16., 0., 0., 0., 0., 0., 3., 3., 1., 0.,
       0., 0., 0., 0., 1., 0., 83., 34., 0., 0., 0., 0., 0., 22., 55.,
       18., 0., 0., 0., 0., 7., 185., 6., 0., 0., 0., 0., 0., 101., 73.,
       0., 0., 0., 0., 0., 0., 46., 0., 47., 21., 0., 0., 0., 0., 0.,
       86., 138., 31., 0., 0., 0., 0., 2., 185., 46., 1., 0., 0., 0., 0.,
       44., 66., 0., 0., 0., 0., 0., 0., 16., 1., 2., 1., 0., 0., 0., 0.,
       0., 174., 18., 1., 0., 0., 0., 0., 5., 185., 10., 0., 0., 0., 0.,
       0., 26., 55., 1., 0., 0., 0., 0., 0., 5., 0., 0., 0., 0., 0., 0.,
       0., 0., 139., 10., 0., 0., 0., 0., 0., 1., 185., 36., 0., 0., 0.,
       0., 0., 1., 43., 5., 0., 0., 0., 0., 0., 0., 1., 0., 0., 1., 1.,
       1., 0., 0., 171., 34., 0., 0., 0., 0., 0., 0., 171., 56., 0., 0.,
       0., 0., 0., 0., 7., 1., 0., 0., 0., 0., 0., 0., 0., 0., 1., 1.,
       0., 0., 17., 4., 171., 21., 0., 0., 0., 0., 15., 22., 171., 50.,
       0., 0., 0., 0., 0., 12., 21., 2., 0., 0., 0., 0., 0., 0., 0., 0.,
       0., 0., 0., 0., 142., 26., 87., 1., 0., 0., 0., 0., 114., 110.,
       171., 4., 0., 0., 0., 0., 4., 105., 28., 0., 0., 0., 0., 0., 0.,
       4., 0., 0., 0., 0., 0., 0., 39., 7., 81., 0., 0., 0., 0., 0., 22.,
       35., 171., 0., 0., 0., 0., 0., 1., 56., 20., 0., 0., 0., 0., 0.,
       0., 5., 3., 1., 0., 0., 0., 1., 8., 3., 165., 60., 0., 0., 0., 0.,
       1., 2., 165., 73., 0., 0., 0., 0., 0., 0., 1., 0., 0., 0., 0., 0.,
       0., 0., 1., 0., 0., 1., 0., 0., 19., 6., 165., 34., 0., 0., 0.,
       0., 17., 31., 165., 68., 0., 0., 0., 0., 0., 15., 11., 1., 0., 0.,
       0., 0., 0., 0., 0., 0., 0., 0., 0., 0., 141., 39., 87., 1., 0.,
       0., 0., 0., 110., 128., 165., 4., 0., 0., 0., 0., 4., 105., 25.,
       0., 0., 0., 0., 0., 0., 4., 0., 0., 0., 0., 0., 0., 42., 12., 78.,
       0., 0., 0., 0., 0., 20., 33., 165., 0., 0., 0., 0., 0., 0., 50.,
       28., 0., 0., 0., 0., 0., 0., 5., 0., 6., 147., 55., 0., 0., 0.,
       0., 23., 94., 120., 8., 0., 0., 0., 0., 12., 22., 2., 0., 0., 0.,
       0., 0., 0., 0., 0., 0., 0., 0., 0., 0., 29., 20., 147., 101., 0.,
       0., 0., 15., 147., 126., 88., 7., 0., 0., 0., 36., 106., 18., 0.,
       0., 0., 0., 0., 4., 0., 0., 1., 1., 0., 0., 0., 0., 54., 1., 7.,
       5., 0., 0., 0., 115., 147., 62., 0., 0., 0., 0., 0., 82., 110.,
       53., 0., 0., 0., 0., 0., 1., 1., 1., 0., 0., 0., 0., 0., 0., 30.,
       0., 0., 0., 0., 0., 0., 110., 90., 101., 2., 0., 0., 0., 0., 18.,
       64., 147., 10., 0., 0., 0., 0., 0., 2., 30., 4., 0., 0., 0., 0.,
       0., 0., 1., 20., 0., 0., 0., 3., 0., 10., 5., 16., 0., 0., 0., 5.,
       5., 98., 3., 1., 0., 0., 0., 4., 139., 38., 0., 0., 0., 0., 0.,
       4., 126., 0., 8., 147., 0., 0., 0., 0., 0., 61., 56., 127., 0.,
       0., 0., 0., 2., 163., 38., 7., 0., 0., 0., 0., 69., 49., 0., 0.,
       0., 0., 0., 0., 29., 0., 2., 32., 0., 0., 0., 0., 0., 145., 26.,
       26., 0., 0., 0., 0., 1., 163., 37., 1., 0., 0., 0., 0., 11., 48.,
       4., 0., 0., 0., 0., 0., 3., 0., 5., 96., 0., 0., 0., 0., 0., 56.,
       62., 87., 0., 0., 0., 0., 0., 163., 163., 11., 0., 0., 0., 0., 0.,
       46., 42., 0., 0., 0., 0., 0., 0., 1., 0., 0., 0., 0., 2., 10., 1.,
       170., 52., 0., 0., 0., 0., 4., 4., 170., 102., 0., 0., 0., 0., 0.,
       0., 13., 4., 0., 0., 0., 0., 0., 0., 0., 0., 0., 0., 0., 12., 51.,
       0., 170., 24., 0., 0., 0., 4., 32., 15., 170., 75., 0., 0., 0.,
       0., 1., 10., 20., 5., 0., 0., 0., 0., 0., 0., 0., 0., 0., 0., 0.,
       28., 125., 0., 88., 1., 0., 0., 0., 15., 127., 69., 170., 9., 0.,
       0., 0., 0., 8., 88., 10., 1., 0., 0., 0., 0., 0., 0., 0., 0., 0.,
       0., 0., 3., 14., 0., 90., 0., 0., 0., 0., 2., 13., 32., 170., 0.,
       0., 0., 0., 0., 1., 47., 1., 0., 0., 0., 0., 0., 0., 0., 0., 6.,
       142., 57., 0., 0., 0., 0., 26., 101., 140., 7., 0., 0., 0., 0.,
       19., 30., 3., 0., 0., 0., 0., 0., 0., 0., 0., 0., 0., 0., 0., 0.,
       26., 17., 142., 85., 0., 0., 0., 23., 142., 110., 80., 5., 0., 0.,
       0., 54., 129., 21., 0., 0., 0., 0., 0., 8., 1., 0., 1., 0., 0.,
       0., 0., 0., 40., 1., 5., 4., 0., 0., 0., 139., 142., 61., 0., 0.,
       0., 0., 0., 83., 119., 65., 0., 0., 0., 0., 0., 2., 1., 2., 0.,
       0., 0., 0., 1., 0., 15., 1., 0., 1., 0., 0., 0., 97., 59., 97.,
       15., 8., 0., 0., 0., 12., 39., 142., 30., 2., 0., 0., 0., 0., 1.,
       55., 12., 0., 0., 0., 0., 0., 2., 15., 0., 0., 0., 0., 0., 0.,
       86., 13., 0., 0., 0., 0., 0., 19., 170., 1., 0., 0., 0., 0., 0.,
       109., 34., 0., 0., 0., 0., 0., 0., 20., 1., 5., 0., 0., 0., 10.,
       32., 5., 136., 22., 0., 0., 0., 0., 43., 47., 170., 26., 0., 0.,
       0., 0., 6., 59., 36., 3., 0., 0., 0., 0., 0., 3., 0., 0., 0., 0.,
       0., 12., 170., 43., 21., 1., 0., 0., 0., 0., 170., 170., 111., 3.,
       0., 0., 0., 0., 80., 170., 14., 1., 0., 0., 0., 0., 0., 7., 0.,
       0., 0., 0., 0., 0., 97., 14., 0., 0., 0., 0., 0., 0., 68., 22.,
       0., 0., 0., 0., 0., 0., 13., 11., 0., 0., 0., 0., 0., 0., 0., 0.,
       4., 153., 53., 0., 0., 0., 0., 0., 0., 54., 51., 0., 0., 0., 0.,
       0., 0., 11., 15., 0., 0., 0., 0., 0., 0., 0., 0., 0., 0., 0., 0.,
       0., 0., 153., 109., 1., 0., 0., 0., 0., 14., 153., 153., 0., 0.,
       0., 0., 0., 104., 153., 85., 0., 0., 0., 0., 1., 12., 6., 0., 0.,
       0., 0., 0., 0., 0., 7., 23., 10., 0., 0., 0., 0., 118., 47., 55.,
       3., 0., 0., 0., 17., 153., 51., 9., 0., 0., 0., 0., 52., 31., 1.,
       0., 0., 0., 0., 0., 4., 0., 0., 2., 2., 0., 0., 5., 6., 128., 0.,
       0., 0., 0., 0., 4., 83., 153., 0., 0., 0., 0., 0., 0., 101., 12.,
       0., 0., 0., 0., 0., 0., 4., 24., 24., 0., 0., 54., 17., 0., 0.,
       145., 112., 0., 0., 1., 0., 0., 1., 71., 21., 0., 0., 0., 0., 0.,
       0., 0., 0., 0., 0., 0., 0., 0., 0., 29., 1., 0., 0., 86., 29., 0.,
       3., 145., 24., 10., 1., 4., 2., 0., 24., 101., 29., 94., 3., 0.,
       0., 0., 3., 0., 23., 49., 0., 0., 0., 0., 0., 27., 2., 0., 0.,
       91., 32., 0., 2., 145., 50., 32., 21., 20., 10., 0., 8., 19., 47.,
       145., 57., 28., 26., 0., 0., 0., 145., 145., 1., 1., 2., 0., 0.,
       7., 4., 0., 0., 74., 24., 0., 0., 93., 84., 1., 2., 27., 21., 2.,
