%YAML:1.0
tag: !!opencv-matrix
   rows: 17
   cols: 128
   dt: f
   data: [ 2., 0., 0., 18., 172., 2., 0., 1., 89., 0., 0., 2., 66., 4.,
       0., 41., 37., 1., 0., 0., 0., 0., 5., 33., 41., 2., 0., 0., 0.,
       0., 3., 14., 4., 0., 0., 1., 172., 28., 0., 2., 134., 3., 0., 0.,
       69., 7., 0., 24., 46., 6., 1., 0., 0., 1., 2., 11., 62., 4., 1.,
       0., 0., 0., 1., 15., 3., 0., 0., 0., 172., 111., 0., 0., 105.,
       23., 0., 0., 75., 33., 1., 4., 41., 31., 4., 0., 0., 1., 1., 2.,
       84., 5., 1., 0., 0., 0., 0., 26., 0., 0., 0., 0., 172., 143., 0.,
       0., 35., 22., 0., 0., 100., 76., 0., 1., 37., 42., 4., 0., 0., 0.,
       0., 3., 102., 4., 1., 0., 0., 0., 0., 42., 0., 0., 0., 47., 148.,
       0., 0., 0., 54., 5., 0., 14., 61., 0., 0., 15., 125., 73., 0., 0.,
       0., 0., 0., 10., 72., 139., 0., 0., 0., 0., 0., 0., 3., 0., 0.,
       15., 148., 17., 0., 0., 98., 3., 0., 8., 61., 2., 0., 27., 77.,
       34., 0., 0., 0., 0., 0., 19., 97., 109., 0., 0., 0., 0., 0., 0.,
       3., 0., 0., 0., 148., 81., 0., 0., 120., 17., 0., 0., 73., 21.,
       0., 4., 54., 17., 0., 0., 0., 0., 1., 7., 83., 57., 0., 0., 0.,
       0., 0., 2., 0., 0., 0., 0., 148., 122., 0., 0., 70., 11., 0., 0.,
       84., 63., 1., 2., 48., 12., 1., 0., 0., 0., 0., 10., 44., 20., 1.,
       0., 0., 0., 0., 3., 25., 6., 1., 1., 4., 1., 0., 0., 50., 3., 0.,
       0., 13., 16., 2., 8., 159., 79., 0., 1., 21., 18., 1., 1., 166.,
       125., 0., 0., 0., 0., 0., 0., 38., 2., 0., 1., 8., 1., 0., 3.,
       108., 1., 0., 0., 11., 19., 3., 16., 123., 31., 0., 0., 39., 53.,
       4., 7., 166., 123., 0., 0., 0., 1., 0., 1., 29., 0., 0., 0., 4.,
       2., 2., 17., 117., 3., 0., 0., 10., 3., 0., 14., 65., 19., 1., 2.,
       83., 16., 0., 2., 166., 101., 0., 1., 5., 1., 0., 0., 18., 0., 0.,
       0., 0., 1., 2., 26., 61., 0., 0., 0., 5., 2., 0., 27., 36., 4.,
       0., 1., 71., 16., 1., 3., 166., 42., 0., 0., 9., 1., 0., 0., 52.,
       30., 1., 1., 31., 8., 0., 0., 183., 138., 0., 0., 2., 0., 0., 0.,
       65., 29., 0., 0., 0., 0., 1., 1., 1., 0., 0., 0., 0., 0., 2., 1.,
       45., 9., 1., 10., 49., 4., 0., 0., 183., 53., 0., 1., 6., 0., 0.,
       2., 164., 14., 0., 0., 0., 0., 0., 3., 2., 2., 0., 0., 0., 0., 1.,
       1., 54., 5., 3., 51., 26., 0., 0., 4., 183., 7., 1., 4., 2., 0.,
       0., 47., 159., 5., 1., 0., 0., 0., 0., 11., 4., 5., 1., 0., 0.,
       0., 0., 0., 78., 2., 2., 40., 5., 0., 0., 31., 183., 1., 0., 1.,
       0., 0., 0., 130., 67., 2., 1., 0., 0., 0., 1., 21., 4., 6., 0.,
       0., 0., 0., 0., 0., 13., 4., 1., 1., 1., 1., 1., 3., 114., 15.,
       0., 0., 0., 5., 3., 5., 202., 57., 0., 0., 0., 0., 0., 0., 68.,
       10., 0., 0., 0., 0., 0., 0., 34., 1., 0., 2., 3., 1., 1., 16.,
       120., 5., 0., 0., 9., 14., 3., 16., 202., 23., 0., 0., 1., 1., 0.,
       5., 110., 8., 0., 0., 0., 0., 0., 2., 44., 0., 0., 0., 2., 1., 1.,
       37., 109., 1., 0., 2., 22., 15., 3., 25., 202., 1., 0., 0., 1.,
       1., 0., 37., 106., 1., 0., 0., 0., 0., 0., 8., 23., 0., 0., 0.,
       4., 1., 1., 38., 94., 0., 0., 4., 32., 1., 0., 20., 202., 0., 0.,
       0., 1., 0., 0., 54., 64., 2., 0., 0., 0., 0., 0., 7., 35., 1., 0.,
       1., 3., 2., 1., 11., 137., 20., 0., 0., 6., 14., 3., 9., 199.,
       58., 0., 0., 0., 0., 0., 1., 44., 7., 0., 0., 0., 0., 0., 0., 52.,
       0., 0., 0., 3., 2., 1., 29., 142., 8., 0., 2., 26., 12., 2., 11.,
       199., 31., 0., 0., 1., 0., 0., 2., 73., 5., 0., 0., 0., 0., 0.,
       1., 37., 0., 0., 0., 4., 1., 1., 41., 129., 2., 0., 2., 46., 4.,
       0., 13., 199., 7., 0., 0., 2., 0., 0., 19., 73., 6., 0., 0., 0.,
       0., 0., 5., 26., 0., 0., 0., 7., 1., 0., 22., 107., 0., 0., 3.,
       44., 2., 0., 16., 199., 0., 0., 0., 1., 0., 0., 47., 45., 0., 0.,
       0., 0., 0., 1., 11., 0., 0., 6., 8., 0., 0., 0., 0., 0., 3., 42.,
       15., 0., 0., 0., 0., 1., 18., 28., 1., 0., 0., 0., 0., 1., 3., 2.,
       0., 0., 0., 0., 0., 0., 0., 46., 141., 0., 0., 0., 0., 11., 38.,
       141., 141., 0., 0., 0., 0., 109., 141., 82., 8., 0., 0., 0., 1.,
       24., 12., 1., 0., 0., 0., 0., 0., 0., 0., 23., 141., 9., 0., 0.,
       0., 93., 21., 52., 141., 9., 0., 0., 20., 141., 40., 11., 3., 0.,
       0., 0., 56., 45., 3., 0., 0., 0., 0., 0., 4., 2., 0., 2., 121.,
       15., 0., 0., 2., 117., 1., 1., 26., 7., 0., 0., 107., 141., 0.,
       0., 0., 0., 0., 0., 130., 15., 0., 0., 0., 0., 0., 0., 7., 0., 6.,
       52., 39., 0., 0., 57., 66., 14., 60., 46., 6., 0., 9., 106., 11.,
       8., 7., 0., 0., 0., 29., 138., 3., 0., 0., 0., 0., 0., 9., 138.,
       6., 24., 30., 137., 138., 0., 0., 1., 7., 138., 138., 64., 14.,
       0., 0., 0., 9., 82., 18., 0., 0., 0., 0., 6., 5., 1., 0., 0., 0.,
       0., 0., 10., 3., 55., 4., 19., 64., 0., 0., 7., 92., 138., 8., 2.,
       1., 0., 0., 0., 103., 102., 4., 0., 0., 0., 0., 0., 10., 2., 0.,
       0., 0., 0., 0., 0., 1., 55., 0., 0., 0., 0., 0., 4., 104., 138.,
       0., 0., 0., 0., 0., 0., 113., 48., 0., 0., 0., 0., 0., 0., 15.,
       1., 0., 0., 0., 0., 0., 0., 1., 9., 1., 0., 0., 0., 0., 3., 67.,
       1., 1., 3., 1., 0., 0., 70., 93., 3., 5., 3., 0., 0., 1., 126.,
       30., 0., 0., 0., 0., 0., 0., 126., 42., 11., 0., 0., 18., 6., 1.,
       26., 126., 8., 18., 58., 126., 7., 0., 24., 78., 107., 105., 50.,
       18., 0., 0., 40., 18., 28., 7., 0., 0., 0., 0., 53., 15., 0., 0.,
       0., 121., 87., 3., 31., 55., 46., 8., 16., 126., 48., 1., 1., 37.,
       126., 30., 10., 9., 0., 0., 0., 62., 59., 3., 0., 0., 0., 0., 0.,
       5., 1., 0., 0., 80., 126., 1., 1., 3., 59., 0., 0., 22., 33., 1.,
       1., 86., 126., 0., 0., 0., 0., 0., 0., 107., 24., 1., 0., 0., 0.,
       0., 0., 8., 0., 1., 0., 0., 115., 92., 0., 0., 56., 92., 2., 1.,
       40., 30., 0., 0., 118., 126., 3., 20., 42., 0., 0., 0., 1., 3.,
       1., 39., 126., 13., 1., 0., 0., 0., 0., 0., 74., 126., 0., 0.,
       56., 14., 0., 0., 72., 126., 12., 10., 126., 49., 1., 8., 51., 9.,
       8., 25., 6., 2., 0., 9., 126., 16., 0., 0., 0., 0., 0., 0., 7.,
       80., 3., 0., 8., 0., 0., 2., 12., 126., 87., 19., 58., 1., 0.,
       46., 54., 28., 65., 73., 2., 0., 0., 48., 114., 2., 0., 1., 0.,
       0., 0., 2., 2., 4., 0., 0., 0., 0., 0., 65., 25., 20., 12., 0.,
       0., 0., 0., 126., 45., 6., 9., 1., 0., 0., 1., 71., 17., 0., 0.,
       0., 2., 13., 21., 97., 76., 0., 0., 0., 89., 132., 30., 25., 10.,
       0., 0., 0., 30., 27., 6., 7., 0., 0., 0., 0., 0., 1., 35., 21.,
       0., 0., 0., 0., 8., 4., 1., 42., 132., 5., 0., 1., 132., 58., 5.,
       17., 36., 0., 0., 9., 77., 23., 48., 132., 5., 0., 0., 1., 0., 1.,
       132., 132., 3., 1., 0., 0., 7., 0., 0., 2., 132., 86., 12., 13.,
       132., 6., 4., 39., 41., 19., 16., 85., 26., 5., 12., 132., 86.,
       3., 0., 3., 1., 0., 17., 63., 23., 18., 2., 0., 0., 0., 20., 50.,
       33., 61., 14., 5., 7., 0., 17., 104., 28., 17., 19., 26., 1., 0.,
       1., 65., 59., 3., 0., 0., 0., 0., 0., 1., 21., 13., 2., 0., 0.,
       13., 31., 17., 3., 0., 0., 0., 50., 156., 30., 8., 1., 0., 0., 0.,
       133., 156., 0., 0., 0., 0., 0., 1., 11., 10., 0., 0., 0., 0., 0.,
       1., 0., 0., 30., 23., 1., 1., 40., 11., 84., 52., 15., 17., 1.,
       4., 73., 27., 156., 94., 1., 0., 0., 0., 8., 53., 43., 10., 0.,
       0., 0., 0., 0., 4., 0., 0., 2., 1., 0., 1., 156., 138., 16., 0.,
       0., 0., 0., 7., 156., 85., 114., 1., 0., 0., 0., 0., 85., 156.,
       18., 0., 0., 0., 0., 0., 0., 12., 1., 0., 0., 0., 0., 0., 52.,
       72., 0., 0., 0., 0., 0., 2., 72., 9., 0., 0., 0., 0., 0., 0., 20.,
       15., 0., 0., 0., 0., 0., 0., 0., 1., 1., 2., 17., 11., 0., 0., 0.,
       0., 0., 5., 53., 9., 0., 0., 0., 0., 0., 14., 18., 0., 0., 0., 0.,
       0., 0., 1., 0., 0., 0., 0., 0., 0., 1., 1., 160., 160., 0., 0.,
       0., 0., 10., 66., 160., 70., 1., 0., 0., 0., 89., 160., 106., 0.,
       0., 0., 0., 1., 19., 15., 0., 0., 0., 0., 0., 0., 0., 0., 52.,
       155., 27., 11., 1., 0., 88., 28., 79., 35., 17., 15., 1., 10.,
