%YAML:1.0
tag: !!opencv-matrix
   rows: 51
   cols: 128
   dt: f
   data: [ 70., 37., 5., 16., 24., 3., 1., 21., 43., 11., 4., 48., 129.,
       9., 1., 4., 147., 23., 1., 3., 6., 0., 0., 19., 33., 7., 2., 1.,
       0., 0., 4., 15., 120., 29., 2., 7., 33., 8., 0., 4., 73., 7., 1.,
       24., 147., 35., 1., 7., 147., 15., 0., 2., 6., 2., 0., 28., 48.,
       1., 0., 0., 0., 0., 2., 14., 124., 66., 1., 4., 24., 4., 0., 1.,
       56., 20., 1., 14., 147., 21., 0., 4., 147., 87., 0., 3., 12., 1.,
       0., 12., 46., 23., 2., 4., 1., 0., 0., 4., 108., 49., 1., 2., 8.,
       3., 0., 0., 40., 18., 2., 18., 110., 46., 3., 4., 147., 61., 1.,
       4., 12., 8., 2., 7., 69., 23., 1., 1., 0., 0., 2., 3., 22., 3.,
       0., 18., 139., 8., 0., 1., 139., 25., 1., 8., 36., 3., 0., 11.,
       11., 4., 1., 24., 139., 8., 0., 2., 0., 1., 1., 5., 47., 8., 4.,
       1., 25., 2., 0., 11., 139., 29., 0., 3., 139., 10., 0., 6., 54.,
       10., 0., 17., 17., 1., 1., 42., 139., 26., 0., 2., 0., 5., 13.,
       16., 33., 13., 3., 0., 20., 7., 1., 21., 139., 8., 0., 3., 139.,
       35., 2., 11., 52., 4., 0., 15., 17., 4., 2., 28., 139., 35., 4.,
       1., 0., 3., 7., 5., 24., 62., 16., 0., 12., 1., 0., 1., 139., 30.,
       1., 5., 119., 18., 1., 5., 39., 11., 2., 32., 9., 6., 4., 24.,
       139., 17., 1., 3., 1., 10., 22., 12., 20., 16., 2., 0., 16., 16.,
       3., 0., 1., 11., 23., 11., 139., 14., 1., 2., 6., 6., 5., 31.,
       41., 9., 2., 36., 115., 14., 1., 7., 139., 22., 1., 7., 16., 1.,
       0., 1., 24., 62., 13., 0., 0., 3., 7., 5., 139., 31., 3., 1., 15.,
       4., 2., 35., 51., 3., 0., 20., 139., 28., 2., 13., 139., 6., 0.,
       4., 23., 7., 1., 29., 35., 10., 2., 0., 0., 6., 11., 19., 139.,
       19., 0., 3., 19., 1., 1., 52., 55., 8., 0., 24., 139., 6., 0., 6.,
       139., 20., 0., 3., 22., 1., 0., 17., 57., 7., 3., 0., 0., 1., 1.,
       7., 139., 4., 0., 2., 17., 5., 1., 30., 35., 2., 0., 14., 139.,
       18., 1., 9., 139., 6., 0., 1., 16., 2., 0., 24., 36., 32., 3., 0.,
       0., 1., 6., 7., 139., 30., 0., 1., 25., 2., 0., 10., 60., 7., 0.,
       4., 127., 9., 0., 4., 139., 16., 0., 0., 4., 0., 0., 4., 60., 10.,
       2., 0., 0., 0., 4., 9., 139., 9., 0., 1., 25., 6., 1., 28., 66.,
       6., 0., 2., 139., 24., 1., 7., 139., 19., 0., 0., 8., 1., 0., 6.,
       71., 6., 0., 0., 0., 0., 0., 10., 139., 15., 1., 5., 20., 2., 0.,
       18., 61., 4., 1., 17., 139., 13., 0., 6., 139., 12., 0., 0., 8.,
       1., 0., 6., 68., 2., 0., 0., 0., 1., 0., 16., 139., 0., 0., 0.,
       23., 4., 1., 46., 39., 2., 0., 7., 123., 8., 1., 5., 139., 6., 0.,
       1., 5., 0., 0., 6., 27., 6., 0., 0., 34., 6., 1., 4., 39., 8., 0.,
       1., 165., 38., 0., 0., 165., 46., 0., 0., 14., 3., 0., 0., 40.,
       12., 4., 4., 0., 0., 0., 0., 30., 6., 0., 2., 28., 3., 0., 2.,
       37., 10., 1., 22., 165., 17., 0., 1., 165., 39., 1., 7., 33., 1.,
       0., 3., 71., 5., 1., 1., 1., 3., 2., 4., 27., 3., 0., 6., 34., 2.,
       1., 9., 46., 2., 1., 35., 165., 6., 1., 9., 165., 5., 0., 4., 30.,
       2., 0., 52., 64., 3., 0., 0., 0., 1., 0., 13., 31., 5., 1., 9.,
       43., 3., 1., 12., 54., 3., 0., 38., 165., 3., 0., 6., 165., 17.,
       0., 3., 13., 0., 0., 31., 42., 3., 0., 0., 0., 0., 0., 15., 0.,
       0., 0., 13., 61., 9., 0., 0., 30., 1., 0., 17., 162., 35., 0., 3.,
       162., 9., 1., 3., 32., 4., 0., 16., 26., 3., 1., 10., 36., 7., 1.,
       3., 0., 0., 0., 10., 72., 7., 0., 0., 37., 4., 0., 26., 162., 19.,
       0., 2., 162., 19., 1., 5., 40., 3., 1., 14., 28., 3., 0., 5., 30.,
       4., 0., 3., 1., 3., 2., 3., 61., 9., 0., 1., 29., 2., 0., 1.,
       162., 75., 1., 4., 162., 39., 0., 0., 39., 16., 1., 9., 33., 8.,
       0., 1., 27., 10., 0., 1., 0., 0., 0., 0., 24., 13., 4., 5., 5.,
       2., 0., 0., 162., 75., 1., 1., 155., 58., 0., 0., 54., 19., 0.,
       0., 48., 18., 1., 2., 24., 7., 0., 0., 17., 17., 1., 2., 38., 8.,
       0., 0., 31., 9., 2., 11., 165., 37., 0., 3., 165., 44., 2., 3.,
       13., 4., 0., 5., 50., 9., 0., 0., 0., 0., 0., 2., 40., 11., 0.,
       2., 24., 11., 1., 2., 40., 3., 0., 7., 165., 61., 1., 5., 165.,
       21., 0., 2., 32., 8., 0., 10., 74., 10., 0., 0., 0., 0., 0., 1.,
       39., 5., 0., 2., 23., 2., 4., 11., 41., 2., 0., 15., 165., 11.,
       0., 4., 165., 4., 0., 2., 38., 2., 0., 13., 83., 2., 0., 0., 0.,
       0., 1., 5., 27., 1., 0., 4., 25., 0., 1., 6., 35., 1., 0., 27.,
       165., 1., 0., 4., 165., 1., 0., 3., 22., 0., 0., 30., 51., 4., 4.,
       2., 0., 0., 0., 5., 0., 0., 0., 6., 43., 4., 4., 2., 16., 0., 0.,
       43., 164., 1., 0., 3., 164., 0., 0., 7., 41., 1., 0., 37., 30.,
       0., 0., 6., 26., 1., 0., 7., 0., 0., 1., 8., 78., 1., 0., 0., 35.,
       1., 0., 27., 164., 2., 0., 3., 164., 6., 0., 6., 43., 1., 0., 24.,
       26., 2., 3., 13., 38., 4., 0., 3., 0., 0., 0., 2., 81., 8., 0.,
       0., 35., 7., 0., 17., 164., 12., 0., 2., 164., 53., 1., 6., 38.,
       3., 0., 11., 22., 9., 1., 3., 42., 9., 0., 2., 0., 0., 1., 3.,
       60., 8., 0., 0., 18., 4., 0., 8., 164., 35., 2., 4., 164., 32.,
       0., 3., 25., 7., 2., 15., 32., 6., 0., 0., 20., 16., 1., 3., 10.,
       6., 1., 1., 39., 6., 1., 9., 42., 5., 0., 0., 165., 47., 1., 2.,
       165., 25., 0., 0., 18., 6., 0., 3., 40., 6., 2., 1., 0., 1., 0.,
       1., 15., 1., 0., 4., 38., 9., 2., 12., 38., 2., 1., 16., 165.,
       31., 1., 2., 165., 7., 1., 3., 36., 5., 0., 10., 55., 2., 0., 1.,
       1., 3., 1., 7., 11., 0., 0., 12., 43., 8., 2., 14., 44., 2., 0.,
       51., 165., 15., 1., 6., 165., 4., 0., 5., 32., 2., 1., 29., 51.,
       3., 0., 1., 1., 0., 0., 4., 3., 1., 0., 17., 65., 1., 0., 5., 54.,
       2., 0., 58., 165., 0., 0., 12., 165., 4., 0., 4., 13., 0., 0.,
       51., 27., 2., 0., 1., 0., 0., 0., 8., 0., 0., 0., 8., 29., 3., 0.,
       1., 15., 0., 0., 47., 166., 5., 0., 5., 166., 1., 0., 9., 49., 3.,
       0., 53., 62., 1., 0., 6., 3., 1., 0., 14., 1., 0., 0., 3., 52.,
       3., 0., 1., 34., 2., 1., 23., 166., 6., 0., 5., 166., 18., 1., 5.,
       42., 3., 0., 46., 42., 8., 2., 14., 11., 0., 0., 10., 1., 3., 1.,
       6., 54., 2., 0., 1., 34., 5., 0., 7., 166., 10., 1., 3., 166.,
       35., 1., 2., 40., 3., 1., 13., 39., 9., 2., 11., 15., 1., 0., 4.,
       0., 1., 0., 1., 37., 7., 2., 1., 15., 6., 0., 2., 166., 29., 0.,
       0., 166., 52., 1., 2., 46., 6., 0., 0., 43., 8., 1., 8., 9., 6.,
       1., 0., 1., 36., 82., 1., 1., 21., 58., 5., 7., 149., 91., 1., 8.,
       22., 19., 2., 50., 149., 18., 0., 1., 1., 0., 0., 13., 29., 1.,
       0., 2., 0., 0., 0., 5., 2., 2., 7., 10., 20., 47., 8., 38., 36.,
       5., 34., 120., 41., 19., 4., 149., 113., 2., 6., 13., 2., 0., 5.,
       86., 18., 0., 0., 0., 0., 1., 3., 8., 13., 8., 22., 26., 2., 1.,
       7., 69., 7., 3., 85., 149., 2., 0., 9., 149., 8., 1., 7., 10., 0.,
       0., 55., 97., 1., 0., 0., 0., 0., 1., 13., 11., 10., 5., 17., 40.,
       5., 1., 10., 79., 3., 1., 37., 129., 13., 1., 22., 149., 2., 0.,
       1., 2., 1., 0., 49., 59., 2., 0., 0., 0., 0., 0., 6., 33., 6., 3.,
       1., 1., 2., 1., 7., 136., 13., 1., 2., 1., 0., 0., 50., 54., 9.,
       4., 63., 68., 3., 2., 26., 135., 1., 1., 16., 28., 1., 0., 59.,
       56., 6., 0., 0., 0., 1., 1., 12., 136., 12., 1., 4., 11., 1., 0.,
       34., 77., 5., 2., 51., 127., 2., 0., 24., 136., 1., 1., 8., 11.,
       0., 0., 99., 62., 3., 0., 0., 0., 0., 0., 11., 136., 21., 1., 9.,
       17., 0., 0., 8., 118., 10., 3., 47., 107., 4., 0., 16., 136., 7.,
       1., 1., 3., 0., 0., 43., 46., 8., 0., 0., 0., 0., 0., 1., 136.,
       27., 2., 7., 14., 1., 0., 2., 99., 19., 3., 26., 62., 6., 1., 11.,
       136., 15., 0., 0., 0., 0., 0., 18., 4., 0., 0., 25., 137., 2., 0.,
       1., 137., 6., 1., 11., 48., 1., 0., 22., 35., 4., 1., 59., 115.,
       0., 0., 3., 0., 0., 4., 43., 59., 0., 0., 0., 8., 0., 0., 3.,
       137., 8., 0., 1., 137., 6., 0., 5., 63., 1., 0., 10., 31., 2., 0.,
       51., 137., 0., 0., 2., 0., 1., 2., 32., 76., 0., 0., 0., 8., 1.,
