%YAML:1.0
tag: !!opencv-matrix
   rows: 11
   cols: 128
   dt: f
   data: [ 0., 0., 1., 0., 0., 0., 113., 50., 0., 0., 5., 1., 0., 3.,
       136., 34., 1., 1., 2., 0., 0., 38., 136., 2., 0., 0., 0., 0., 0.,
       50., 120., 0., 0., 0., 109., 70., 0., 0., 87., 42., 7., 25., 136.,
       42., 0., 1., 78., 16., 94., 85., 56., 2., 0., 18., 103., 10., 19.,
       2., 0., 0., 0., 61., 136., 6., 0., 0., 90., 80., 0., 0., 0., 0.,
       67., 17., 83., 20., 0., 0., 0., 10., 136., 33., 11., 0., 0., 0.,
       0., 40., 48., 1., 0., 0., 0., 2., 6., 7., 0., 0., 2., 3., 0., 0.,
       0., 0., 88., 0., 0., 0., 0., 0., 0., 36., 136., 0., 0., 0., 0.,
       0., 0., 79., 21., 0., 0., 0., 0., 0., 0., 6., 0., 0., 0., 0., 0.,
       0., 71., 40., 0., 0., 1., 0., 0., 1., 132., 37., 0., 0., 0., 0.,
       0., 25., 132., 4., 0., 0., 0., 0., 0., 39., 103., 0., 0., 0., 49.,
       70., 1., 1., 108., 63., 8., 26., 132., 46., 0., 0., 93., 29., 98.,
       69., 38., 1., 0., 17., 132., 20., 16., 1., 0., 0., 0., 70., 132.,
       9., 0., 0., 67., 132., 1., 0., 2., 1., 73., 20., 82., 33., 0., 0.,
       0., 12., 132., 33., 10., 0., 0., 0., 1., 46., 46., 0., 0., 0., 0.,
       4., 14., 9., 1., 0., 3., 15., 0., 0., 0., 1., 97., 0., 0., 0., 0.,
       0., 0., 50., 132., 0., 0., 0., 0., 0., 0., 93., 20., 0., 0., 0.,
       0., 0., 0., 6., 0., 0., 0., 0., 0., 0., 0., 0., 114., 1., 0., 0.,
       0., 0., 0., 17., 169., 2., 0., 0., 0., 0., 0., 69., 32., 0., 0.,
       0., 0., 0., 0., 9., 0., 0., 0., 0., 0., 0., 27., 9., 141., 5., 0.,
       0., 0., 0., 42., 54., 169., 23., 0., 0., 0., 0., 6., 57., 37., 5.,
       0., 0., 0., 0., 0., 2., 0., 0., 0., 0., 0., 0., 169., 82., 18.,
       0., 0., 0., 0., 0., 169., 169., 100., 2., 0., 0., 0., 0., 72.,
       169., 14., 1., 0., 0., 0., 0., 0., 10., 0., 0., 0., 0., 0., 0.,
       109., 27., 0., 0., 0., 0., 0., 0., 70., 30., 0., 0., 0., 0., 0.,
       0., 14., 15., 0., 0., 0., 0., 0., 0., 0., 1., 0., 151., 61., 0.,
       0., 0., 0., 0., 0., 63., 59., 0., 0., 0., 0., 0., 0., 14., 15.,
       1., 0., 0., 0., 0., 0., 1., 0., 0., 0., 0., 0., 0., 0., 151.,
       104., 0., 0., 0., 0., 0., 17., 151., 151., 0., 0., 0., 0., 0.,
       105., 151., 67., 0., 0., 0., 0., 1., 15., 8., 0., 0., 0., 0., 0.,
       0., 0., 8., 8., 0., 0., 0., 0., 0., 133., 54., 32., 0., 0., 0.,
       0., 23., 151., 49., 5., 0., 0., 0., 0., 60., 32., 1., 0., 0., 0.,
       0., 0., 4., 2., 0., 0., 0., 0., 0., 0., 1., 151., 0., 0., 0., 0.,
       0., 0., 63., 151., 0., 0., 0., 0., 0., 0., 92., 12., 0., 0., 0.,
       0., 0., 0., 3., 0., 0., 0., 0., 0., 0., 0., 0., 102., 1., 0., 0.,
       0., 0., 0., 22., 162., 2., 0., 0., 0., 0., 0., 95., 30., 0., 0.,
       0., 0., 0., 0., 14., 0., 0., 0., 0., 0., 0., 12., 6., 136., 8.,
       0., 0., 0., 0., 26., 50., 162., 35., 0., 0., 0., 0., 5., 57., 34.,
       5., 0., 0., 0., 0., 0., 2., 0., 0., 0., 0., 0., 0., 162., 99.,
       18., 0., 0., 0., 0., 0., 162., 162., 104., 4., 0., 0., 0., 0.,
       66., 162., 14., 1., 0., 0., 0., 0., 0., 6., 0., 0., 0., 0., 0.,
       0., 139., 47., 0., 0., 0., 0., 0., 0., 79., 47., 0., 0., 0., 0.,
       0., 0., 13., 14., 0., 0., 0., 0., 0., 0., 0., 0., 15., 157., 27.,
       0., 0., 0., 0., 0., 0., 91., 53., 0., 0., 0., 0., 0., 0., 14.,
       16., 0., 0., 0., 0., 0., 0., 0., 0., 0., 0., 0., 0., 0., 0., 157.,
       60., 0., 0., 0., 0., 0., 17., 157., 157., 0., 0., 0., 0., 0.,
       108., 157., 71., 0., 0., 0., 0., 1., 11., 6., 0., 0., 0., 0., 0.,
       0., 0., 7., 4., 0., 0., 0., 0., 0., 123., 50., 26., 0., 0., 0.,
       0., 17., 157., 49., 5., 0., 0., 0., 0., 50., 32., 1., 0., 0., 0.,
       0., 0., 4., 1., 0., 0., 0., 0., 0., 0., 0., 145., 0., 0., 0., 0.,
       0., 0., 54., 157., 0., 0., 0., 0., 0., 0., 92., 14., 0., 0., 0.,
       0., 0., 0., 4., 22., 33., 1., 0., 0., 0., 0., 0., 148., 131., 0.,
       0., 0., 0., 0., 1., 97., 29., 0., 0., 0., 0., 0., 0., 0., 0., 0.,
       0., 0., 0., 0., 0., 33., 1., 0., 0., 0., 0., 0., 3., 148., 25.,
       4., 0., 0., 0., 0., 25., 148., 37., 41., 0., 0., 0., 0., 5., 0.,
       12., 17., 0., 0., 0., 0., 0., 35., 4., 0., 0., 0., 0., 0., 1.,
       148., 86., 41., 7., 2., 2., 0., 6., 31., 109., 148., 20., 7., 9.,
       1., 1., 1., 148., 128., 0., 0., 1., 0., 0., 9., 5., 0., 0., 0.,
       0., 0., 0., 103., 57., 4., 3., 3., 6., 5., 4., 40., 25., 35., 10.,
       10., 101., 68., 13., 24., 128., 30., 0., 0., 41., 63., 10., 1.,
       0., 0., 0., 0., 0., 0., 0., 106., 1., 0., 0., 0., 0., 0., 26.,
       155., 2., 0., 0., 0., 0., 0., 100., 37., 0., 0., 0., 0., 0., 0.,
       22., 1., 0., 0., 0., 0., 0., 11., 7., 148., 6., 0., 0., 0., 0.,
       18., 52., 155., 29., 0., 0., 0., 0., 2., 49., 42., 5., 0., 0., 0.,
       0., 0., 2., 0., 0., 0., 0., 0., 0., 155., 95., 21., 0., 0., 0.,
       0., 0., 155., 155., 106., 3., 0., 0., 0., 0., 48., 155., 11., 1.,
       0., 0., 0., 0., 0., 1., 0., 0., 0., 0., 0., 0., 155., 60., 0., 0.,
       0., 0., 0., 0., 96., 61., 0., 0., 0., 0., 0., 0., 12., 11., 0.,
       0., 0., 0., 0., 0., 0., 0., 12., 11., 0., 0., 0., 0., 0., 0., 74.,
       135., 33., 2., 0., 0., 2., 4., 58., 76., 109., 6., 1., 1., 69.,
       66., 58., 69., 15., 0., 0., 0., 29., 66., 1., 1., 0., 0., 0., 0.,
       30., 28., 93., 49., 0., 0., 0., 1., 97., 43., 146., 46., 0., 0.,
       0., 0., 52., 112., 39., 0., 0., 0., 0., 0., 32., 66., 23., 0., 0.,
       0., 0., 0., 107., 146., 14., 0., 0., 0., 0., 15., 146., 119.,
       119., 1., 0., 0., 0., 4., 82., 121., 19., 0., 0., 0., 0., 0., 0.,
       4., 45., 0., 0., 0., 0., 0., 12., 123., 1., 0., 0., 0., 0., 3.,
       28., 17., 0., 0., 0., 0., 0., 1., 4., 1., 0., 0., 0., 0., 0., 0.,
       0., 0., 38., 54., 58., 94., 25., 0., 0., 0., 58., 82., 40., 1.,
       0., 0., 0., 0., 1., 8., 19., 0., 0., 0., 0., 0., 0., 0., 0., 0.,
       0., 0., 0., 0., 63., 44., 61., 89., 107., 3., 1., 2., 64., 125.,
       145., 25., 0., 0., 0., 1., 77., 136., 113., 0., 0., 0., 0., 8.,
       3., 1., 0., 0., 0., 0., 0., 1., 1., 2., 86., 100., 15., 0., 0.,
       0., 122., 38., 86., 29., 0., 0., 0., 7., 145., 81., 11., 0., 0.,
       0., 0., 44., 20., 7., 0., 0., 0., 0., 0., 4., 0., 0., 6., 3., 0.,
       0., 0., 0., 53., 37., 0., 0., 0., 0., 0., 0., 145., 145., 15., 0.,
       0., 0., 0., 1., 10., 79., 19., 0., 0., 0., 0., 0., 14., 98., 138.,
       75., 9., 0., 0., 0., 31., 138., 61., 4., 0., 0., 0., 0., 0., 3.,
       12., 2., 0., 0., 0., 0., 0., 0., 0., 0., 0., 0., 0., 0., 6., 84.,
       33., 82., 20., 0., 0., 0., 44., 138., 138., 4., 0., 0., 0., 8.,
       138., 74., 53., 3., 0., 0., 0., 18., 7., 1., 0., 0., 0., 0., 0.,
       1., 1., 2., 1., 7., 7., 15., 44., 13., 59., 22., 8., 0., 0., 1.,
       17., 138., 138., 28., 1., 0., 0., 0., 4., 129., 9., 2., 0., 0.,
       0., 0., 0., 1., 0., 0., 0., 0., 0., 28., 138., 34., 15., 0., 0.,
       0., 0., 9., 135., 138., 4., 0., 0., 0., 0., 0., 2., 28., 0., 0.,
       0., 0., 0., 0., 0., 0. ]
