%YAML:1.0
tag: !!opencv-matrix
   rows: 2
   cols: 128
   dt: f
   data: [ 4., 0., 0., 0., 18., 17., 5., 43., 31., 11., 4., 1., 1., 0.,
       32., 135., 46., 34., 3., 0., 0., 0., 85., 135., 14., 1., 0., 0.,
       0., 0., 11., 103., 2., 0., 0., 0., 23., 38., 135., 135., 44., 35.,
       15., 20., 113., 49., 61., 135., 135., 127., 12., 9., 18., 3., 2.,
       27., 35., 9., 0., 0., 0., 0., 0., 4., 0., 0., 0., 0., 12., 25.,
       127., 54., 22., 2., 0., 2., 135., 135., 34., 25., 135., 11., 0.,
       1., 18., 37., 11., 33., 15., 2., 0., 0., 0., 0., 0., 0., 0., 0.,
       0., 0., 2., 4., 1., 0., 0., 0., 0., 0., 14., 50., 1., 0., 1., 0.,
       0., 0., 1., 10., 1., 1., 0., 0., 0., 0., 0., 0., 0., 0., 0., 0.,
       0., 0., 0., 0., 0., 0., 1., 1., 1., 1., 1., 0., 0., 0., 17., 17.,
       1., 1., 1., 0., 0., 0., 5., 3., 0., 0., 0., 0., 0., 0., 0., 0.,
       0., 6., 20., 0., 0., 0., 15., 12., 7., 99., 131., 1., 0., 3.,
       131., 91., 17., 29., 18., 1., 0., 10., 36., 19., 37., 1., 0., 0.,
       0., 0., 0., 0., 20., 29., 50., 2., 0., 0., 18., 2., 17., 78.,
       131., 59., 11., 18., 131., 36., 131., 80., 17., 13., 8., 38., 25.,
       60., 131., 30., 0., 0., 0., 1., 0., 0., 130., 131., 7., 0., 0.,
       0., 0., 0., 131., 131., 28., 14., 2., 1., 2., 2., 75., 131., 3.,
       3., 2., 1., 104., 29., 49., 18., 0., 0., 0., 8. ]
