%YAML:1.0
tag: !!opencv-matrix
   rows: 26
   cols: 128
   dt: f
   data: [ 12., 12., 2., 6., 130., 20., 0., 0., 126., 22., 1., 1., 2.,
       0., 0., 5., 51., 3., 1., 10., 5., 0., 0., 5., 3., 0., 1., 30.,
       21., 0., 1., 11., 25., 5., 0., 2., 132., 60., 0., 1., 132., 15.,
       1., 2., 11., 3., 0., 17., 41., 3., 2., 39., 17., 0., 1., 18., 15.,
       0., 1., 24., 9., 0., 1., 121., 12., 0., 0., 0., 132., 132., 4.,
       3., 132., 40., 4., 1., 15., 34., 10., 29., 27., 18., 7., 14., 9.,
       1., 18., 132., 11., 0., 0., 1., 1., 0., 13., 132., 0., 0., 0., 0.,
       62., 132., 17., 1., 19., 2., 0., 0., 7., 75., 101., 108., 15., 1.,
       0., 0., 0., 0., 19., 132., 1., 0., 0., 0., 0., 0., 9., 67., 1.,
       1., 2., 13., 27., 4., 2., 1., 93., 2., 1., 35., 44., 1., 0., 68.,
       130., 21., 84., 26., 1., 0., 0., 125., 8., 18., 130., 9., 0., 0.,
       0., 10., 3., 5., 3., 14., 54., 4., 2., 1., 130., 8., 2., 19., 65.,
       2., 0., 43., 73., 14., 104., 130., 119., 7., 2., 17., 0., 24.,
       130., 51., 14., 5., 19., 3., 5., 2., 1., 3., 58., 18., 5., 4.,
       130., 54., 1., 6., 64., 17., 0., 3., 41., 23., 2., 20., 130., 75.,
       9., 4., 4., 1., 7., 4., 22., 38., 69., 40., 7., 5., 0., 0., 34.,
       14., 0., 1., 64., 50., 1., 1., 61., 27., 0., 0., 57., 45., 1., 2.,
       82., 49., 2., 2., 33., 13., 0., 1., 32., 23., 8., 17., 39., 38.,
       4., 10., 27., 18., 0., 1., 57., 51., 1., 1., 58., 71., 2., 1.,
       59., 41., 0., 0., 41., 48., 1., 1., 22., 15., 0., 1., 6., 7., 0.,
       0., 22., 42., 57., 48., 8., 1., 1., 2., 128., 95., 8., 3., 40.,
       35., 2., 10., 61., 24., 0., 1., 128., 69., 1., 4., 50., 21., 5.,
       4., 4., 2., 1., 3., 16., 8., 27., 8., 0., 10., 128., 59., 128.,
       14., 3., 8., 63., 14., 88., 128., 66., 3., 0., 27., 128., 16., 3.,
       13., 61., 6., 2., 1., 4., 4., 3., 9., 0., 0., 0., 2., 3., 12.,
       128., 26., 1., 0., 0., 77., 128., 22., 107., 48., 39., 2., 0.,
       66., 128., 4., 2., 25., 32., 4., 2., 1., 1., 1., 2., 17., 0., 10.,
       5., 3., 18., 2., 0., 0., 74., 44., 1., 3., 92., 15., 0., 1., 181.,
       121., 0., 0., 4., 1., 0., 2., 28., 14., 0., 0., 0., 0., 1., 1.,
       2., 5., 5., 5., 10., 1., 0., 0., 76., 9., 2., 12., 116., 11., 0.,
       4., 181., 42., 0., 1., 11., 1., 0., 12., 68., 11., 0., 0., 0., 0.,
       0., 2., 2., 11., 16., 13., 7., 0., 0., 1., 87., 8., 4., 37., 96.,
       3., 0., 9., 181., 12., 0., 4., 9., 0., 0., 57., 63., 6., 0., 0.,
       0., 0., 0., 9., 2., 45., 94., 13., 4., 2., 2., 1., 125., 14., 45.,
       64., 37., 0., 0., 30., 181., 3., 1., 3., 2., 0., 0., 100., 23.,
       4., 1., 1., 2., 2., 1., 7., 4., 0., 0., 32., 146., 1., 0., 1.,
       111., 0., 0., 4., 40., 1., 0., 32., 49., 5., 1., 0., 0., 0., 0.,
       16., 4., 4., 1., 0., 0., 0., 1., 4., 12., 2., 0., 55., 146., 1.,
       0., 1., 146., 19., 2., 8., 28., 0., 0., 23., 36., 15., 14., 1.,
       0., 2., 3., 12., 7., 7., 16., 3., 0., 0., 0., 3., 6., 3., 0., 11.,
       146., 106., 53., 2., 66., 54., 12., 2., 13., 23., 128., 19., 10.,
       38., 68., 1., 0., 2., 86., 12., 1., 6., 53., 10., 0., 0., 65.,
       15., 0., 0., 0., 0., 12., 100., 120., 0., 1., 0., 0., 0., 0., 37.,
       146., 6., 1., 1., 1., 0., 0., 7., 146., 10., 0., 0., 1., 0., 0.,
       0., 146., 33., 13., 1., 0., 0., 164., 72., 0., 1., 164., 2., 0.,
       0., 21., 5., 0., 15., 72., 6., 0., 0., 0., 0., 0., 14., 3., 4.,
       3., 1., 0., 0., 2., 4., 13., 0., 0., 0., 164., 64., 0., 2., 164.,
       4., 0., 0., 43., 10., 0., 16., 77., 12., 1., 0., 0., 0., 0., 8.,
       6., 7., 2., 0., 0., 0., 2., 4., 10., 1., 0., 6., 164., 18., 0.,
       0., 164., 24., 1., 1., 63., 3., 0., 4., 64., 19., 11., 1., 0., 2.,
       4., 7., 8., 10., 18., 8., 0., 0., 1., 3., 2., 2., 0., 2., 164.,
       68., 8., 0., 81., 71., 8., 2., 52., 20., 45., 16., 22., 40., 76.,
       4., 0., 1., 44., 21., 2., 4., 51., 18., 0., 0., 51., 29., 52.,
       23., 0., 0., 32., 46., 2., 1., 176., 113., 0., 0., 3., 3., 1., 1.,
       62., 19., 0., 0., 0., 0., 0., 1., 2., 2., 0., 0., 2., 1., 1., 1.,
       40., 33., 2., 2., 53., 21., 0., 2., 176., 29., 0., 0., 13., 6.,
       0., 8., 125., 7., 0., 0., 0., 0., 0., 4., 7., 1., 0., 0., 0., 0.,
       0., 1., 58., 147., 10., 3., 21., 7., 1., 7., 176., 8., 3., 1., 9.,
       3., 1., 67., 109., 1., 0., 0., 0., 0., 0., 20., 2., 0., 0., 0.,
       0., 0., 0., 5., 74., 91., 8., 0., 0., 76., 111., 42., 176., 17.,
       2., 0., 0., 0., 14., 114., 50., 0., 0., 0., 0., 0., 0., 18., 0.,
       0., 0., 0., 0., 0., 0., 1., 7., 23., 2., 1., 13., 22., 0., 0.,
       71., 25., 0., 0., 29., 27., 1., 1., 153., 67., 0., 0., 0., 0., 0.,
       0., 35., 7., 0., 0., 0., 0., 0., 0., 7., 129., 9., 1., 7., 2., 0.,
       0., 68., 22., 1., 1., 44., 17., 0., 3., 153., 29., 0., 0., 2., 1.,
       0., 5., 65., 5., 0., 0., 0., 0., 0., 2., 10., 153., 13., 1., 2.,
       39., 7., 0., 70., 123., 23., 2., 12., 5., 1., 7., 153., 11., 1.,
       0., 1., 1., 0., 32., 65., 1., 0., 0., 0., 0., 0., 9., 3., 29., 1.,
       0., 0., 153., 122., 2., 81., 73., 10., 0., 0., 33., 106., 53.,
       153., 12., 1., 0., 0., 0., 8., 74., 39., 0., 0., 0., 0., 0., 0.,
       9., 9., 19., 8., 95., 133., 0., 0., 0., 31., 63., 20., 6., 3., 0.,
       0., 3., 7., 13., 13., 18., 19., 1., 0., 1., 14., 0., 0., 17., 65.,
       3., 1., 27., 18., 27., 11., 39., 133., 15., 0., 1., 123., 72.,
       13., 5., 6., 1., 0., 9., 30., 9., 9., 61., 13., 0., 0., 13., 53.,
       1., 2., 32., 22., 1., 2., 129., 22., 7., 0., 0., 133., 98., 2.,
       2., 99., 68., 13., 4., 14., 10., 4., 29., 19., 13., 23., 41., 1.,
       0., 12., 100., 43., 9., 62., 47., 1., 0., 1., 114., 1., 2., 19.,
       13., 132., 133., 29., 4., 17., 10., 9., 21., 9., 42., 88., 99.,
       5., 2., 13., 90., 4., 0., 17., 76., 3., 2., 36., 53., 2., 0., 7.,
       51., 70., 36., 0., 0., 34., 33., 1., 0., 188., 146., 0., 0., 3.,
       1., 0., 0., 48., 23., 0., 0., 0., 0., 0., 1., 4., 3., 0., 0., 0.,
       0., 1., 3., 48., 8., 0., 0., 73., 31., 2., 2., 188., 69., 0., 0.,
       12., 5., 0., 3., 135., 14., 0., 0., 0., 0., 0., 8., 2., 0., 0.,
       0., 0., 0., 2., 7., 36., 1., 0., 0., 78., 25., 1., 4., 188., 9.,
       0., 0., 16., 4., 0., 30., 161., 6., 0., 0., 0., 0., 0., 9., 3.,
       1., 0., 0., 1., 0., 0., 1., 34., 0., 0., 6., 64., 12., 1., 11.,
       188., 0., 0., 1., 11., 1., 0., 80., 91., 2., 0., 0., 0., 0., 0.,
       15., 1., 4., 2., 0., 0., 0., 0., 0., 0., 0., 0., 0., 19., 24., 3.,
       0., 121., 37., 0., 0., 45., 28., 0., 0., 188., 102., 0., 0., 1.,
       0., 0., 0., 33., 13., 0., 0., 0., 0., 0., 0., 0., 0., 0., 0., 13.,
       22., 5., 0., 99., 17., 0., 0., 89., 34., 1., 2., 188., 74., 0.,
       0., 6., 1., 0., 5., 77., 12., 0., 0., 0., 0., 0., 3., 0., 0., 0.,
       0., 18., 19., 8., 0., 88., 1., 0., 2., 112., 14., 1., 15., 188.,
       5., 0., 0., 6., 1., 0., 56., 85., 1., 0., 0., 0., 0., 0., 16., 0.,
       0., 0., 1., 23., 15., 1., 1., 83., 0., 0., 4., 79., 9., 1., 30.,
       188., 0., 0., 0., 2., 0., 0., 94., 49., 1., 0., 0., 0., 0., 0.,
       10., 15., 7., 0., 0., 91., 94., 0., 0., 155., 11., 0., 0., 3., 1.,
       0., 4., 82., 6., 1., 1., 1., 0., 0., 5., 3., 4., 0., 1., 1., 0.,
       1., 3., 17., 4., 0., 1., 155., 141., 0., 0., 155., 12., 0., 0.,
       23., 8., 0., 9., 92., 9., 1., 0., 0., 0., 0., 13., 4., 4., 3., 2.,
       0., 0., 3., 6., 12., 0., 0., 0., 155., 119., 0., 1., 155., 11.,
       0., 0., 55., 20., 1., 5., 83., 16., 2., 0., 0., 0., 0., 5., 6.,
       7., 3., 1., 0., 0., 2., 4., 4., 1., 0., 2., 155., 50., 0., 0.,
       155., 28., 0., 1., 82., 13., 0., 2., 62., 20., 10., 1., 0., 1.,
       3., 5., 6., 8., 17., 10., 0., 0., 0., 2., 27., 32., 4., 1., 14.,
       17., 0., 1., 146., 76., 0., 0., 2., 2., 0., 1., 81., 18., 0., 0.,
       0., 0., 0., 1., 4., 1., 0., 0., 0., 0., 0., 1., 23., 146., 16.,
       1., 3., 9., 3., 1., 146., 51., 2., 0., 1., 1., 0., 2., 146., 7.,
       0., 0., 0., 0., 0., 6., 3., 0., 0., 0., 0., 0., 0., 3., 27., 66.,
