%YAML:1.0
tag: !!opencv-matrix
   rows: 21
   cols: 128
   dt: f
   data: [ 92., 88., 1., 1., 35., 21., 1., 2., 78., 34., 1., 1., 98.,
       56., 0., 0., 133., 80., 0., 0., 2., 1., 0., 0., 23., 8., 0., 0.,
       0., 0., 0., 0., 133., 100., 1., 1., 11., 5., 1., 3., 83., 23., 1.,
       1., 99., 82., 7., 11., 133., 47., 0., 0., 7., 12., 4., 21., 57.,
       8., 0., 0., 0., 0., 0., 2., 133., 6., 0., 0., 0., 1., 2., 35.,
       99., 1., 0., 0., 13., 93., 84., 61., 115., 1., 0., 0., 1., 22.,
       60., 126., 36., 0., 0., 0., 0., 0., 0., 17., 133., 0., 0., 0., 0.,
       0., 0., 84., 96., 0., 0., 0., 0., 6., 36., 57., 3., 0., 0., 0.,
       0., 3., 36., 32., 2., 0., 0., 0., 0., 0., 0., 6., 0., 0., 0., 0.,
       0., 0., 0., 2., 1., 0., 0., 0., 0., 1., 19., 24., 35., 0., 0., 0.,
       0., 8., 34., 50., 95., 0., 0., 0., 0., 0., 3., 141., 16., 0., 0.,
       0., 0., 0., 0., 8., 109., 2., 0., 0., 5., 13., 42., 129., 92., 0.,
       0., 0., 59., 92., 68., 56., 141., 0., 0., 0., 3., 4., 1., 45.,
       28., 4., 0., 0., 0., 0., 0., 1., 141., 51., 0., 2., 17., 4., 2.,
       19., 124., 14., 1., 5., 141., 31., 3., 11., 141., 0., 0., 0., 11.,
       2., 0., 8., 14., 1., 0., 0., 0., 0., 0., 3., 141., 25., 0., 1.,
       8., 2., 1., 32., 96., 9., 0., 5., 113., 21., 4., 24., 141., 0.,
       0., 0., 7., 2., 1., 30., 62., 151., 1., 1., 2., 5., 1., 1., 46.,
       87., 1., 2., 30., 58., 6., 3., 154., 110., 0., 0., 3., 14., 7.,
       11., 49., 22., 0., 0., 0., 0., 0., 1., 80., 76., 0., 0., 0., 0.,
       0., 0., 154., 79., 0., 0., 2., 17., 38., 33., 110., 10., 0., 0.,
       0., 12., 88., 126., 59., 4., 0., 0., 0., 0., 2., 30., 93., 7., 0.,
       0., 0., 0., 0., 5., 154., 16., 0., 0., 0., 0., 5., 38., 110., 0.,
       0., 0., 0., 0., 28., 65., 3., 0., 0., 0., 0., 0., 2., 14., 85.,
       0., 0., 0., 0., 0., 0., 19., 154., 0., 0., 0., 0., 0., 0., 78.,
       84., 0., 0., 0., 0., 0., 0., 19., 1., 0., 0., 0., 0., 0., 0., 0.,
       48., 24., 0., 0., 0., 0., 0., 0., 156., 144., 0., 0., 0., 0., 0.,
       1., 87., 34., 0., 0., 0., 0., 0., 1., 0., 0., 0., 0., 0., 0., 0.,
       0., 46., 4., 0., 0., 0., 0., 0., 7., 156., 47., 0., 0., 0., 0.,
       0., 47., 156., 31., 0., 0., 0., 0., 0., 13., 1., 1., 0., 0., 0.,
       0., 0., 0., 27., 16., 0., 0., 0., 0., 0., 2., 156., 156., 1., 0.,
       0., 0., 0., 9., 130., 156., 0., 0., 0., 0., 0., 1., 11., 8., 0.,
       0., 0., 0., 0., 0., 1., 3., 0., 0., 0., 0., 0., 0., 100., 74., 0.,
       0., 0., 0., 0., 0., 156., 129., 4., 0., 0., 0., 0., 0., 26., 25.,
       15., 0., 0., 0., 0., 0., 1., 0., 0., 0., 0., 0., 0., 0., 54., 0.,
       0., 0., 0., 0., 0., 53., 159., 1., 0., 0., 0., 0., 0., 159., 75.,
       0., 0., 0., 0., 0., 0., 43., 2., 0., 0., 0., 0., 0., 0., 0., 159.,
       30., 0., 0., 0., 0., 0., 26., 159., 63., 0., 0., 0., 0., 0., 80.,
       51., 6., 0., 0., 0., 0., 0., 14., 2., 0., 0., 0., 0., 0., 0., 1.,
       159., 11., 0., 0., 0., 0., 0., 44., 159., 36., 0., 0., 0., 0., 0.,
       92., 47., 8., 0., 0., 0., 0., 0., 9., 2., 1., 0., 0., 0., 0., 0.,
       0., 92., 64., 1., 0., 0., 0., 0., 8., 135., 159., 11., 0., 0., 0.,
       0., 13., 21., 110., 3., 0., 0., 0., 0., 1., 1., 0., 0., 0., 0.,
       0., 0., 0., 168., 11., 0., 0., 0., 0., 0., 14., 172., 19., 0., 0.,
       0., 0., 0., 30., 22., 1., 0., 0., 0., 0., 0., 2., 1., 0., 0., 0.,
       0., 0., 0., 0., 172., 28., 0., 0., 0., 0., 0., 8., 172., 70., 0.,
       0., 0., 0., 0., 17., 31., 4., 0., 0., 0., 0., 0., 1., 1., 0., 0.,
       0., 0., 0., 0., 0., 172., 20., 0., 0., 0., 0., 0., 37., 172., 60.,
       0., 0., 0., 0., 0., 67., 32., 7., 0., 0., 0., 0., 0., 4., 1., 0.,
       0., 0., 0., 0., 0., 0., 80., 53., 0., 0., 0., 0., 0., 2., 172.,
       159., 0., 0., 0., 0., 0., 3., 48., 20., 0., 0., 0., 0., 0., 0.,
       34., 3., 0., 0., 0., 0., 0., 7., 155., 18., 0., 0., 0., 0., 0.,
       83., 128., 5., 0., 0., 0., 0., 0., 43., 1., 0., 0., 0., 0., 0.,
       0., 1., 52., 4., 0., 0., 0., 0., 0., 7., 155., 46., 0., 0., 0.,
       0., 0., 46., 153., 33., 0., 0., 0., 0., 0., 13., 1., 1., 0., 0.,
       0., 0., 0., 0., 27., 17., 0., 0., 0., 0., 0., 1., 155., 155., 2.,
       0., 0., 0., 0., 7., 111., 155., 1., 0., 0., 0., 0., 2., 14., 15.,
       0., 0., 0., 0., 0., 0., 1., 3., 0., 0., 0., 0., 1., 12., 55., 57.,
       0., 0., 0., 0., 4., 125., 155., 67., 0., 0., 0., 0., 0., 134.,
       30., 5., 0., 0., 0., 0., 0., 9., 0., 0., 0., 0., 0., 0., 0., 3.,
       19., 0., 0., 0., 0., 0., 2., 86., 47., 0., 0., 0., 0., 0., 42.,
       157., 3., 0., 0., 0., 0., 0., 39., 157., 25., 1., 0., 0., 0., 0.,
       0., 17., 129., 4., 0., 0., 0., 0., 3., 157., 70., 1., 0., 0., 0.,
       0., 4., 157., 5., 0., 0., 0., 0., 0., 4., 36., 45., 5., 0., 0.,
       0., 0., 30., 20., 157., 37., 0., 0., 0., 0., 6., 90., 127., 10.,
       0., 0., 0., 0., 0., 43., 1., 0., 0., 0., 0., 0., 0., 2., 4., 0.,
       0., 0., 0., 0., 157., 61., 86., 1., 0., 0., 0., 0., 86., 157.,
       46., 1., 0., 0., 0., 0., 1., 38., 0., 0., 0., 0., 0., 0., 0., 0.,
       21., 76., 29., 0., 0., 0., 0., 0., 175., 175., 5., 0., 0., 0., 0.,
       2., 94., 38., 0., 0., 0., 0., 0., 1., 1., 0., 0., 0., 0., 0., 0.,
       0., 54., 4., 0., 0., 0., 0., 0., 5., 175., 21., 0., 0., 0., 0.,
       0., 40., 175., 6., 0., 0., 0., 0., 0., 16., 1., 0., 0., 0., 0.,
       0., 0., 0., 58., 3., 0., 0., 0., 0., 0., 4., 175., 30., 0., 0.,
       0., 0., 0., 25., 175., 11., 0., 0., 0., 0., 0., 8., 1., 0., 0.,
       0., 0., 0., 0., 0., 48., 5., 0., 0., 0., 0., 0., 8., 175., 44.,
       0., 0., 0., 0., 0., 42., 121., 19., 0., 0., 0., 0., 0., 11., 1.,
       0., 0., 0., 0., 0., 0., 0., 90., 155., 0., 0., 0., 0., 0., 0.,
       36., 155., 23., 0., 0., 0., 0., 0., 1., 32., 20., 0., 0., 0., 0.,
       0., 0., 2., 0., 0., 0., 0., 0., 0., 15., 117., 4., 0., 0., 0., 0.,
       0., 28., 155., 134., 0., 0., 0., 0., 0., 132., 155., 64., 0., 0.,
       0., 0., 2., 22., 11., 0., 0., 0., 0., 0., 0., 1., 6., 2., 0., 0.,
       0., 0., 0., 130., 44., 18., 0., 0., 0., 0., 15., 155., 42., 3.,
       0., 0., 0., 0., 48., 44., 2., 0., 0., 0., 0., 0., 4., 1., 0., 0.,
       0., 0., 0., 0., 0., 132., 9., 0., 0., 0., 0., 0., 9., 155., 86.,
       0., 0., 0., 0., 0., 12., 30., 26., 0., 0., 0., 0., 0., 1., 15.,
       0., 0., 0., 0., 0., 0., 4., 152., 0., 0., 0., 0., 0., 0., 85.,
       152., 1., 1., 0., 0., 0., 0., 53., 2., 0., 1., 0., 0., 0., 0., 1.,
       39., 1., 0., 0., 0., 0., 0., 4., 152., 37., 14., 2., 0., 0., 0.,
       50., 120., 34., 149., 34., 0., 0., 0., 16., 1., 71., 90., 5., 0.,
       0., 0., 0., 21., 9., 0., 0., 0., 0., 0., 0., 116., 132., 97., 12.,
       0., 0., 0., 1., 13., 56., 152., 100., 0., 0., 0., 0., 16., 152.,
       110., 9., 0., 0., 0., 0., 0., 2., 0., 0., 0., 0., 0., 0., 1., 12.,
       21., 2., 0., 0., 0., 0., 0., 5., 26., 9., 0., 0., 0., 0., 10.,
       104., 4., 0., 0., 0., 0., 0., 0., 0., 0., 0., 0., 0., 0., 2., 0.,
       0., 0., 0., 0., 1., 20., 9., 0., 0., 0., 0., 0., 8., 24., 1., 0.,
       0., 0., 0., 0., 3., 4., 0., 21., 1., 0., 0., 0., 0., 0., 11.,
       100., 4., 0., 0., 0., 8., 108., 120., 11., 0., 0., 0., 0., 119.,
       139., 27., 0., 0., 0., 0., 0., 113., 133., 0., 33., 4., 0., 0.,
       0., 0., 5., 20., 139., 29., 0., 0., 0., 1., 18., 92., 108., 5.,
       0., 0., 0., 64., 129., 35., 0., 0., 0., 0., 0., 139., 139., 0.,
       3., 0., 0., 0., 0., 0., 71., 139., 78., 1., 0., 0., 0., 0., 50.,
       139., 42., 0., 0., 0., 0., 1., 2., 41., 0., 0., 0., 0., 0., 10.,
       9., 0., 29., 70., 5., 0., 0., 0., 0., 4., 163., 163., 8., 0., 0.,
       0., 0., 17., 97., 52., 0., 0., 0., 0., 0., 7., 1., 0., 0., 0., 0.,
       0., 0., 0., 33., 5., 0., 0., 0., 0., 0., 6., 163., 26., 0., 0.,
       0., 0., 0., 67., 163., 8., 0., 0., 0., 0., 0., 30., 1., 0., 0.,
       0., 0., 0., 0., 0., 34., 4., 0., 0., 0., 0., 0., 10., 163., 79.,
       0., 0., 0., 0., 0., 58., 163., 43., 0., 0., 0., 0., 0., 18., 1.,
       0., 0., 0., 0., 0., 0., 0., 37., 0., 0., 0., 0., 0., 0., 88.,
