%YAML:1.0
tag: !!opencv-matrix
   rows: 25
   cols: 128
   dt: f
   data: [ 149., 1., 0., 0., 4., 7., 2., 61., 149., 8., 0., 0., 4., 6.,
       1., 7., 111., 7., 0., 0., 0., 0., 2., 7., 4., 1., 1., 0., 2., 9.,
       4., 4., 149., 2., 1., 9., 26., 3., 1., 82., 149., 13., 2., 7.,
       18., 2., 0., 23., 130., 10., 3., 0., 0., 0., 0., 17., 9., 8., 1.,
       0., 1., 5., 2., 1., 121., 8., 3., 34., 82., 2., 1., 83., 149.,
       61., 5., 21., 28., 0., 0., 15., 109., 16., 5., 0., 0., 0., 4.,
       22., 12., 6., 1., 0., 0., 0., 1., 13., 44., 1., 0., 40., 110., 2.,
       1., 45., 149., 7., 0., 7., 22., 0., 0., 116., 72., 1., 0., 0., 0.,
       0., 3., 39., 2., 0., 0., 0., 1., 0., 1., 7., 10., 1., 0., 0.,
       130., 126., 1., 3., 26., 2., 0., 0., 5., 12., 19., 20., 2., 7.,
       3., 1., 6., 14., 5., 2., 0., 19., 2., 0., 0., 0., 0., 0., 19., 1.,
       0., 0., 166., 158., 0., 1., 114., 5., 0., 0., 29., 38., 8., 15.,
       7., 2., 1., 1., 48., 70., 3., 2., 0., 14., 4., 1., 5., 3., 0., 0.,
       9., 0., 0., 0., 166., 133., 0., 1., 148., 6., 0., 0., 63., 25.,
       1., 6., 23., 1., 0., 0., 89., 64., 1., 1., 0., 4., 3., 1., 25.,
       17., 0., 0., 2., 0., 0., 0., 166., 125., 1., 1., 90., 1., 0., 0.,
       74., 34., 2., 14., 20., 1., 0., 1., 59., 32., 0., 2., 0., 0., 0.,
       0., 33., 37., 0., 0., 9., 0., 0., 0., 3., 6., 1., 2., 102., 1.,
       0., 0., 0., 0., 0., 15., 38., 1., 1., 37., 25., 0., 0., 11., 165.,
       2., 2., 29., 21., 0., 0., 57., 10., 0., 0., 0., 4., 11., 1., 2.,
       137., 3., 0., 5., 4., 1., 0., 15., 42., 2., 1., 81., 68., 0., 0.,
       11., 165., 2., 1., 23., 14., 0., 0., 141., 7., 0., 0., 0., 7.,
       11., 1., 1., 91., 22., 4., 16., 8., 1., 0., 2., 78., 8., 4., 76.,
       67., 0., 0., 22., 165., 0., 0., 5., 4., 0., 0., 165., 1., 0., 0.,
       1., 9., 7., 0., 0., 10., 17., 17., 15., 7., 1., 0., 0., 125., 5.,
       8., 32., 21., 0., 0., 22., 165., 1., 0., 0., 0., 0., 0., 92., 0.,
       0., 2., 161., 43., 1., 0., 0., 109., 61., 12., 67., 32., 3., 0.,
       0., 161., 100., 1., 0., 0., 0., 0., 0., 16., 6., 0., 0., 1., 2.,
       0., 0., 0., 0., 0., 81., 68., 5., 0., 0., 124., 19., 0., 6., 47.,
       13., 0., 2., 161., 57., 0., 0., 1., 0., 0., 3., 46., 7., 0., 0.,
       0., 1., 0., 1., 0., 0., 0., 36., 30., 3., 0., 0., 126., 3., 1.,
       24., 40., 2., 0., 20., 161., 5., 0., 0., 0., 0., 0., 62., 46., 0.,
       0., 0., 0., 0., 0., 7., 1., 0., 1., 43., 19., 1., 0., 0., 151.,
       2., 1., 28., 15., 0., 0., 54., 161., 0., 0., 0., 0., 0., 0., 91.,
       19., 0., 0., 0., 0., 0., 0., 5., 0., 0., 0., 0., 4., 16., 2., 0.,
       116., 27., 0., 0., 6., 7., 1., 4., 143., 58., 0., 1., 35., 8., 0.,
       1., 78., 47., 1., 4., 69., 8., 0., 0., 0., 0., 0., 0., 12., 13.,
       0., 0., 103., 14., 0., 0., 7., 10., 1., 5., 143., 50., 0., 7.,
       44., 0., 0., 5., 114., 31., 3., 24., 116., 1., 0., 1., 0., 0., 0.,
       0., 12., 9., 1., 0., 96., 1., 0., 0., 10., 7., 0., 20., 143., 6.,
       1., 35., 48., 0., 0., 38., 143., 11., 3., 68., 96., 0., 0., 13.,
       0., 0., 0., 1., 7., 5., 1., 0., 89., 0., 0., 1., 9., 4., 1., 43.,
       143., 6., 7., 105., 36., 0., 0., 45., 143., 4., 3., 72., 39., 0.,
       0., 54., 12., 0., 0., 0., 1., 4., 2., 10., 135., 10., 0., 0., 5.,
       17., 3., 11., 204., 32., 0., 0., 0., 0., 0., 6., 44., 5., 0., 0.,
       0., 0., 0., 3., 29., 0., 0., 0., 1., 2., 1., 12., 149., 10., 0.,
       0., 11., 10., 2., 10., 204., 25., 0., 0., 0., 0., 0., 6., 66., 5.,
       0., 0., 0., 0., 0., 2., 36., 0., 0., 0., 2., 2., 1., 17., 139.,
       3., 0., 0., 25., 9., 1., 8., 204., 8., 0., 0., 1., 0., 0., 11.,
       67., 1., 0., 0., 0., 0., 1., 6., 16., 0., 0., 0., 5., 2., 1., 34.,
       111., 2., 0., 1., 38., 5., 1., 11., 204., 6., 0., 0., 1., 0., 0.,
       19., 48., 4., 0., 0., 0., 0., 0., 2., 24., 0., 0., 0., 1., 1., 0.,
       9., 117., 10., 0., 0., 9., 9., 2., 7., 203., 29., 0., 0., 0., 0.,
       0., 2., 54., 5., 0., 0., 0., 0., 0., 1., 38., 0., 0., 0., 2., 2.,
       1., 15., 131., 5., 0., 0., 24., 10., 1., 6., 203., 16., 0., 0.,
       1., 0., 0., 4., 77., 1., 0., 0., 0., 0., 1., 5., 24., 0., 0., 0.,
       5., 2., 1., 42., 127., 3., 0., 1., 48., 8., 2., 11., 203., 12.,
       0., 0., 2., 0., 0., 14., 76., 7., 0., 0., 0., 0., 0., 2., 7., 0.,
       0., 2., 8., 1., 1., 31., 87., 1., 0., 4., 46., 5., 1., 45., 203.,
       6., 0., 0., 1., 0., 0., 100., 45., 5., 0., 0., 0., 0., 0., 13.,
       0., 0., 6., 7., 0., 0., 0., 0., 0., 2., 38., 17., 0., 0., 0., 0.,
       1., 20., 28., 2., 0., 0., 0., 0., 1., 5., 1., 0., 0., 0., 0., 0.,
       0., 0., 69., 136., 0., 0., 0., 0., 14., 33., 145., 145., 0., 0.,
       0., 0., 141., 144., 95., 15., 0., 0., 0., 1., 28., 14., 1., 0.,
       0., 0., 0., 0., 0., 0., 39., 145., 10., 0., 0., 0., 88., 13., 40.,
       145., 22., 0., 0., 16., 145., 30., 9., 5., 0., 0., 0., 53., 47.,
       2., 0., 0., 1., 1., 0., 5., 0., 0., 5., 90., 14., 0., 0., 0.,
       106., 0., 1., 26., 15., 0., 0., 73., 145., 0., 0., 0., 0., 0., 0.,
       120., 18., 0., 0., 0., 0., 0., 1., 7., 31., 0., 0., 0., 0., 1.,
       1., 7., 142., 31., 0., 0., 1., 4., 2., 4., 167., 73., 0., 0., 0.,
       0., 0., 0., 32., 6., 0., 0., 0., 0., 0., 1., 28., 0., 0., 0., 0.,
       1., 2., 35., 124., 17., 0., 0., 12., 13., 3., 14., 167., 73., 0.,
       0., 1., 0., 0., 9., 60., 14., 0., 0., 0., 0., 0., 3., 14., 0., 0.,
       0., 3., 1., 2., 49., 95., 1., 0., 1., 18., 9., 2., 71., 167., 6.,
       0., 0., 0., 0., 0., 151., 50., 1., 0., 0., 0., 0., 0., 21., 1.,
       0., 3., 4., 2., 0., 8., 40., 70., 0., 0., 2., 4., 1., 7., 167.,
       131., 0., 0., 0., 0., 0., 0., 167., 9., 0., 0., 0., 0., 0., 0.,
       11., 46., 2., 0., 0., 0., 1., 2., 9., 180., 25., 0., 0., 0., 0.,
       0., 2., 131., 9., 0., 0., 0., 0., 0., 1., 3., 1., 0., 0., 0., 0.,
       0., 1., 48., 1., 0., 0., 3., 5., 2., 16., 180., 9., 0., 0., 1.,
       2., 0., 3., 180., 4., 0., 0., 0., 0., 0., 3., 4., 1., 0., 0., 0.,
       0., 0., 1., 33., 0., 0., 0., 15., 7., 3., 28., 180., 4., 0., 0.,
       4., 2., 0., 64., 165., 7., 0., 0., 0., 0., 0., 18., 3., 2., 0.,
       0., 0., 0., 0., 2., 28., 0., 0., 2., 9., 2., 3., 81., 180., 0.,
       0., 0., 1., 0., 0., 180., 49., 0., 0., 0., 0., 0., 0., 44., 0.,
       0., 0., 0., 0., 0., 0., 2., 9., 4., 28., 24., 0., 1., 36., 106.,
       15., 49., 44., 9., 0., 14., 142., 20., 11., 11., 0., 0., 0., 4.,
       142., 30., 1., 2., 0., 0., 0., 0., 91., 44., 19., 14., 67., 142.,
       8., 0., 5., 28., 142., 121., 69., 34., 0., 0., 1., 10., 97., 20.,
       0., 0., 0., 0., 8., 4., 1., 0., 0., 0., 0., 0., 6., 2., 47., 2.,
       4., 125., 20., 0., 0., 57., 142., 4., 2., 3., 0., 0., 0., 90.,
       118., 4., 0., 0., 0., 0., 0., 11., 3., 1., 0., 0., 0., 0., 1., 1.,
       58., 0., 0., 5., 8., 0., 1., 83., 142., 0., 0., 0., 0., 0., 0.,
       130., 44., 1., 0., 0., 0., 0., 0., 20., 2., 2., 0., 0., 0., 0.,
       0., 0., 0., 1., 1., 33., 128., 3., 0., 0., 69., 92., 2., 5., 39.,
       4., 0., 0., 123., 98., 0., 0., 0., 0., 0., 0., 5., 3., 2., 16.,
       0., 0., 0., 0., 0., 0., 0., 4., 128., 19., 0., 0., 75., 30., 1.,
       10., 72., 3., 0., 2., 128., 75., 1., 8., 2., 0., 0., 4., 15., 6.,
       4., 128., 22., 0., 0., 0., 0., 0., 0., 1., 128., 68., 0., 0., 83.,
       2., 0., 8., 89., 17., 1., 33., 128., 8., 2., 36., 17., 0., 0.,
       57., 9., 2., 1., 120., 96., 6., 0., 0., 0., 0., 0., 0., 74., 102.,
       2., 0., 47., 0., 0., 1., 46., 79., 33., 84., 73., 1., 1., 51.,
       44., 1., 2., 68., 0., 0., 0., 46., 55., 3., 0., 0., 0., 5., 12.,
       13., 12., 0., 0., 0., 78., 146., 8., 4., 9., 0., 0., 0., 135.,
       134., 0., 0., 0., 0., 0., 0., 7., 5., 0., 0., 0., 0., 1., 0., 0.,
       3., 15., 16., 11., 0., 0., 0., 105., 50., 3., 24., 23., 0., 0.,
       1., 146., 97., 0., 0., 0., 0., 0., 5., 32., 8., 0., 0., 0., 0.,
       0., 0., 0., 16., 34., 15., 2., 5., 21., 1., 141., 6., 9., 34., 7.,
       4., 4., 28., 146., 7., 0., 0., 0., 0., 0., 69., 36., 2., 0., 0.,
