%YAML:1.0
tag: !!opencv-matrix
   rows: 21
   cols: 128
   dt: f
   data: [ 4., 14., 3., 3., 77., 24., 0., 0., 89., 40., 0., 1., 128.,
       43., 0., 0., 141., 91., 0., 0., 1., 0., 0., 0., 22., 6., 1., 1.,
       0., 0., 0., 0., 3., 63., 37., 22., 44., 3., 1., 1., 67., 20., 7.,
       31., 141., 19., 3., 8., 141., 64., 0., 1., 8., 1., 1., 22., 49.,
       8., 0., 1., 0., 0., 0., 2., 1., 20., 18., 9., 5., 27., 141., 2.,
       23., 1., 5., 19., 40., 34., 141., 81., 141., 2., 0., 0., 2., 2.,
       39., 141., 30., 0., 0., 0., 0., 0., 1., 15., 1., 0., 0., 0., 0.,
       18., 126., 3., 0., 0., 0., 0., 0., 5., 141., 41., 5., 0., 0., 0.,
       0., 0., 33., 72., 1., 0., 0., 0., 0., 0., 1., 5., 46., 0., 0., 0.,
       31., 2., 0., 7., 43., 7., 0., 1., 166., 8., 0., 0., 166., 32., 0.,
       1., 14., 0., 0., 0., 49., 4., 0., 0., 0., 0., 0., 0., 42., 0., 0.,
       2., 39., 1., 0., 10., 50., 4., 0., 8., 166., 2., 0., 1., 166.,
       16., 0., 1., 23., 0., 0., 4., 73., 2., 0., 0., 0., 0., 0., 1.,
       28., 0., 0., 4., 45., 0., 0., 8., 56., 1., 0., 20., 166., 0., 0.,
       3., 166., 2., 0., 2., 20., 0., 0., 20., 68., 1., 0., 0., 0., 0.,
       0., 4., 12., 0., 0., 7., 48., 1., 0., 5., 58., 0., 0., 29., 166.,
       0., 0., 7., 166., 0., 0., 2., 9., 0., 0., 36., 41., 0., 0., 0.,
       0., 0., 0., 5., 0., 0., 22., 38., 0., 0., 0., 0., 0., 0., 57.,
       123., 1., 0., 0., 0., 0., 0., 121., 123., 1., 1., 3., 1., 0., 0.,
       67., 123., 5., 8., 23., 1., 0., 0., 18., 112., 17., 1., 0., 0.,
       6., 2., 28., 123., 111., 21., 1., 1., 82., 10., 49., 103., 13.,
       8., 29., 52., 10., 1., 2., 11., 3., 26., 123., 25., 0., 0., 21.,
       86., 16., 3., 0., 0., 6., 2., 15., 26., 102., 123., 8., 2., 123.,
       48., 1., 3., 12., 86., 33., 25., 56., 71., 0., 0., 0., 16., 55.,
       18., 0., 1., 34., 71., 5., 0., 0., 0., 0., 22., 100., 16., 5.,
       22., 2., 0., 11., 46., 37., 1., 3., 64., 18., 1., 21., 99., 8.,
       0., 1., 10., 7., 1., 8., 2., 7., 0., 0., 0., 59., 80., 19., 7.,
       17., 0., 0., 0., 21., 96., 68., 11., 6., 0., 0., 0., 2., 38., 76.,
       1., 0., 0., 0., 0., 0., 18., 1., 2., 61., 19., 1., 33., 62., 15.,
       5., 44., 123., 24., 7., 47., 14., 11., 123., 123., 64., 1., 1.,
       4., 1., 7., 116., 12., 0., 0., 0., 0., 0., 26., 0., 0., 14., 40.,
       13., 71., 87., 0., 11., 8., 17., 48., 70., 123., 24., 10., 123.,
       40., 7., 3., 11., 24., 5., 90., 123., 3., 0., 0., 0., 0., 0., 53.,
       0., 0., 51., 114., 3., 1., 0., 0., 43., 5., 28., 118., 20., 3.,
       0., 16., 123., 2., 2., 5., 4., 2., 0., 123., 53., 0., 0., 0., 0.,
       0., 0., 52., 17., 98., 7., 5., 17., 3., 0., 0., 11., 22., 8., 31.,
       129., 10., 0., 0., 46., 31., 2., 6., 31., 60., 2., 1., 1., 0., 0.,
       0., 9., 88., 33., 7., 5., 129., 44., 12., 2., 0., 6., 3., 21.,
       37., 47., 129., 79., 3., 5., 7., 129., 51., 5., 22., 12., 17., 6.,
       27., 13., 0., 0., 0., 0., 68., 52., 8., 4., 25., 13., 4., 1., 27.,
       129., 11., 10., 5., 14., 35., 12., 31., 129., 56., 79., 3., 0.,
       3., 2., 2., 114., 129., 7., 0., 0., 0., 0., 6., 89., 26., 0., 0.,
       0., 0., 0., 34., 129., 0., 0., 0., 0., 0., 0., 19., 129., 12., 0.,
       0., 0., 0., 0., 6., 124., 27., 0., 0., 0., 0., 0., 0., 76., 6.,
       19., 0., 0., 1., 33., 1., 0., 5., 143., 0., 0., 3., 11., 0., 0.,
       40., 40., 0., 0., 52., 143., 0., 0., 9., 77., 0., 0., 12., 47.,
       0., 0., 40., 38., 0., 0., 0., 38., 2., 0., 4., 143., 0., 0., 6.,
       28., 0., 0., 22., 44., 0., 0., 48., 143., 0., 0., 6., 142., 0.,
       0., 5., 32., 0., 0., 37., 47., 0., 0., 2., 35., 1., 0., 2., 143.,
       2., 0., 6., 39., 0., 0., 7., 42., 1., 0., 26., 143., 1., 0., 7.,
       143., 0., 0., 1., 19., 1., 0., 34., 38., 0., 0., 0., 26., 3., 0.,
       2., 143., 2., 0., 3., 37., 0., 0., 4., 35., 1., 0., 7., 143., 2.,
       0., 5., 127., 0., 0., 0., 9., 1., 0., 16., 21., 4., 0., 2., 116.,
       6., 0., 0., 145., 22., 0., 1., 38., 5., 0., 0., 16., 2., 0., 0.,
       145., 24., 0., 0., 29., 8., 0., 0., 18., 2., 0., 0., 23., 3., 0.,
       7., 145., 1., 0., 0., 145., 18., 0., 3., 43., 5., 0., 1., 32., 1.,
       0., 0., 145., 31., 0., 1., 35., 5., 0., 0., 35., 4., 0., 0., 24.,
       1., 0., 10., 145., 0., 0., 0., 145., 5., 0., 2., 41., 2., 0., 7.,
       41., 1., 0., 1., 145., 17., 0., 2., 29., 6., 0., 0., 48., 2., 0.,
       0., 24., 1., 0., 24., 116., 0., 0., 1., 145., 1., 0., 4., 30., 0.,
       0., 17., 29., 0., 0., 11., 145., 3., 0., 3., 22., 3., 0., 4., 39.,
       0., 0., 0., 19., 0., 0., 0., 42., 9., 0., 1., 125., 2., 0., 0.,
       17., 4., 0., 5., 104., 5., 0., 0., 87., 18., 0., 3., 125., 12.,
       0., 0., 2., 1., 0., 2., 19., 0., 0., 0., 36., 38., 6., 4., 125.,
       8., 1., 3., 19., 5., 2., 10., 125., 3., 1., 9., 106., 8., 0., 12.,
       125., 0., 0., 0., 2., 1., 0., 21., 5., 0., 0., 0., 3., 110., 102.,
       3., 69., 20., 5., 12., 8., 56., 63., 13., 123., 8., 5., 39., 38.,
       8., 10., 47., 125., 0., 0., 0., 0., 0., 0., 53., 0., 0., 0., 0.,
       0., 34., 99., 4., 1., 0., 0., 1., 1., 111., 125., 2., 31., 0., 0.,
       3., 3., 35., 120., 107., 47., 0., 0., 0., 0., 0., 4., 67., 0., 0.,
       136., 108., 0., 0., 32., 22., 13., 28., 136., 54., 3., 11., 66.,
       14., 136., 128., 43., 1., 1., 3., 8., 11., 45., 22., 1., 0., 0.,
       0., 0., 0., 0., 0., 39., 48., 1., 1., 80., 75., 30., 7., 35.,
       109., 21., 18., 62., 15., 136., 22., 6., 12., 4., 4., 5., 17.,
       71., 35., 0., 0., 0., 0., 0., 1., 0., 0., 107., 110., 0., 0., 3.,
       8., 73., 7., 56., 75., 0., 0., 1., 32., 136., 46., 3., 3., 0., 0.,
       0., 20., 55., 66., 0., 0., 0., 0., 0., 0., 0., 0., 11., 10., 0.,
       0., 16., 39., 43., 1., 1., 0., 0., 0., 13., 64., 136., 36., 0.,
       0., 0., 0., 0., 12., 81., 34., 0., 0., 0., 0., 0., 0., 74., 15.,
       0., 1., 15., 27., 1., 2., 131., 3., 0., 0., 0., 0., 0., 39., 75.,
       0., 0., 35., 42., 0., 0., 32., 1., 0., 0., 76., 131., 0., 0., 0.,
       62., 6., 0., 0., 39., 131., 10., 7., 131., 18., 5., 5., 0., 6.,
       3., 25., 48., 7., 10., 108., 66., 0., 0., 10., 1., 0., 0., 87.,
       131., 1., 0., 2., 9., 0., 0., 0., 43., 131., 10., 4., 71., 44.,
       40., 6., 8., 108., 18., 11., 13., 18., 48., 60., 52., 10., 8.,
       14., 1., 0., 0., 24., 110., 24., 12., 10., 0., 0., 0., 0., 19.,
       117., 1., 0., 1., 2., 4., 0., 8., 131., 72., 9., 4., 2., 3., 0.,
       17., 85., 64., 24., 0., 0., 0., 0., 20., 64., 54., 8., 0., 0., 6.,
       130., 104., 0., 0., 0., 5., 15., 98., 134., 31., 0., 0., 7., 15.,
       29., 38., 25., 4., 2., 6., 15., 12., 3., 9., 2., 1., 1., 34., 18.,
       2., 1., 1., 119., 150., 0., 0., 0., 80., 11., 8., 56., 63., 0.,
       3., 58., 33., 10., 2., 0., 0., 0., 29., 99., 15., 1., 0., 0., 0.,
       0., 12., 36., 8., 6., 1., 50., 150., 10., 0., 0., 150., 41., 2.,
       21., 62., 1., 0., 10., 82., 10., 0., 0., 0., 0., 5., 20., 2., 3.,
       4., 1., 0., 0., 3., 6., 5., 4., 0., 2., 150., 72., 0., 0., 150.,
       74., 1., 2., 84., 19., 0., 0., 91., 26., 0., 0., 0., 0., 1., 5.,
       2., 0., 0., 0., 0., 2., 6., 4., 8., 0., 0., 16., 166., 12., 1.,
       4., 166., 0., 0., 0., 30., 6., 1., 36., 134., 12., 1., 0., 0., 0.,
       0., 6., 14., 16., 14., 1., 0., 0., 0., 0., 11., 0., 0., 3., 166.,
       37., 1., 4., 166., 7., 1., 0., 33., 10., 1., 23., 101., 26., 45.,
       9., 0., 0., 0., 1., 5., 10., 77., 11., 0., 0., 0., 1., 8., 0., 0.,
       1., 166., 45., 1., 3., 161., 32., 5., 0., 37., 13., 1., 11., 50.,
       33., 43., 9., 0., 0., 0., 4., 30., 5., 13., 2., 0., 0., 0., 15.,
       2., 0., 0., 0., 166., 46., 1., 1., 68., 11., 0., 0., 34., 17., 2.,
       12., 71., 9., 1., 0., 0., 0., 0., 19., 31., 0., 0., 0., 0., 0.,
       0., 22., 0., 0., 0., 53., 70., 0., 0., 0., 117., 0., 0., 115.,
       133., 0., 0., 44., 133., 18., 8., 2., 1., 0., 0., 53., 5., 7.,
       38., 9., 0., 0., 0., 1., 1., 0., 0., 25., 133., 5., 0., 0., 133.,
       9., 0., 27., 133., 3., 0., 33., 121., 50., 30., 1., 0., 0., 0.,
