%YAML:1.0
tag: !!opencv-matrix
   rows: 18
   cols: 128
   dt: f
   data: [ 0., 1., 6., 8., 0., 0., 0., 0., 122., 56., 2., 3., 1., 0., 0.,
       0., 175., 74., 0., 0., 0., 0., 0., 0., 37., 4., 0., 0., 0., 1.,
       2., 4., 0., 4., 26., 5., 0., 0., 0., 0., 148., 29., 11., 5., 0.,
       0., 0., 1., 175., 44., 0., 0., 0., 0., 0., 2., 69., 8., 0., 0.,
       0., 0., 1., 3., 0., 6., 30., 9., 0., 0., 0., 0., 175., 20., 16.,
       1., 0., 0., 0., 22., 175., 6., 0., 0., 0., 0., 0., 55., 72., 5.,
       0., 0., 0., 0., 0., 5., 7., 3., 31., 7., 0., 0., 0., 1., 175., 8.,
       7., 1., 0., 0., 0., 59., 175., 0., 0., 0., 0., 0., 0., 83., 33.,
       3., 0., 0., 0., 0., 0., 6., 3., 22., 3., 0., 0., 0., 0., 0., 119.,
       11., 3., 0., 0., 0., 0., 6., 179., 1., 0., 0., 0., 0., 0., 42.,
       68., 1., 0., 0., 0., 0., 0., 10., 19., 14., 0., 0., 0., 0., 0.,
       1., 174., 11., 0., 0., 0., 0., 0., 17., 179., 17., 0., 0., 0., 0.,
       0., 12., 80., 7., 0., 0., 0., 0., 0., 2., 32., 2., 0., 0., 0., 0.,
       0., 25., 121., 2., 0., 0., 0., 0., 0., 113., 179., 46., 0., 0.,
       0., 0., 0., 32., 86., 22., 0., 0., 0., 0., 0., 0., 44., 0., 0.,
       0., 0., 0., 0., 44., 80., 7., 0., 0., 0., 0., 0., 56., 179., 101.,
       0., 0., 0., 0., 0., 5., 82., 58., 0., 0., 0., 0., 0., 0., 2., 0.,
       0., 0., 0., 3., 27., 8., 179., 39., 0., 0., 0., 0., 9., 23., 179.,
       84., 0., 0., 0., 0., 0., 1., 20., 6., 0., 1., 1., 2., 0., 0., 0.,
       0., 0., 0., 0., 0., 60., 19., 168., 12., 0., 0., 0., 0., 28., 47.,
       179., 57., 0., 0., 0., 0., 0., 9., 51., 5., 0., 0., 0., 1., 3.,
       3., 0., 0., 0., 0., 0., 1., 127., 6., 81., 1., 0., 0., 0., 1.,
       95., 59., 179., 15., 0., 0., 0., 0., 3., 46., 67., 8., 0., 0., 0.,
       0., 1., 1., 0., 0., 0., 0., 0., 1., 31., 3., 48., 0., 0., 0., 0.,
       0., 25., 23., 179., 7., 0., 0., 0., 0., 1., 15., 56., 5., 0., 0.,
       0., 0., 0., 0., 30., 0., 0., 0., 0., 0., 2., 78., 64., 1., 0., 0.,
       0., 0., 4., 73., 175., 0., 0., 0., 0., 0., 1., 134., 66., 0., 1.,
       0., 0., 0., 0., 39., 67., 7., 0., 0., 0., 0., 0., 11., 161., 18.,
       0., 0., 0., 0., 0., 15., 175., 4., 0., 0., 0., 0., 0., 47., 61.,
       6., 3., 0., 0., 0., 0., 8., 60., 5., 0., 0., 0., 0., 0., 3., 175.,
       8., 0., 0., 0., 0., 0., 7., 175., 16., 0., 0., 0., 0., 0., 4.,
       63., 4., 0., 0., 0., 0., 0., 6., 48., 4., 0., 0., 0., 0., 1., 10.,
       114., 7., 0., 0., 0., 0., 5., 36., 175., 37., 0., 0., 0., 0., 2.,
       34., 57., 6., 0., 0., 0., 0., 1., 5., 23., 2., 0., 0., 0., 0.,
       25., 63., 154., 77., 0., 0., 0., 0., 1., 46., 154., 99., 0., 0.,
       11., 37., 1., 1., 7., 2., 0., 0., 30., 154., 4., 1., 10., 0., 0.,
       0., 0., 0., 73., 91., 147., 13., 0., 0., 0., 0., 29., 102., 154.,
       49., 0., 0., 0., 2., 1., 11., 35., 3., 0., 0., 1., 87., 11., 3.,
       35., 0., 0., 0., 0., 0., 19., 82., 75., 0., 0., 0., 0., 0., 32.,
       67., 154., 5., 0., 0., 0., 0., 1., 42., 46., 4., 3., 3., 0., 3.,
       1., 2., 9., 0., 0., 0., 0., 0., 13., 40., 76., 0., 0., 0., 0., 0.,
       6., 37., 154., 1., 0., 0., 0., 0., 0., 62., 20., 2., 6., 7., 1.,
       1., 0., 4., 0., 0., 0., 0., 0., 0., 102., 22., 182., 10., 0., 0.,
       0., 0., 45., 71., 182., 37., 0., 0., 0., 0., 0., 15., 32., 3., 0.,
       0., 0., 0., 0., 2., 0., 0., 0., 0., 0., 0., 112., 13., 141., 1.,
       0., 0., 0., 0., 62., 77., 182., 23., 0., 0., 0., 0., 0., 24., 47.,
       7., 0., 0., 0., 0., 0., 0., 0., 0., 0., 0., 0., 0., 41., 5., 119.,
       0., 0., 0., 0., 0., 16., 41., 182., 5., 0., 0., 0., 0., 0., 13.,
       47., 2., 0., 0., 0., 0., 0., 0., 0., 0., 0., 0., 0., 1., 26., 6.,
       79., 0., 0., 0., 0., 1., 15., 29., 182., 1., 0., 0., 0., 0., 0.,
       23., 28., 1., 0., 0., 0., 0., 0., 1., 3., 0., 0., 0., 0., 3., 27.,
       5., 175., 45., 0., 0., 0., 0., 8., 19., 175., 95., 0., 0., 0., 0.,
       0., 1., 25., 7., 0., 0., 0., 1., 0., 0., 0., 0., 0., 0., 0., 1.,
       74., 15., 162., 9., 0., 0., 0., 0., 34., 59., 175., 56., 0., 0.,
       0., 0., 0., 11., 63., 7., 0., 0., 0., 0., 0., 3., 0., 0., 0., 0.,
       0., 0., 127., 11., 71., 0., 0., 0., 0., 0., 93., 68., 175., 12.,
       0., 0., 0., 0., 3., 47., 79., 7., 0., 0., 0., 0., 0., 1., 0., 0.,
       0., 0., 0., 0., 36., 3., 43., 0., 0., 0., 0., 0., 24., 28., 175.,
       4., 0., 0., 0., 0., 1., 19., 59., 3., 0., 0., 0., 0., 0., 0., 87.,
       1., 0., 0., 0., 0., 0., 37., 147., 13., 0., 0., 0., 0., 0., 13.,
       147., 17., 0., 0., 0., 0., 0., 11., 25., 3., 0., 0., 0., 0., 0.,
       2., 81., 4., 0., 0., 0., 0., 2., 29., 147., 14., 0., 0., 0., 0.,
       7., 63., 147., 33., 0., 0., 0., 0., 1., 40., 35., 4., 0., 0., 0.,
       0., 0., 1., 16., 0., 0., 0., 0., 0., 147., 147., 28., 0., 0., 0.,
       0., 0., 147., 147., 80., 2., 0., 0., 0., 0., 31., 136., 8., 1.,
       0., 0., 0., 0., 0., 1., 0., 0., 0., 0., 0., 0., 142., 91., 0., 0.,
       0., 0., 0., 0., 72., 60., 0., 0., 0., 0., 0., 0., 7., 7., 0., 0.,
       0., 0., 0., 0., 0., 0., 34., 36., 2., 0., 0., 0., 0., 0., 59.,
       64., 1., 0., 0., 0., 0., 0., 105., 25., 0., 0., 0., 0., 0., 18.,
       80., 0., 0., 0., 0., 0., 0., 74., 4., 84., 22., 0., 0., 0., 0.,
       0., 58., 130., 8., 0., 0., 0., 0., 1., 143., 44., 2., 1., 0., 0.,
       0., 89., 65., 8., 28., 5., 0., 0., 0., 85., 7., 87., 10., 0., 0.,
       0., 1., 3., 121., 112., 9., 0., 0., 0., 0., 2., 143., 39., 5.,
       27., 20., 0., 0., 38., 24., 38., 131., 103., 50., 1., 0., 9., 6.,
       10., 1., 0., 0., 0., 34., 21., 110., 26., 2., 0., 0., 0., 18.,
       38., 143., 28., 0., 6., 46., 12., 0., 15., 14., 13., 16., 30.,
       143., 60., 1., 1., 17., 1., 0., 0., 0., 0., 16., 69., 147., 108.,
       0., 0., 0., 0., 2., 28., 147., 84., 0., 0., 0., 0., 0., 0., 0.,
       0., 0., 0., 0., 0., 0., 0., 17., 0., 0., 0., 0., 0., 42., 84.,
       147., 28., 0., 0., 0., 0., 40., 61., 147., 61., 0., 0., 0., 0.,
       1., 15., 10., 0., 0., 0., 0., 0., 0., 1., 5., 1., 1., 0., 0., 1.,
       123., 103., 62., 2., 1., 0., 0., 3., 147., 81., 147., 5., 0., 0.,
       0., 0., 11., 117., 29., 0., 0., 0., 0., 0., 0., 9., 17., 8., 3.,
       0., 0., 0., 6., 23., 70., 6., 4., 0., 0., 1., 12., 43., 147., 0.,
       0., 0., 0., 0., 1., 83., 21., 0., 0., 0., 0., 0., 0., 9., 1., 0.,
       0., 0., 1., 72., 45., 14., 14., 1., 1., 0., 0., 6., 72., 120.,
       12., 2., 1., 0., 0., 0., 102., 120., 1., 0., 0., 0., 0., 0., 86.,
       49., 0., 0., 0., 15., 8., 32., 120., 48., 7., 18., 49., 97., 10.,
       2., 95., 119., 91., 87., 41., 11., 0., 0., 59., 46., 19., 4., 0.,
       0., 0., 2., 81., 10., 0., 0., 0., 107., 87., 5., 40., 6., 39., 8.,
       16., 120., 59., 4., 7., 28., 120., 28., 10., 7., 0., 0., 1., 70.,
       39., 4., 1., 2., 0., 0., 1., 5., 0., 0., 0., 37., 120., 15., 6.,
       2., 22., 0., 0., 9., 32., 12., 27., 114., 91., 1., 0., 0., 0., 0.,
       1., 120., 9., 3., 1., 0., 0., 0., 0., 4., 1., 51., 142., 20., 0.,
       0., 0., 1., 2., 73., 127., 1., 0., 0., 0., 0., 49., 103., 51., 0.,
       0., 0., 0., 10., 23., 18., 2., 0., 0., 0., 0., 8., 1., 121., 49.,
       2., 0., 0., 0., 0., 43., 133., 68., 0., 0., 0., 0., 1., 142., 45.,
       8., 0., 0., 0., 0., 70., 42., 1., 0., 0., 0., 0., 0., 35., 2.,
       95., 9., 2., 1., 0., 0., 0., 120., 120., 7., 0., 0., 0., 0., 1.,
       142., 59., 0., 0., 0., 0., 0., 27., 36., 4., 0., 0., 0., 0., 1.,
       8., 2., 52., 5., 1., 8., 1., 0., 0., 50., 128., 3., 0., 0., 0.,
       0., 0., 142., 142., 1., 0., 0., 0., 0., 0., 34., 58., 2., 0., 0.,
       0., 0., 0., 18., 52., 11., 0., 0., 0., 0., 0., 44., 98., 6., 0.,
       0., 0., 0., 0., 123., 45., 3., 0., 0., 0., 0., 27., 60., 14., 15.,
       0., 0., 0., 0., 37., 6., 41., 15., 0., 0., 0., 17., 20., 69., 93.,
       7., 0., 0., 0., 10., 23., 123., 58., 19., 16., 13., 4., 1., 18.,
       23., 98., 107., 29., 22., 7., 0., 4., 1., 0., 0., 0., 0., 9., 93.,
       47., 31., 2., 0., 0., 0., 0., 64., 123., 123., 4., 1., 3., 21.,
       37., 15., 123., 18., 35., 11., 8., 50., 123., 13., 11., 0., 0.,
