%YAML:1.0
tag: !!opencv-matrix
   rows: 7
   cols: 128
   dt: f
   data: [ 10., 0., 0., 0., 0., 0., 0., 2., 172., 0., 0., 0., 0., 0., 0.,
       39., 172., 0., 0., 0., 0., 0., 0., 23., 1., 0., 0., 0., 0., 0.,
       0., 0., 22., 1., 0., 0., 0., 0., 0., 3., 172., 38., 6., 0., 0.,
       0., 0., 49., 166., 42., 64., 0., 0., 0., 0., 20., 0., 5., 66., 0.,
       0., 0., 0., 0., 11., 6., 0., 0., 0., 0., 0., 0., 111., 163., 73.,
       0., 0., 0., 0., 3., 24., 122., 172., 0., 0., 0., 0., 0., 0., 26.,
       172., 0., 0., 0., 0., 0., 0., 1., 0., 0., 0., 0., 0., 0., 0., 12.,
       13., 0., 0., 0., 0., 0., 0., 10., 57., 0., 0., 0., 0., 0., 0., 4.,
       66., 0., 0., 0., 0., 0., 14., 0., 0., 0., 0., 0., 0., 4., 149.,
       0., 0., 0., 0., 0., 0., 88., 149., 0., 0., 0., 0., 0., 0., 49.,
       1., 0., 0., 0., 0., 0., 0., 0., 24., 1., 0., 0., 0., 0., 0., 5.,
       149., 57., 6., 0., 0., 0., 0., 57., 120., 57., 31., 0., 0., 0.,
       0., 18., 0., 8., 9., 0., 0., 0., 0., 0., 6., 4., 0., 0., 0., 0.,
       0., 0., 82., 149., 70., 0., 0., 0., 0., 1., 14., 149., 149., 0.,
       0., 0., 0., 0., 0., 149., 141., 0., 0., 0., 0., 0., 0., 0., 0.,
       0., 0., 0., 0., 0., 0., 13., 14., 0., 0., 0., 0., 0., 0., 58.,
       65., 0., 0., 0., 0., 0., 0., 147., 93., 0., 0., 0., 0., 0., 0.,
       0., 0., 0., 0., 0., 0., 0., 0., 0., 0., 0., 0., 0., 10., 8., 0.,
       0., 0., 0., 0., 0., 76., 33., 0., 0., 0., 0., 0., 0., 124., 41.,
       14., 0., 0., 0., 0., 0., 0., 3., 112., 1., 0., 0., 0., 0., 57.,
       165., 20., 0., 0., 0., 0., 0., 165., 165., 0., 0., 0., 0., 0., 0.,
       165., 95., 37., 3., 0., 0., 0., 0., 0., 1., 165., 25., 0., 0., 0.,
       0., 4., 48., 142., 7., 0., 0., 0., 0., 31., 50., 0., 0., 0., 0.,
       0., 0., 18., 7., 28., 1., 0., 0., 0., 0., 0., 1., 165., 5., 0.,
       0., 0., 0., 0., 18., 142., 2., 0., 0., 0., 0., 0., 6., 0., 0., 0.,
       0., 0., 0., 0., 0., 117., 42., 70., 10., 0., 0., 0., 16., 6., 5.,
       106., 112., 3., 2., 2., 2., 1., 0., 125., 125., 35., 13., 2., 1.,
       0., 0., 125., 125., 8., 0., 0., 0., 21., 66., 125., 9., 0., 0.,
       0., 1., 125., 51., 125., 51., 14., 7., 6., 34., 23., 3., 18.,
       103., 125., 39., 9., 18., 0., 0., 22., 34., 51., 1., 0., 0., 27.,
       19., 13., 0., 0., 0., 0., 0., 125., 118., 57., 48., 6., 0., 0.,
       6., 10., 13., 36., 125., 79., 0., 0., 2., 0., 0., 0., 12., 15.,
       0., 0., 0., 2., 3., 0., 0., 0., 0., 0., 0., 3., 20., 10., 3., 0.,
       0., 0., 0., 0., 1., 5., 8., 1., 0., 0., 0., 0., 0., 0., 0., 0.,
       0., 0., 0., 0., 0., 0., 0., 0., 0., 0., 0., 1., 0., 0., 0., 0.,
       7., 17., 8., 0., 0., 0., 0., 1., 36., 20., 2., 0., 0., 0., 0., 0.,
       3., 2., 1., 16., 1., 0., 0., 0., 0., 0., 2., 134., 5., 0., 0., 7.,
       36., 51., 109., 17., 1., 0., 1., 75., 134., 81., 51., 0., 0., 0.,
       0., 5., 26., 127., 103., 28., 8., 0., 0., 0., 0., 0., 1., 134.,
       134., 9., 5., 12., 8., 2., 24., 66., 54., 16., 14., 90., 82., 41.,
       129., 12., 0., 0., 0., 16., 40., 118., 134., 11., 2., 0., 0., 0.,
       0., 0., 30., 66., 54., 3., 0., 0., 0., 18., 134., 64., 26., 6.,
       2., 1., 0., 19., 134., 16., 0., 0., 0., 5., 11., 2., 52., 20.,
       42., 1., 0., 0., 0., 7., 7., 108., 101., 2., 0., 0., 4., 69., 88.,
       79., 3., 0., 0., 1., 56., 93., 107., 1., 0., 0., 0., 3., 45.,
       138., 35., 30., 27., 0., 0., 0., 0., 0., 1., 138., 109., 1., 0.,
       0., 0., 0., 60., 138., 29., 5., 0., 0., 1., 4., 47., 0., 0., 7.,
       12., 15., 3., 13., 1., 16., 5., 0., 0., 0., 0., 0., 0., 138.,
       138., 3., 0., 0., 0., 0., 4., 56., 138., 129., 10., 0., 0., 0.,
       2., 0., 4., 138., 93., 5., 0., 0., 0., 0., 0., 0., 0., 0., 0., 0.,
       0., 6., 8., 0., 0., 0., 0., 0., 0., 3., 17., 32., 8., 0., 0., 0.,
       0., 0., 0., 78., 45., 0., 0., 0., 0., 13., 17., 0., 0., 0., 0.,
       3., 3., 104., 41., 0., 0., 0., 0., 64., 115., 34., 1., 0., 0., 0.,
       35., 103., 134., 0., 0., 0., 0., 3., 30., 76., 9., 53., 20., 0.,
       0., 0., 0., 0., 2., 147., 68., 0., 0., 0., 0., 1., 82., 147., 20.,
       5., 1., 0., 12., 37., 87., 0., 0., 5., 17., 27., 31., 60., 5.,
       33., 2., 0., 0., 0., 0., 0., 1., 147., 120., 3., 0., 0., 0., 0.,
       10., 73., 131., 147., 20., 0., 0., 0., 5., 0., 3., 147., 68., 9.,
       0., 0., 0., 0., 0., 0., 0., 0., 0., 0., 0., 5., 5., 1., 0., 0.,
       0., 0., 0., 2., 10., 52., 17., 0., 0., 0., 0., 0., 1., 96., 28.,
       0., 0., 0., 0. ]
