%YAML:1.0
tag: !!opencv-matrix
   rows: 118
   cols: 128
   dt: f
   data: [ 12., 40., 29., 14., 20., 15., 58., 25., 20., 17., 59., 35.,
       5., 6., 61., 50., 35., 84., 57., 16., 7., 5., 1., 8., 5., 5., 11.,
       61., 91., 51., 3., 1., 5., 86., 119., 33., 6., 4., 2., 3., 19.,
       42., 124., 110., 9., 11., 6., 6., 124., 124., 69., 8., 3., 5., 2.,
       14., 43., 9., 11., 29., 72., 71., 4., 3., 19., 10., 18., 13., 9.,
       13., 34., 32., 27., 7., 17., 14., 8., 64., 124., 60., 124., 34.,
       18., 19., 3., 3., 25., 98., 18., 11., 53., 121., 35., 6., 0., 0.,
       124., 24., 9., 1., 0., 1., 16., 67., 14., 0., 0., 0., 11., 47.,
       82., 39., 23., 12., 3., 5., 10., 17., 18., 25., 1., 2., 3., 16.,
       67., 38., 2., 2., 33., 25., 57., 4., 4., 10., 18., 48., 44., 19.,
       62., 116., 69., 2., 2., 26., 30., 47., 33., 84., 61., 7., 5., 5.,
       21., 67., 114., 7., 2., 2., 4., 21., 15., 34., 116., 22., 5., 4.,
       1., 3., 116., 58., 116., 49., 14., 15., 36., 53., 10., 13., 22.,
       26., 55., 116., 70., 20., 17., 26., 70., 8., 15., 43., 28., 83.,
       24., 11., 8., 5., 8., 21., 49., 53., 116., 80., 17., 3., 3., 6.,
       40., 65., 19., 41., 30., 25., 78., 56., 16., 14., 55., 3., 0., 1.,
       22., 28., 16., 66., 1., 0., 0., 0., 11., 34., 89., 63., 8., 7.,
       1., 0., 0., 7., 116., 116., 4., 6., 3., 3., 19., 63., 71., 28.,
       10., 3., 0., 2., 8., 6., 1., 4., 22., 8., 6., 72., 57., 7., 4.,
       15., 51., 21., 5., 15., 44., 24., 27., 35., 3., 3., 15., 25.,
       132., 55., 10., 4., 12., 13., 39., 8., 12., 8., 8., 7., 56., 23.,
       24., 132., 69., 2., 1., 4., 132., 39., 5., 10., 21., 38., 23.,
       58., 12., 3., 0., 5., 112., 132., 50., 16., 5., 2., 0., 0., 8.,
       46., 112., 37., 67., 8., 11., 54., 18., 19., 21., 56., 132., 44.,
       6., 12., 11., 6., 5., 73., 23., 15., 6., 40., 114., 64., 31., 21.,
       2., 0., 0., 1., 9., 25., 132., 56., 73., 13., 6., 11., 3., 6.,
       16., 64., 107., 6., 10., 10., 4., 1., 2., 64., 31., 20., 28., 19.,
       12., 11., 11., 22., 46., 9., 0., 0., 0., 1., 71., 70., 17., 14.,
       0., 0., 6., 18., 78., 58., 90., 69., 0., 0., 9., 25., 18., 18.,
       136., 40., 0., 0., 0., 0., 0., 13., 46., 0., 0., 2., 15., 8., 2.,
       8., 56., 52., 2., 1., 23., 20., 25., 36., 73., 41., 1., 1., 39.,
       72., 23., 19., 136., 51., 0., 0., 0., 3., 4., 25., 76., 0., 0.,
       0., 11., 23., 13., 24., 21., 14., 26., 14., 1., 8., 72., 81., 35.,
       29., 10., 1., 2., 125., 79., 34., 136., 88., 0., 0., 0., 39., 29.,
       36., 76., 97., 0., 0., 10., 25., 6., 16., 27., 63., 89., 25., 1.,
       1., 2., 8., 127., 43., 11., 1., 0., 26., 22., 60., 22., 64., 3.,
       2., 31., 121., 38., 15., 24., 136., 11., 2., 15., 16., 1., 2., 3.,
       6., 14., 32., 42., 15., 7., 4., 38., 25., 55., 11., 6., 11., 21.,
       17., 112., 18., 11., 2., 7., 43., 54., 68., 5., 1., 1., 10., 27.,
       116., 116., 13., 25., 3., 13., 23., 16., 27., 47., 89., 41., 10.,
       0., 1., 41., 82., 53., 43., 116., 53., 0., 3., 20., 7., 6., 32.,
       22., 6., 7., 82., 116., 15., 2., 2., 5., 1., 0., 1., 7., 45.,
       106., 58., 7., 1., 2., 10., 28., 107., 102., 29., 85., 16., 42.,
       30., 18., 20., 47., 57., 12., 9., 36., 29., 116., 62., 4., 2., 3.,
       13., 8., 8., 9., 9., 8., 2., 1., 1., 15., 108., 40., 27., 18., 4.,
       1., 17., 116., 116., 22., 21., 9., 1., 7., 48., 116., 13., 9., 9.,
       6., 3., 34., 73., 47., 74., 24., 7., 14., 12., 45., 102., 32., 2.,
       0., 1., 27., 17., 14., 29., 10., 3., 24., 23., 13., 16., 2., 13.,
       47., 15., 48., 56., 10., 1., 79., 63., 35., 64., 40., 2., 1., 15.,
       75., 112., 120., 82., 2., 2., 3., 10., 91., 120., 69., 12., 11.,
       7., 2., 9., 8., 11., 24., 50., 37., 67., 15., 1., 17., 38., 22.,
       18., 18., 44., 31., 35., 44., 28., 45., 42., 11., 26., 93., 71.,
       120., 120., 27., 8., 8., 12., 20., 49., 23., 36., 28., 39., 74.,
       76., 2., 4., 31., 2., 0., 3., 33., 58., 29., 21., 42., 12., 11.,
       44., 36., 15., 21., 26., 34., 120., 45., 27., 23., 12., 15., 6.,
       52., 120., 38., 4., 10., 25., 6., 3., 25., 23., 113., 45., 32.,
       13., 2., 6., 64., 38., 58., 35., 1., 0., 19., 97., 117., 39., 9.,
       0., 1., 21., 15., 67., 13., 5., 3., 6., 3., 44., 49., 30., 22.,
       11., 4., 20., 41., 37., 49., 25., 65., 117., 83., 4., 9., 37.,
       30., 44., 117., 117., 34., 1., 1., 1., 6., 51., 29., 8., 5., 38.,
       34., 12., 10., 12., 11., 8., 30., 26., 13., 24., 39., 55., 63.,
       21., 24., 20., 28., 69., 61., 117., 117., 25., 14., 13., 8., 3.,
       29., 117., 18., 19., 29., 43., 81., 16., 0., 3., 10., 16., 30.,
       26., 17., 18., 2., 3., 117., 53., 16., 11., 6., 8., 6., 54., 67.,
       31., 20., 62., 68., 2., 5., 33., 3., 41., 96., 45., 43., 5., 0.,
       1., 2., 3., 12., 14., 19., 18., 4., 1., 96., 42., 4., 4., 25.,
       21., 2., 3., 178., 83., 0., 0., 0., 0., 0., 2., 51., 7., 0., 0.,
       0., 0., 0., 3., 28., 21., 26., 9., 3., 5., 1., 4., 104., 18., 19.,
       25., 26., 27., 3., 8., 178., 59., 1., 1., 1., 1., 0., 12., 95.,
       9., 0., 0., 0., 0., 0., 3., 6., 7., 21., 16., 24., 19., 8., 10.,
       127., 15., 36., 24., 6., 4., 5., 44., 178., 39., 1., 1., 0., 0.,
       0., 58., 94., 14., 0., 0., 0., 0., 0., 4., 1., 1., 1., 8., 32.,
       36., 13., 3., 53., 42., 6., 9., 14., 12., 14., 15., 178., 176.,
       2., 1., 0., 0., 0., 4., 79., 55., 1., 0., 0., 0., 0., 0., 2., 48.,
       92., 114., 25., 0., 0., 0., 16., 140., 140., 2., 0., 0., 0., 5.,
       6., 140., 140., 15., 0., 0., 0., 2., 1., 83., 140., 15., 0., 0.,
       0., 1., 29., 15., 8., 60., 67., 0., 0., 2., 125., 47., 13., 4.,
       2., 1., 2., 61., 21., 24., 42., 73., 37., 2., 3., 21., 54., 14.,
       56., 30., 4., 0., 7., 40., 38., 13., 2., 25., 66., 3., 0., 0.,
       100., 83., 54., 13., 1., 0., 0., 7., 26., 16., 51., 91., 17., 0.,
       3., 13., 140., 8., 5., 9., 2., 0., 2., 42., 5., 7., 5., 4., 55.,
       24., 0., 0., 50., 35., 29., 3., 3., 1., 0., 12., 46., 6., 10., 5.,
       0., 0., 15., 54., 77., 15., 11., 10., 0., 0., 2., 32., 0., 0.,
       42., 145., 1., 0., 0., 0., 0., 0., 40., 145., 64., 1., 0., 0., 0.,
       1., 14., 117., 87., 27., 12., 1., 0., 2., 28., 35., 27., 28., 15.,
       1., 9., 15., 145., 145., 2., 0., 0., 2., 7., 9., 75., 145., 39.,
       6., 1., 2., 69., 20., 30., 26., 20., 22., 31., 31., 9., 1., 0.,
       2., 68., 120., 42., 18., 82., 18., 37., 53., 2., 3., 10., 83.,
       15., 6., 6., 14., 40., 114., 35., 24., 103., 69., 9., 4., 10.,
       48., 15., 19., 18., 36., 14., 11., 56., 46., 8., 12., 75., 22.,
       25., 3., 4., 6., 17., 43., 8., 23., 54., 8., 13., 41., 8., 7., 9.,
       25., 6., 1., 9., 50., 43., 25., 10., 14., 4., 4., 9., 24., 25.,
       40., 5., 10., 24., 1., 0., 1., 12., 13., 3., 7., 21., 23., 8., 4.,
       2., 9., 60., 40., 19., 62., 18., 7., 1., 1., 163., 74., 4., 2.,
       0., 0., 0., 2., 13., 24., 81., 14., 3., 1., 1., 1., 67., 35., 26.,
       10., 10., 22., 8., 12., 82., 12., 6., 26., 32., 87., 31., 49.,
       163., 21., 1., 0., 0., 2., 6., 86., 17., 5., 8., 5., 7., 14., 91.,
       33., 78., 25., 18., 15., 7., 13., 29., 27., 135., 15., 27., 29.,
       9., 16., 7., 28., 163., 6., 0., 0., 0., 0., 1., 58., 9., 20., 14.,
       4., 7., 16., 75., 33., 1., 3., 13., 47., 84., 37., 26., 4., 101.,
       99., 29., 28., 17., 1., 0., 4., 163., 104., 0., 0., 0., 0., 0.,
       5., 3., 0., 1., 32., 20., 4., 6., 6., 106., 2., 0., 2., 5., 2.,
       17., 48., 195., 2., 0., 0., 0., 0., 0., 40., 74., 1., 0., 0., 0.,
       0., 0., 4., 25., 3., 2., 9., 16., 3., 4., 17., 133., 24., 11., 1.,
       0., 0., 10., 30., 195., 16., 0., 0., 0., 0., 0., 23., 87., 1., 0.,
       0., 0., 0., 0., 3., 7., 14., 12., 4., 7., 2., 1., 7., 152., 19.,
       10., 2., 2., 1., 1., 15., 195., 15., 0., 0., 0., 0., 0., 21., 79.,
       3., 0., 0., 0., 0., 0., 3., 3., 17., 28., 5., 0., 0., 0., 0.,
       136., 43., 10., 0., 0., 0., 0., 1., 195., 37., 0., 0., 0., 0., 0.,
