%YAML:1.0
tag: !!opencv-matrix
   rows: 20
   cols: 128
   dt: f
   data: [ 97., 46., 1., 4., 13., 1., 0., 0., 33., 25., 2., 13., 148.,
       7., 0., 0., 149., 82., 1., 1., 18., 1., 0., 0., 48., 10., 0., 0.,
       0., 0., 0., 1., 124., 38., 1., 4., 11., 0., 0., 1., 42., 15., 2.,
       36., 149., 1., 0., 1., 149., 48., 1., 7., 26., 1., 0., 10., 95.,
       17., 0., 0., 1., 1., 0., 2., 113., 13., 1., 5., 8., 0., 0., 3.,
       50., 6., 2., 38., 140., 4., 0., 2., 149., 6., 0., 4., 20., 2., 0.,
       20., 103., 8., 1., 0., 0., 0., 0., 7., 71., 3., 0., 4., 11., 0.,
       0., 13., 41., 5., 1., 31., 108., 1., 0., 2., 149., 11., 1., 4.,
       9., 0., 0., 11., 76., 6., 1., 0., 0., 0., 1., 4., 142., 7., 0.,
       0., 0., 0., 0., 12., 140., 19., 4., 3., 0., 1., 6., 21., 137.,
       59., 2., 1., 0., 1., 2., 8., 39., 14., 0., 0., 0., 0., 0., 2.,
       142., 2., 0., 0., 0., 0., 0., 65., 141., 5., 2., 9., 3., 2., 5.,
       48., 142., 11., 1., 2., 1., 1., 2., 12., 80., 3., 0., 0., 0., 0.,
       0., 8., 142., 0., 0., 0., 1., 0., 0., 83., 101., 6., 1., 9., 24.,
       5., 1., 29., 142., 12., 0., 2., 4., 0., 0., 10., 73., 3., 1., 1.,
       0., 0., 0., 6., 142., 0., 0., 1., 4., 1., 0., 102., 49., 6., 2.,
       22., 51., 2., 1., 20., 142., 16., 1., 4., 4., 0., 0., 21., 47.,
       2., 0., 0., 0., 0., 1., 9., 1., 16., 118., 123., 0., 0., 0., 0.,
       50., 155., 84., 17., 0., 0., 0., 0., 22., 33., 1., 0., 0., 0., 0.,
       0., 1., 2., 0., 0., 0., 0., 0., 0., 30., 19., 70., 164., 5., 0.,
       0., 1., 164., 114., 29., 17., 0., 0., 0., 7., 125., 20., 0., 0.,
       0., 0., 0., 4., 4., 2., 0., 0., 0., 0., 0., 0., 61., 1., 2., 36.,
       25., 2., 0., 13., 164., 2., 0., 1., 1., 0., 0., 67., 129., 3., 1.,
       0., 0., 0., 0., 11., 4., 4., 1., 0., 0., 0., 0., 1., 76., 1., 0.,
       13., 11., 0., 0., 35., 164., 0., 0., 0., 0., 0., 0., 125., 53.,
       0., 0., 0., 0., 0., 0., 20., 4., 1., 0., 0., 0., 0., 0., 2., 52.,
       49., 4., 7., 18., 2., 0., 0., 186., 153., 0., 0., 1., 0., 0., 0.,
       58., 23., 0., 0., 0., 0., 0., 0., 0., 0., 0., 0., 1., 1., 0., 0.,
       48., 10., 0., 5., 29., 6., 0., 0., 186., 79., 0., 1., 3., 1., 0.,
       3., 144., 21., 1., 0., 0., 0., 0., 1., 2., 2., 0., 0., 0., 0., 1.,
       1., 51., 2., 1., 29., 13., 0., 0., 5., 186., 6., 0., 3., 1., 0.,
       0., 59., 148., 5., 1., 0., 0., 0., 0., 14., 7., 3., 0., 0., 0.,
       0., 0., 1., 66., 0., 1., 19., 5., 0., 0., 37., 186., 0., 0., 1.,
       0., 0., 0., 145., 61., 2., 1., 0., 0., 0., 1., 22., 6., 2., 0.,
       0., 0., 0., 0., 1., 0., 12., 111., 97., 0., 0., 0., 0., 31., 125.,
       86., 13., 0., 0., 0., 0., 17., 28., 0., 0., 0., 0., 0., 0., 0.,
       1., 0., 0., 0., 0., 0., 0., 27., 26., 96., 158., 2., 0., 0., 1.,
       158., 140., 45., 17., 0., 0., 0., 6., 116., 24., 0., 0., 0., 0.,
       0., 1., 3., 2., 0., 0., 0., 0., 0., 0., 73., 3., 4., 64., 15., 0.,
       0., 16., 158., 4., 1., 1., 0., 0., 0., 82., 122., 3., 0., 0., 0.,
       0., 0., 13., 5., 2., 0., 0., 0., 0., 0., 0., 87., 1., 0., 12., 6.,
       0., 0., 62., 158., 0., 0., 0., 0., 0., 0., 153., 43., 0., 0., 0.,
       0., 0., 0., 21., 4., 1., 0., 0., 0., 0., 0., 1., 1., 0., 0., 0.,
       2., 12., 5., 0., 117., 65., 0., 0., 1., 5., 3., 2., 147., 141.,
       0., 0., 0., 0., 0., 0., 89., 90., 0., 0., 0., 0., 0., 0., 0., 0.,
       0., 1., 12., 6., 0., 0., 117., 19., 0., 3., 7., 1., 0., 2., 147.,
       68., 1., 0., 0., 0., 0., 2., 147., 73., 1., 0., 0., 0., 0., 0.,
       0., 0., 0., 0., 13., 7., 0., 0., 109., 1., 0., 0., 5., 5., 2.,
       28., 147., 17., 8., 1., 0., 0., 0., 32., 147., 26., 6., 1., 0.,
       0., 0., 6., 0., 0., 0., 0., 6., 5., 0., 1., 92., 1., 0., 0., 2.,
       3., 1., 56., 147., 13., 20., 9., 0., 0., 0., 49., 147., 6., 6.,
       2., 0., 0., 0., 56., 0., 0., 0., 8., 9., 6., 1., 0., 30., 0., 0.,
       19., 18., 4., 0., 15., 173., 0., 0., 1., 1., 1., 0., 173., 86.,
       1., 0., 0., 0., 0., 0., 72., 0., 0., 0., 15., 35., 2., 0., 0.,
       107., 0., 0., 11., 17., 2., 0., 17., 173., 3., 0., 0., 0., 0., 0.,
       96., 75., 2., 0., 0., 0., 0., 0., 21., 0., 0., 0., 12., 27., 2.,
       0., 0., 110., 13., 0., 0., 11., 6., 1., 3., 173., 84., 0., 0., 0.,
       0., 0., 5., 75., 22., 0., 0., 0., 0., 0., 1., 0., 0., 0., 2., 14.,
       3., 0., 0., 32., 15., 0., 0., 6., 6., 0., 0., 173., 167., 0., 0.,
       0., 0., 0., 0., 81., 79., 0., 0., 0., 0., 0., 0., 0., 0., 1., 12.,
       2., 0., 0., 0., 30., 0., 0., 6., 2., 0., 0., 16., 182., 0., 0.,
       0., 0., 0., 0., 175., 84., 0., 0., 0., 0., 0., 1., 88., 0., 0.,
       3., 8., 1., 0., 0., 0., 110., 3., 1., 5., 1., 0., 0., 13., 182.,
       2., 0., 0., 0., 0., 0., 92., 80., 1., 0., 0., 0., 0., 0., 23., 0.,
       1., 8., 5., 1., 0., 0., 0., 126., 14., 3., 5., 2., 0., 0., 2.,
       182., 67., 0., 0., 0., 0., 0., 6., 77., 17., 0., 0., 0., 0., 0.,
       1., 0., 0., 11., 5., 0., 0., 0., 0., 48., 28., 8., 3., 0., 0., 0.,
       2., 182., 129., 0., 0., 0., 0., 0., 5., 85., 37., 0., 0., 0., 0.,
       0., 1., 10., 73., 5., 0., 0., 0., 0., 0., 72., 154., 3., 0., 0.,
       0., 0., 0., 91., 148., 0., 0., 0., 0., 0., 0., 6., 4., 0., 0., 0.,
       0., 0., 0., 19., 12., 0., 0., 0., 0., 0., 0., 154., 91., 0., 0.,
       0., 0., 0., 3., 154., 120., 0., 0., 0., 0., 0., 5., 34., 6., 0.,
       0., 0., 0., 0., 0., 27., 2., 0., 0., 0., 1., 0., 2., 154., 4., 0.,
       0., 0., 0., 0., 53., 154., 7., 0., 0., 0., 0., 0., 90., 36., 1.,
       0., 0., 0., 0., 0., 5., 21., 2., 0., 0., 0., 1., 0., 3., 154., 1.,
       0., 0., 0., 0., 0., 90., 154., 0., 0., 0., 0., 0., 0., 99., 11.,
       0., 0., 0., 0., 0., 0., 4., 11., 0., 0., 0., 0., 0., 2., 63., 2.,
       1., 3., 1., 0., 0., 75., 100., 3., 5., 3., 0., 0., 0., 127., 47.,
       0., 0., 0., 0., 0., 0., 106., 74., 16., 0., 0., 16., 7., 1., 18.,
       127., 12., 22., 51., 127., 13., 0., 21., 87., 116., 101., 41.,
       17., 0., 0., 39., 21., 24., 6., 0., 0., 0., 0., 34., 18., 0., 0.,
       0., 90., 98., 4., 35., 75., 59., 8., 10., 127., 73., 1., 1., 25.,
       127., 25., 6., 7., 0., 0., 0., 48., 45., 2., 0., 0., 0., 0., 0.,
       5., 0., 0., 0., 52., 127., 4., 2., 2., 69., 0., 0., 24., 57., 2.,
       1., 77., 127., 0., 0., 0., 0., 0., 0., 107., 16., 0., 0., 0., 0.,
       0., 0., 8., 0., 0., 13., 4., 0., 0., 0., 0., 85., 5., 6., 2., 0.,
       0., 0., 12., 162., 4., 0., 0., 0., 0., 0., 84., 53., 1., 0., 0.,
       0., 0., 0., 22., 0., 0., 14., 3., 0., 2., 9., 3., 114., 15., 8.,
       1., 0., 0., 16., 49., 162., 33., 0., 0., 0., 0., 3., 52., 57.,
       10., 0., 0., 0., 0., 0., 1., 0., 0., 0., 0., 0., 3., 162., 85.,
       17., 0., 0., 0., 0., 0., 162., 162., 99., 5., 0., 0., 0., 0., 51.,
       148., 10., 3., 0., 0., 0., 0., 0., 0., 0., 0., 0., 0., 0., 0.,
       162., 69., 0., 0., 0., 0., 0., 0., 109., 62., 0., 0., 0., 0., 0.,
       0., 11., 6., 0., 0., 0., 0., 0., 0., 0., 0., 30., 153., 19., 0.,
       0., 0., 0., 0., 1., 153., 69., 0., 0., 0., 0., 0., 0., 22., 26.,
       0., 0., 0., 0., 0., 0., 0., 0., 0., 0., 0., 0., 0., 1., 130., 39.,
       3., 3., 0., 0., 0., 18., 153., 153., 1., 0., 0., 0., 0., 74.,
       153., 71., 0., 0., 0., 0., 3., 2., 1., 0., 0., 0., 0., 0., 1., 0.,
       2., 3., 10., 10., 0., 0., 0., 117., 45., 18., 5., 3., 0., 0., 19.,
       153., 44., 3., 0., 0., 0., 0., 65., 17., 0., 0., 0., 0., 0., 0.,
       8., 0., 0., 0., 5., 7., 1., 2., 4., 125., 0., 0., 1., 1., 0., 1.,
       82., 153., 0., 0., 0., 0., 0., 0., 124., 16., 0., 0., 0., 0., 0.,
       0., 9., 75., 3., 0., 0., 1., 1., 0., 46., 89., 43., 14., 8., 7.,
       1., 3., 129., 99., 96., 6., 2., 1., 0., 0., 80., 11., 5., 0., 0.,
       0., 0., 0., 6., 65., 1., 0., 0., 6., 22., 61., 129., 70., 37.,
       12., 14., 106., 108., 29., 97., 129., 117., 6., 4., 15., 15., 5.,
       25., 41., 8., 0., 0., 0., 0., 0., 1., 1., 0., 0., 0., 2., 20.,
       129., 129., 11., 0., 0., 0., 51., 129., 77., 53., 129., 2., 0.,
       0., 6., 44., 68., 129., 24., 0., 0., 0., 0., 0., 0., 7., 0., 0.,
