%YAML:1.0
tag: !!opencv-matrix
   rows: 15
   cols: 128
   dt: f
   data: [ 33., 4., 0., 0., 0., 0., 1., 40., 69., 3., 0., 0., 0., 0., 2.,
       36., 185., 0., 0., 0., 0., 0., 0., 101., 87., 2., 1., 0., 0., 0.,
       0., 29., 50., 13., 0., 0., 0., 0., 0., 6., 143., 24., 0., 0., 0.,
       0., 0., 15., 185., 16., 0., 0., 0., 0., 0., 47., 78., 12., 7., 0.,
       0., 0., 1., 14., 43., 13., 0., 0., 0., 0., 0., 5., 162., 16., 0.,
       0., 0., 0., 0., 17., 185., 20., 0., 0., 0., 0., 0., 12., 89., 5.,
       1., 0., 0., 0., 2., 13., 45., 6., 0., 0., 0., 0., 0., 4., 121.,
       15., 0., 0., 0., 0., 0., 7., 185., 50., 0., 0., 0., 0., 0., 1.,
       84., 13., 0., 0., 0., 0., 0., 1., 1., 22., 6., 0., 0., 0., 0., 0.,
       94., 14., 4., 0., 0., 0., 0., 4., 183., 1., 0., 0., 0., 0., 0.,
       42., 95., 0., 0., 0., 0., 0., 0., 17., 10., 20., 1., 0., 0., 0.,
       0., 0., 148., 17., 0., 0., 0., 0., 0., 7., 183., 12., 0., 0., 0.,
       0., 0., 12., 114., 5., 0., 0., 0., 0., 0., 5., 21., 6., 0., 0.,
       0., 0., 0., 14., 115., 2., 0., 0., 0., 0., 0., 96., 183., 30., 0.,
       0., 0., 0., 0., 36., 112., 24., 0., 0., 0., 0., 0., 0., 36., 1.,
       0., 0., 0., 0., 0., 41., 78., 3., 0., 0., 0., 0., 0., 77., 183.,
       77., 0., 0., 0., 0., 0., 12., 90., 55., 0., 0., 0., 0., 0., 0.,
       8., 2., 6., 143., 56., 0., 0., 6., 161., 75., 6., 8., 0., 0., 0.,
       7., 161., 107., 1., 0., 0., 0., 0., 0., 12., 11., 2., 0., 0., 0.,
       0., 0., 4., 0., 0., 24., 35., 5., 19., 16., 161., 22., 0., 0., 0.,
       0., 3., 26., 161., 65., 0., 0., 0., 0., 0., 6., 40., 11., 1., 0.,
       0., 0., 0., 6., 0., 0., 0., 1., 5., 12., 37., 4., 136., 1., 0.,
       0., 0., 5., 12., 36., 161., 4., 0., 0., 0., 0., 0., 60., 42., 1.,
       2., 2., 1., 0., 1., 11., 0., 0., 0., 0., 1., 12., 17., 1., 102.,
       0., 0., 0., 1., 9., 6., 81., 161., 3., 0., 0., 0., 0., 0., 99.,
       16., 4., 5., 2., 0., 0., 0., 3., 95., 71., 8., 34., 20., 1., 1.,
       5., 170., 170., 0., 0., 0., 0., 0., 0., 39., 32., 1., 0., 0., 0.,
       0., 1., 1., 1., 1., 3., 1., 1., 1., 1., 66., 10., 0., 2., 9., 5.,
       22., 21., 170., 84., 0., 0., 0., 0., 1., 6., 137., 19., 2., 2.,
       0., 0., 0., 3., 1., 3., 7., 2., 0., 0., 1., 1., 33., 0., 0., 0.,
       1., 10., 33., 22., 170., 6., 0., 0., 0., 1., 3., 89., 133., 12.,
       4., 2., 0., 0., 0., 16., 1., 1., 6., 3., 0., 1., 2., 2., 30., 0.,
       0., 0., 1., 13., 18., 72., 170., 0., 0., 0., 0., 0., 1., 170.,
       40., 0., 1., 1., 1., 0., 1., 30., 1., 1., 0., 1., 0., 0., 1., 2.,
       135., 24., 0., 0., 0., 0., 0., 5., 135., 106., 0., 0., 0., 0., 0.,
       0., 134., 92., 0., 0., 0., 0., 1., 1., 9., 4., 0., 0., 0., 1., 5.,
       2., 135., 20., 0., 0., 0., 0., 12., 67., 135., 25., 0., 0., 0.,
       0., 27., 76., 135., 46., 0., 0., 0., 0., 5., 41., 32., 6., 0., 0.,
       0., 0., 3., 5., 17., 0., 0., 0., 0., 0., 135., 135., 16., 0., 0.,
       0., 0., 0., 135., 135., 62., 0., 0., 0., 0., 1., 66., 123., 18.,
       0., 0., 0., 0., 0., 1., 22., 0., 0., 0., 0., 0., 0., 63., 88., 0.,
       0., 0., 0., 0., 2., 62., 16., 0., 0., 0., 0., 0., 7., 29., 9., 1.,
       0., 0., 0., 0., 0., 2., 6., 2., 6., 53., 5., 0., 0., 0., 1., 3.,
       16., 58., 0., 0., 0., 0., 2., 3., 26., 16., 0., 0., 0., 0., 0.,
       2., 10., 0., 0., 0., 0., 0., 0., 0., 15., 146., 27., 0., 0., 0.,
       0., 13., 121., 146., 0., 0., 0., 0., 0., 77., 136., 45., 0., 0.,
       0., 0., 5., 21., 14., 0., 0., 0., 0., 0., 9., 0., 56., 146., 3.,
       0., 0., 0., 0., 124., 119., 85., 0., 0., 0., 0., 5., 146., 40.,
       3., 0., 0., 0., 0., 52., 28., 1., 0., 0., 0., 0., 0., 24., 1.,
       68., 106., 0., 0., 0., 0., 0., 146., 138., 41., 0., 0., 0., 0.,
       1., 146., 35., 0., 0., 0., 0., 0., 16., 19., 1., 0., 0., 0., 0.,
       0., 5., 41., 12., 0., 0., 0., 0., 0., 0., 85., 22., 0., 0., 0.,
       0., 0., 8., 158., 2., 0., 0., 0., 0., 0., 122., 51., 0., 0., 0.,
       0., 0., 0., 62., 26., 34., 0., 0., 0., 0., 0., 0., 157., 38., 0.,
       0., 0., 0., 0., 6., 158., 5., 0., 0., 0., 0., 0., 43., 57., 3.,
       0., 0., 0., 0., 0., 11., 36., 39., 2., 0., 0., 0., 0., 2., 158.,
       11., 0., 0., 0., 0., 0., 41., 158., 59., 0., 0., 0., 0., 0., 16.,
       53., 28., 0., 0., 0., 0., 0., 0., 55., 54., 2., 0., 0., 0., 0.,
       1., 141., 30., 0., 0., 0., 0., 0., 17., 157., 152., 0., 0., 0.,
       0., 0., 3., 52., 93., 0., 0., 0., 0., 0., 0., 1., 51., 138., 10.,
       0., 0., 0., 1., 2., 82., 120., 0., 0., 0., 0., 0., 46., 108., 45.,
       0., 0., 0., 0., 6., 39., 29., 2., 0., 0., 0., 0., 9., 0., 119.,
       44., 2., 0., 0., 0., 0., 46., 138., 49., 0., 0., 0., 0., 1., 138.,
       47., 4., 0., 0., 0., 0., 60., 57., 1., 0., 0., 0., 0., 0., 46.,
       2., 95., 7., 2., 1., 0., 0., 0., 138., 114., 3., 0., 0., 0., 0.,
       2., 138., 41., 0., 0., 0., 0., 0., 32., 45., 3., 0., 0., 0., 0.,
       0., 14., 3., 50., 4., 2., 7., 0., 0., 0., 72., 128., 1., 0., 0.,
       0., 0., 0., 138., 138., 0., 0., 0., 0., 0., 0., 37., 50., 1., 0.,
       0., 0., 0., 1., 14., 0., 0., 0., 0., 0., 36., 118., 140., 97., 0.,
       0., 0., 0., 4., 44., 140., 128., 0., 0., 0., 0., 0., 0., 4., 5.,
       0., 0., 0., 0., 0., 0., 15., 0., 0., 0., 0., 0., 27., 102., 140.,
       24., 0., 0., 0., 0., 38., 77., 140., 82., 0., 0., 0., 0., 2., 17.,
       29., 7., 0., 0., 0., 0., 0., 1., 9., 0., 0., 0., 0., 0., 60.,
       132., 53., 1., 0., 0., 0., 0., 107., 92., 140., 5., 0., 0., 0.,
       0., 7., 101., 37., 1., 0., 0., 0., 0., 0., 8., 16., 1., 0., 0.,
       0., 0., 5., 48., 55., 2., 0., 0., 0., 0., 6., 77., 136., 0., 0.,
       0., 0., 0., 0., 92., 13., 0., 0., 0., 0., 0., 1., 9., 44., 43.,
       3., 0., 0., 0., 0., 2., 144., 8., 0., 0., 0., 0., 0., 56., 144.,
       11., 0., 0., 0., 0., 0., 67., 23., 2., 0., 0., 0., 0., 0., 7.,
       94., 9., 1., 0., 0., 0., 1., 41., 144., 17., 0., 0., 0., 0., 0.,
       54., 144., 54., 0., 0., 0., 0., 0., 37., 39., 8., 0., 0., 0., 0.,
       0., 3., 34., 0., 0., 0., 0., 0., 88., 144., 58., 1., 0., 0., 0.,
       0., 68., 144., 79., 3., 0., 0., 0., 0., 18., 144., 17., 1., 0.,
       0., 0., 0., 0., 14., 0., 0., 0., 0., 0., 1., 144., 122., 0., 0.,
       0., 0., 0., 0., 73., 132., 1., 0., 0., 0., 0., 0., 9., 40., 0.,
       0., 0., 0., 0., 0., 0., 2., 81., 136., 1., 0., 0., 0., 0., 0.,
       58., 136., 10., 0., 0., 0., 0., 0., 1., 50., 10., 0., 0., 0., 0.,
       0., 0., 3., 0., 0., 0., 0., 0., 0., 41., 136., 11., 0., 0., 0.,
       0., 0., 43., 136., 32., 0., 0., 0., 0., 0., 98., 136., 19., 0.,
       0., 0., 0., 3., 19., 10., 0., 0., 0., 0., 0., 1., 34., 98., 13.,
       1., 0., 0., 0., 0., 136., 131., 2., 0., 0., 0., 0., 20., 136.,
       29., 0., 0., 0., 0., 0., 65., 29., 1., 0., 0., 0., 0., 0., 6.,
       37., 12., 0., 0., 0., 0., 5., 34., 136., 16., 0., 0., 0., 0., 1.,
       136., 136., 0., 0., 0., 0., 0., 0., 105., 9., 0., 0., 0., 0., 0.,
       0., 4., 17., 1., 0., 0., 4., 72., 84., 27., 126., 5., 0., 0., 0.,
       1., 25., 129., 60., 8., 0., 0., 0., 0., 19., 129., 13., 0., 0.,
       0., 0., 0., 9., 97., 0., 0., 0., 0., 9., 74., 129., 52., 51., 35.,
       9., 9., 57., 31., 114., 129., 129., 102., 6., 3., 6., 1., 4., 55.,
       20., 7., 1., 0., 0., 0., 3., 11., 0., 0., 0., 0., 18., 39., 121.,
       17., 22., 3., 1., 3., 129., 129., 56., 40., 129., 14., 1., 1., 9.,
       13., 20., 105., 21., 3., 1., 0., 0., 0., 0., 3., 0., 0., 0., 0.,
       3., 14., 6., 1., 1., 0., 0., 0., 10., 71., 26., 9., 9., 0., 0.,
       0., 0., 6., 14., 23., 1., 0., 0., 0., 0., 0., 0., 0., 0., 1., 37.,
       7., 0., 0., 0., 0., 0., 2., 74., 27., 0., 0., 0., 0., 18., 8.,
       17., 18., 0., 0., 0., 2., 5., 0., 0., 0., 0., 0., 0., 1., 0., 2.,
       133., 113., 16., 0., 0., 0., 17., 45., 133., 40., 0., 0., 0., 1.,
       133., 102., 51., 11., 0., 0., 0., 11., 23., 7., 0., 0., 0., 0.,
       0., 2., 0., 11., 73., 89., 133., 79., 15., 0., 133., 85., 126.,
       10., 2., 17., 24., 23., 133., 40., 6., 0., 0., 0., 0., 60., 9.,
       2., 0., 0., 0., 0., 0., 3., 0., 1., 1., 1., 43., 101., 47., 0.,
