%YAML:1.0
tag: !!opencv-matrix
   rows: 4
   cols: 128
   dt: f
   data: [ 0., 0., 0., 0., 0., 0., 0., 0., 117., 2., 0., 0., 0., 0., 0.,
       4., 172., 6., 0., 0., 0., 0., 0., 18., 36., 1., 0., 0., 0., 0.,
       0., 2., 0., 0., 0., 0., 0., 0., 21., 8., 113., 5., 0., 0., 0., 0.,
       42., 51., 172., 24., 0., 0., 0., 0., 8., 59., 47., 4., 0., 0., 0.,
       0., 0., 1., 0., 0., 0., 0., 0., 0., 172., 100., 13., 0., 0., 0.,
       0., 0., 172., 172., 102., 1., 0., 0., 0., 0., 76., 170., 15., 0.,
       0., 0., 0., 0., 0., 3., 0., 0., 0., 0., 0., 0., 114., 37., 0., 0.,
       0., 0., 0., 0., 66., 27., 0., 0., 0., 0., 0., 0., 9., 4., 0., 0.,
       0., 0., 0., 0., 0., 0., 0., 109., 105., 0., 0., 0., 0., 0., 0.,
       45., 74., 0., 0., 0., 0., 0., 0., 12., 18., 0., 0., 0., 0., 0.,
       0., 0., 0., 0., 0., 0., 0., 0., 0., 151., 155., 0., 0., 0., 0.,
       0., 19., 155., 155., 0., 0., 0., 0., 0., 99., 155., 76., 0., 0.,
       0., 0., 2., 5., 2., 0., 0., 0., 0., 0., 0., 0., 7., 10., 0., 0.,
       0., 0., 0., 127., 44., 30., 0., 0., 0., 0., 11., 155., 43., 5.,
       0., 0., 0., 0., 38., 24., 0., 0., 0., 0., 0., 0., 3., 1., 0., 0.,
       0., 0., 0., 0., 0., 142., 0., 0., 0., 0., 0., 0., 27., 155., 0.,
       0., 0., 0., 0., 0., 61., 18., 0., 0., 0., 0., 0., 0., 3., 0., 3.,
       126., 33., 0., 0., 0., 0., 3., 15., 47., 11., 0., 0., 0., 0., 6.,
       5., 0., 0., 0., 0., 0., 0., 0., 0., 0., 0., 0., 0., 0., 0., 0.,
       9., 139., 39., 3., 0., 0., 0., 69., 139., 124., 8., 0., 0., 0.,
       4., 139., 132., 2., 0., 0., 0., 0., 7., 22., 3., 0., 0., 0., 0.,
       0., 0., 1., 1., 4., 7., 7., 13., 37., 3., 139., 24., 3., 0., 0.,
       4., 9., 78., 139., 76., 1., 0., 0., 0., 0., 87., 34., 15., 1., 0.,
       0., 0., 0., 3., 0., 0., 0., 0., 2., 71., 139., 23., 64., 3., 0.,
       0., 1., 53., 92., 139., 87., 94., 4., 0., 0., 16., 52., 59., 3.,
       24., 3., 0., 0., 1., 1., 0., 0., 0., 0., 0., 0., 0., 0., 0., 1.,
       1., 18., 6., 0., 0., 0., 0., 2., 1., 3., 2., 0., 0., 0., 0., 0.,
       0., 0., 0., 0., 0., 0., 0., 0., 1., 6., 0., 0., 1., 2., 0., 108.,
       92., 198., 23., 0., 4., 25., 29., 198., 125., 47., 7., 0., 0., 3.,
       49., 45., 11., 0., 0., 0., 0., 0., 3., 0., 0., 1., 0., 0., 2., 7.,
       1., 101., 19., 26., 0., 0., 6., 84., 187., 198., 76., 3., 0., 0.,
       0., 11., 198., 30., 16., 0., 0., 0., 0., 0., 2., 0., 0., 0., 0.,
       0., 0., 0., 0., 3., 0., 0., 0., 0., 0., 0., 7., 11., 0., 0., 0.,
       0., 0., 0., 23., 0., 0., 0., 0., 0., 0., 0., 0. ]
