%YAML:1.0
tag: !!opencv-matrix
   rows: 36
   cols: 128
   dt: f
   data: [ 9., 18., 4., 1., 1., 8., 16., 4., 4., 85., 26., 4., 10., 28.,
       30., 2., 26., 175., 65., 2., 8., 7., 2., 7., 44., 175., 45., 0.,
       0., 0., 0., 2., 14., 24., 9., 4., 2., 1., 1., 8., 10., 18., 52.,
       36., 15., 11., 6., 2., 147., 46., 12., 9., 9., 3., 2., 77., 129.,
       175., 27., 1., 3., 1., 1., 53., 7., 6., 1., 2., 3., 6., 4., 6.,
       12., 7., 9., 10., 8., 28., 32., 7., 175., 49., 3., 1., 1., 5.,
       10., 26., 118., 51., 3., 1., 6., 5., 5., 16., 4., 4., 0., 1., 7.,
       3., 1., 0., 12., 9., 1., 3., 6., 2., 2., 1., 141., 10., 0., 1.,
       3., 1., 1., 1., 146., 15., 0., 0., 0., 0., 0., 0., 1., 1., 66.,
       29., 4., 45., 42., 5., 4., 18., 45., 22., 28., 83., 32., 2., 49.,
       123., 24., 10., 38., 17., 6., 1., 101., 80., 1., 0., 0., 0., 0.,
       1., 3., 5., 123., 50., 1., 6., 31., 6., 66., 52., 74., 17., 28.,
       14., 7., 25., 106., 32., 4., 9., 100., 53., 4., 7., 123., 59., 0.,
       1., 1., 2., 1., 2., 2., 3., 66., 46., 2., 12., 51., 10., 49., 82.,
       47., 10., 8., 3., 30., 45., 63., 42., 9., 26., 95., 22., 6., 11.,
       123., 65., 1., 2., 5., 2., 1., 3., 1., 4., 15., 12., 2., 3., 123.,
       41., 10., 6., 5., 35., 13., 7., 123., 71., 31., 4., 6., 36., 53.,
       30., 21., 45., 123., 9., 0., 0., 4., 4., 6., 73., 0., 0., 3., 60.,
       124., 1., 0., 0., 54., 14., 23., 74., 64., 2., 6., 17., 26., 17.,
       89., 24., 8., 1., 16., 56., 3., 26., 124., 3., 1., 5., 8., 20.,
       1., 1., 0., 31., 124., 3., 1., 1., 78., 8., 3., 17., 103., 16.,
       8., 49., 14., 4., 54., 41., 61., 72., 23., 11., 1., 17., 107., 4.,
       3., 13., 80., 10., 5., 3., 0., 35., 124., 14., 2., 2., 124., 18.,
       1., 23., 77., 16., 7., 22., 16., 5., 15., 46., 62., 55., 68., 5.,
       3., 29., 38., 3., 1., 13., 110., 7., 1., 0., 0., 1., 115., 84.,
       3., 2., 44., 39., 8., 2., 37., 64., 15., 16., 24., 79., 5., 0.,
       4., 26., 97., 15., 2., 17., 10., 8., 1., 19., 124., 5., 15., 35.,
       46., 20., 9., 29., 59., 17., 4., 95., 50., 10., 13., 64., 31., 2.,
       70., 122., 18., 0., 0., 13., 7., 3., 26., 47., 7., 0., 0., 0., 0.,
       0., 25., 115., 61., 46., 46., 5., 3., 3., 122., 36., 33., 34.,
       13., 50., 33., 22., 117., 86., 3., 8., 31., 72., 40., 20., 111.,
       89., 2., 1., 1., 0., 0., 6., 44., 18., 8., 12., 65., 18., 32.,
       32., 122., 29., 21., 33., 9., 6., 16., 29., 90., 24., 21., 65.,
       63., 13., 6., 58., 122., 23., 3., 1., 2., 1., 3., 67., 4., 16.,
       32., 7., 8., 15., 72., 26., 32., 21., 57., 26., 1., 4., 51., 59.,
       104., 10., 17., 26., 1., 0., 18., 122., 48., 4., 1., 1., 2., 3.,
       7., 47., 0., 0., 0., 78., 58., 0., 0., 0., 15., 2., 4., 117., 55.,
       1., 4., 31., 37., 17., 62., 25., 6., 7., 9., 92., 6., 4., 117.,
       23., 2., 11., 16., 20., 3., 0., 0., 30., 117., 5., 0., 0., 117.,
       6., 3., 31., 89., 11., 19., 60., 21., 6., 35., 72., 22., 101.,
       53., 25., 0., 1., 99., 45., 9., 44., 45., 1., 2., 0., 0., 2.,
       117., 40., 0., 1., 117., 36., 24., 22., 77., 53., 4., 14., 24.,
       24., 35., 117., 45., 32., 48., 10., 1., 2., 50., 53., 7., 18.,
       117., 12., 0., 0., 0., 0., 17., 57., 8., 0., 4., 12., 14., 5.,
       51., 117., 11., 1., 19., 92., 20., 5., 15., 33., 52., 15., 8.,
       54., 19., 6., 1., 5., 94., 12., 34., 95., 35., 6., 10., 33., 9.,
       2., 44., 130., 12., 2., 1., 0., 1., 6., 4., 13., 7., 4., 20., 26.,
       5., 4., 0., 0., 0., 1., 130., 130., 1., 0., 16., 78., 46., 25.,
       79., 28., 3., 2., 130., 130., 16., 8., 18., 3., 0., 4., 74., 23.,
       4., 1., 4., 7., 8., 18., 0., 0., 0., 0., 130., 113., 5., 1., 44.,
       40., 19., 50., 30., 2., 2., 40., 130., 22., 4., 20., 10., 1., 1.,
       126., 93., 1., 0., 0., 1., 3., 3., 39., 0., 0., 0., 0., 59., 57.,
       1., 0., 58., 3., 8., 28., 13., 2., 6., 121., 108., 0., 0., 2., 1.,
       0., 1., 130., 12., 0., 0., 0., 0., 5., 4., 25., 0., 0., 0., 0.,
       12., 23., 3., 0., 57., 24., 2., 0., 0., 1., 2., 9., 191., 103.,
       0., 0., 0., 0., 0., 1., 103., 36., 0., 0., 0., 0., 0., 0., 2., 2.,
       0., 0., 0., 0., 0., 1., 61., 25., 9., 2., 3., 3., 2., 2., 191.,
       27., 0., 0., 0., 0., 0., 9., 174., 24., 2., 0., 0., 0., 0., 5.,
       5., 15., 2., 0., 0., 0., 0., 0., 64., 6., 6., 2., 1., 8., 11.,
       11., 191., 7., 0., 0., 0., 0., 1., 35., 166., 6., 0., 0., 0., 0.,
       0., 16., 9., 6., 1., 0., 0., 0., 1., 4., 68., 6., 5., 2., 4., 4.,
       1., 15., 191., 2., 0., 0., 0., 0., 0., 66., 96., 1., 2., 1., 1.,
       0., 0., 29., 3., 1., 3., 2., 1., 0., 1., 4., 120., 54., 1., 2.,
       1., 1., 1., 1., 160., 113., 0., 0., 0., 0., 0., 0., 43., 22., 2.,
       0., 0., 0., 0., 2., 1., 4., 2., 0., 0., 0., 0., 0., 107., 24., 1.,
       1., 0., 5., 11., 6., 160., 89., 0., 0., 0., 0., 0., 8., 97., 21.,
       2., 0., 0., 0., 0., 9., 2., 3., 1., 0., 0., 0., 0., 3., 38., 2.,
       0., 0., 0., 60., 160., 54., 160., 5., 0., 0., 0., 2., 51., 160.,
       94., 8., 0., 0., 0., 0., 2., 25., 2., 2., 0., 0., 0., 0., 0., 2.,
       0., 0., 0., 0., 0., 47., 160., 19., 13., 0., 0., 0., 0., 3., 95.,
       118., 8., 1., 0., 0., 0., 2., 18., 21., 0., 0., 0., 0., 0., 0.,
       1., 0., 62., 18., 1., 0., 0., 1., 0., 8., 184., 69., 0., 0., 0.,
       0., 0., 1., 114., 28., 0., 0., 0., 0., 0., 0., 3., 4., 0., 0., 0.,
       0., 0., 0., 67., 15., 2., 1., 1., 1., 0., 3., 184., 22., 0., 0.,
       0., 0., 0., 8., 165., 22., 0., 0., 0., 0., 0., 2., 3., 19., 1.,
       0., 0., 0., 0., 0., 67., 3., 0., 1., 1., 1., 1., 21., 184., 6.,
       0., 0., 0., 0., 0., 84., 116., 24., 0., 0., 0., 0., 3., 21., 9.,
       15., 5., 5., 0., 0., 0., 1., 81., 1., 0., 1., 1., 0., 0., 49.,
       184., 0., 0., 0., 0., 0., 0., 135., 45., 1., 3., 16., 0., 0., 5.,
       23., 1., 3., 30., 113., 0., 0., 1., 1., 0., 2., 54., 126., 2., 1.,
       0., 0., 108., 83., 24., 19., 2., 1., 0., 1., 171., 119., 1., 0.,
       0., 0., 0., 0., 26., 12., 2., 0., 0., 0., 0., 2., 4., 9., 7., 14.,
       4., 2., 0., 1., 140., 28., 1., 2., 0., 1., 0., 3., 171., 39., 0.,
       0., 0., 0., 0., 6., 59., 5., 0., 0., 0., 0., 1., 7., 5., 2., 1.,
       2., 5., 4., 1., 3., 144., 6., 3., 0., 0., 0., 0., 24., 171., 4.,
       0., 0., 0., 0., 0., 57., 51., 2., 2., 0., 0., 0., 2., 9., 2., 0.,
       1., 2., 3., 1., 1., 1., 140., 1., 1., 0., 0., 0., 0., 75., 171.,
       0., 0., 0., 0., 0., 0., 115., 20., 0., 0., 0., 0., 0., 5., 13.,
       59., 31., 1., 0., 0., 0., 0., 1., 169., 89., 0., 0., 0., 0., 0.,
       0., 57., 33., 2., 0., 0., 0., 0., 0., 3., 12., 3., 0., 0., 0., 0.,
       0., 58., 9., 0., 0., 1., 1., 1., 7., 169., 38., 0., 0., 0., 0.,
       0., 11., 105., 23., 1., 0., 0., 0., 3., 14., 3., 10., 5., 29., 1.,
       0., 1., 2., 65., 3., 0., 1., 2., 0., 0., 13., 169., 1., 0., 0.,
       0., 0., 0., 55., 116., 1., 0., 20., 4., 0., 2., 12., 0., 0., 1.,
       169., 24., 0., 1., 1., 79., 4., 0., 1., 3., 1., 1., 26., 169., 1.,
       0., 1., 0., 0., 0., 92., 49., 1., 1., 100., 33., 0., 0., 13., 0.,
       0., 0., 169., 75., 0., 0., 0., 2., 1., 1., 0., 1., 2., 1., 0.,
       117., 14., 0., 0., 0., 1., 1., 3., 179., 27., 0., 0., 0., 0., 0.,
       4., 40., 8., 2., 0., 0., 0., 0., 2., 2., 2., 1., 3., 2., 2., 0.,
       0., 143., 17., 1., 2., 1., 1., 0., 3., 179., 15., 1., 0., 0., 0.,
       0., 10., 45., 3., 16., 10., 1., 0., 0., 4., 3., 2., 0., 1., 7.,
       7., 2., 0., 142., 7., 1., 1., 0., 4., 3., 4., 179., 35., 5., 13.,
       7., 0., 0., 4., 27., 8., 79., 149., 33., 1., 0., 0., 5., 3., 0.,
       0., 18., 14., 1., 0., 72., 16., 0., 0., 0., 3., 2., 2., 179., 78.,
       0., 5., 18., 9., 0., 1., 25., 8., 8., 55., 132., 93., 0., 0., 18.,
       33., 20., 20., 2., 0., 0., 0., 174., 131., 9., 1., 0., 0., 0., 0.,
       68., 25., 0., 0., 0., 2., 1., 1., 0., 0., 0., 0., 1., 4., 3., 1.,
       26., 26., 40., 124., 5., 0., 0., 1., 174., 106., 19., 9., 0., 0.,
       0., 5., 157., 23., 0., 0., 0., 0., 0., 1., 5., 2., 0., 0., 0., 1.,
