%YAML:1.0
tag: !!opencv-matrix
   rows: 23
   cols: 128
   dt: f
   data: [ 14., 2., 0., 13., 144., 13., 0., 3., 102., 21., 0., 1., 26.,
       9., 1., 14., 9., 2., 0., 0., 116., 32., 1., 2., 4., 0., 0., 0.,
       31., 11., 2., 6., 10., 3., 0., 22., 144., 7., 0., 0., 144., 18.,
       1., 4., 37., 4., 0., 14., 25., 2., 0., 1., 141., 39., 0., 6., 1.,
       1., 0., 0., 50., 19., 1., 1., 19., 6., 2., 56., 144., 4., 0., 0.,
       144., 23., 2., 15., 30., 0., 0., 4., 21., 5., 1., 19., 133., 7.,
       0., 1., 0., 0., 0., 8., 67., 3., 0., 0., 40., 3., 7., 130., 144.,
       0., 0., 2., 144., 5., 4., 8., 11., 1., 0., 13., 16., 1., 0., 21.,
       110., 3., 0., 3., 0., 0., 0., 9., 37., 0., 0., 1., 1., 35., 161.,
       65., 0., 0., 0., 0., 35., 147., 65., 1., 0., 0., 0., 0., 19., 21.,
       0., 0., 0., 1., 1., 1., 5., 3., 0., 0., 0., 0., 1., 1., 44., 59.,
       87., 123., 20., 0., 0., 1., 161., 161., 24., 1., 0., 0., 0., 2.,
       108., 15., 0., 0., 0., 0., 2., 4., 4., 1., 0., 0., 1., 1., 1., 1.,
       94., 4., 1., 24., 48., 1., 0., 21., 161., 9., 0., 0., 0., 0., 0.,
       58., 133., 3., 0., 0., 1., 0., 0., 6., 2., 1., 0., 0., 3., 1., 0.,
       0., 101., 0., 0., 5., 30., 1., 0., 32., 161., 0., 0., 0., 0., 0.,
       0., 93., 64., 1., 1., 0., 0., 0., 0., 14., 1., 1., 1., 0., 0., 0.,
       0., 0., 8., 0., 0., 18., 159., 12., 1., 3., 131., 0., 0., 2., 24.,
       3., 1., 32., 50., 3., 2., 0., 0., 0., 0., 17., 44., 3., 1., 0.,
       0., 0., 0., 8., 14., 0., 0., 1., 159., 34., 0., 1., 159., 2., 0.,
       1., 30., 4., 0., 16., 49., 6., 4., 1., 2., 0., 0., 6., 71., 8.,
       2., 0., 0., 0., 0., 10., 10., 0., 0., 0., 159., 99., 0., 1., 151.,
       22., 0., 0., 39., 17., 0., 4., 41., 24., 2., 0., 1., 0., 0., 3.,
       90., 3., 0., 0., 0., 0., 0., 30., 1., 0., 0., 0., 159., 159., 0.,
       0., 45., 45., 0., 0., 59., 56., 0., 1., 33., 59., 7., 0., 0., 0.,
       0., 2., 111., 6., 1., 0., 0., 0., 0., 45., 10., 30., 2., 2., 142.,
       97., 0., 0., 49., 86., 3., 3., 30., 10., 0., 0., 3., 3., 1., 3.,
       47., 17., 0., 0., 1., 2., 4., 1., 2., 1., 0., 0., 7., 5., 0., 1.,
       142., 104., 0., 0., 142., 42., 1., 1., 75., 18., 0., 3., 29., 3.,
       1., 5., 86., 19., 0., 2., 2., 8., 3., 4., 9., 1., 0., 0., 4., 0.,
       0., 0., 142., 82., 0., 1., 142., 5., 0., 0., 106., 39., 2., 14.,
       51., 2., 0., 1., 110., 38., 1., 6., 6., 12., 1., 2., 24., 4., 0.,
       0., 0., 0., 0., 0., 142., 77., 0., 0., 130., 7., 0., 0., 107.,
       49., 1., 10., 62., 4., 0., 0., 88., 53., 1., 7., 4., 6., 0., 0.,
       36., 19., 0., 0., 20., 2., 0., 1., 2., 1., 0., 2., 116., 5., 0.,
       3., 13., 1., 0., 17., 59., 1., 0., 11., 103., 5., 2., 28., 144.,
       0., 0., 1., 7., 1., 1., 105., 26., 6., 2., 9., 2., 0., 0., 0.,
       144., 17., 1., 6., 20., 0., 0., 0., 130., 3., 1., 17., 94., 2.,
       0., 26., 144., 0., 0., 1., 8., 0., 0., 85., 35., 3., 2., 12., 3.,
       0., 0., 0., 137., 18., 2., 9., 16., 0., 0., 0., 144., 5., 1., 20.,
       53., 3., 1., 34., 144., 1., 0., 2., 13., 1., 0., 43., 25., 10.,
       5., 9., 1., 0., 0., 0., 96., 19., 1., 7., 11., 1., 0., 0., 144.,
       10., 3., 16., 23., 2., 0., 17., 144., 2., 0., 0., 12., 3., 0.,
       31., 1., 0., 0., 97., 186., 0., 0., 0., 92., 2., 0., 29., 90., 0.,
       0., 28., 42., 1., 1., 21., 10., 0., 0., 14., 0., 0., 0., 46., 13.,
       0., 0., 0., 5., 0., 0., 68., 186., 8., 0., 3., 128., 6., 1., 15.,
       67., 6., 1., 40., 29., 2., 1., 29., 54., 3., 1., 11., 0., 0., 2.,
       49., 24., 0., 0., 0., 7., 4., 2., 63., 186., 3., 0., 1., 132.,
       38., 6., 21., 54., 2., 0., 5., 19., 9., 5., 79., 42., 0., 0., 1.,
       3., 3., 5., 36., 15., 0., 0., 0., 9., 1., 0., 17., 186., 5., 0.,
       1., 111., 12., 1., 7., 49., 2., 0., 9., 12., 2., 1., 27., 61., 2.,
       0., 1., 6., 3., 2., 7., 8., 4., 2., 1., 24., 0., 0., 0., 4., 4.,
       1., 15., 139., 14., 0., 0., 21., 17., 2., 7., 194., 42., 0., 0.,
       0., 0., 0., 1., 40., 5., 0., 0., 0., 0., 0., 0., 32., 0., 0., 0.,
       5., 4., 2., 36., 145., 5., 0., 2., 43., 20., 3., 12., 194., 18.,
       0., 0., 1., 0., 0., 5., 65., 3., 0., 0., 0., 0., 0., 0., 24., 0.,
       0., 1., 12., 1., 0., 33., 142., 1., 0., 5., 64., 1., 0., 16.,
       194., 2., 0., 0., 1., 0., 0., 36., 59., 3., 0., 0., 0., 0., 0.,
       3., 11., 0., 0., 2., 14., 1., 1., 19., 117., 0., 0., 4., 41., 3.,
       1., 44., 194., 0., 0., 0., 0., 0., 0., 84., 30., 0., 0., 0., 0.,
       0., 0., 7., 0., 7., 54., 50., 0., 0., 52., 64., 19., 80., 53., 9.,
       0., 2., 92., 19., 12., 15., 0., 0., 0., 9., 137., 5., 0., 0., 0.,
       0., 0., 2., 119., 9., 20., 23., 119., 137., 0., 0., 2., 7., 137.,
       137., 61., 18., 0., 0., 0., 9., 103., 35., 0., 0., 0., 0., 1., 1.,
       6., 1., 0., 0., 0., 0., 2., 2., 32., 2., 12., 54., 0., 0., 14.,
       84., 137., 7., 1., 1., 0., 0., 2., 113., 131., 3., 0., 0., 0., 0.,
       0., 20., 6., 1., 0., 0., 0., 0., 0., 2., 35., 0., 0., 0., 0., 0.,
       5., 96., 137., 0., 0., 0., 0., 0., 0., 133., 55., 0., 0., 0., 0.,
       0., 0., 23., 2., 1., 1., 0., 0., 0., 0., 1., 0., 0., 0., 0., 18.,
       33., 0., 0., 111., 26., 0., 0., 13., 30., 5., 8., 157., 107., 0.,
       0., 0., 0., 0., 2., 109., 92., 0., 0., 0., 0., 0., 0., 0., 0., 0.,
       0., 21., 33., 0., 0., 100., 6., 0., 0., 18., 29., 2., 6., 157.,
       36., 0., 0., 0., 0., 0., 3., 157., 68., 0., 0., 0., 0., 0., 0.,
       0., 0., 0., 0., 25., 15., 0., 0., 79., 0., 0., 0., 24., 19., 2.,
       22., 157., 10., 2., 2., 0., 0., 1., 36., 157., 25., 3., 2., 0.,
       0., 0., 7., 0., 0., 0., 1., 22., 4., 0., 0., 70., 0., 0., 0., 15.,
       5., 0., 48., 157., 9., 8., 14., 0., 0., 0., 55., 157., 7., 5., 6.,
       0., 0., 0., 38., 33., 2., 0., 0., 4., 8., 1., 4., 140., 99., 0.,
       0., 6., 12., 1., 1., 158., 137., 0., 0., 0., 0., 0., 0., 21., 8.,
       0., 0., 0., 0., 0., 0., 44., 0., 0., 0., 2., 5., 1., 9., 133.,
       25., 0., 0., 13., 20., 2., 5., 158., 77., 0., 0., 0., 0., 0., 4.,
       61., 6., 0., 0., 0., 0., 0., 3., 31., 0., 0., 0., 2., 2., 1., 27.,
       106., 1., 0., 0., 14., 13., 3., 44., 158., 5., 0., 0., 0., 0., 0.,
       85., 61., 1., 0., 0., 0., 0., 0., 8., 11., 0., 2., 6., 1., 0., 0.,
       26., 87., 0., 0., 4., 4., 1., 1., 148., 158., 0., 0., 0., 0., 0.,
       0., 158., 16., 0., 0., 0., 0., 0., 0., 9., 0., 0., 0., 0., 149.,
       87., 0., 0., 42., 14., 1., 1., 45., 10., 0., 1., 46., 21., 3., 0.,
       0., 0., 0., 0., 1., 10., 17., 1., 0., 0., 0., 0., 0., 0., 0., 12.,
       149., 28., 0., 0., 51., 12., 2., 5., 95., 6., 0., 6., 37., 21.,
       20., 1., 0., 0., 0., 2., 1., 4., 30., 10., 0., 0., 0., 5., 0., 0.,
       1., 50., 149., 31., 5., 0., 10., 33., 16., 21., 68., 16., 46.,
       10., 7., 32., 41., 1., 0., 0., 54., 49., 2., 3., 17., 4., 0., 0.,
       61., 141., 0., 0., 0., 2., 75., 136., 65., 0., 1., 1., 0., 1., 9.,
       49., 149., 29., 1., 1., 0., 0., 0., 0., 149., 120., 0., 0., 0.,
       0., 0., 0., 104., 140., 0., 0., 102., 116., 7., 0., 0., 0., 0.,
       0., 136., 136., 0., 0., 0., 0., 0., 0., 91., 136., 0., 0., 3., 5.,
       6., 1., 11., 52., 1., 0., 3., 20., 2., 1., 62., 125., 136., 57.,
       0., 0., 26., 5., 102., 66., 8., 9., 6., 20., 6., 0., 16., 23., 0.,
       0., 40., 48., 3., 0., 1., 1., 0., 0., 22., 60., 1., 0., 0., 1.,
       136., 136., 1., 1., 50., 8., 0., 0., 22., 119., 10., 13., 36.,
       19., 0., 0., 0., 1., 8., 19., 19., 6., 0., 0., 0., 0., 2., 13.,
       0., 0., 0., 0., 26., 136., 2., 0., 5., 2., 0., 0., 9., 136., 38.,
       1., 10., 27., 0., 0., 0., 71., 36., 2., 13., 20., 0., 0., 0., 2.,
       9., 5., 9., 2., 0., 0., 143., 141., 1., 3., 106., 75., 0., 0.,
       15., 29., 1., 0., 143., 105., 0., 0., 0., 0., 0., 0., 33., 10.,
       0., 0., 0., 0., 0., 0., 1., 0., 0., 0., 84., 143., 2., 2., 70.,
       28., 0., 0., 23., 143., 38., 13., 143., 49., 0., 0., 0., 7., 15.,
       40., 60., 4., 0., 0., 0., 0., 0., 2., 0., 0., 0., 0., 6., 90., 7.,
       0., 8., 0., 0., 0., 2., 143., 141., 22., 88., 1., 0., 0., 0., 22.,
