%YAML:1.0
tag: !!opencv-matrix
   rows: 23
   cols: 128
   dt: f
   data: [ 0., 0., 2., 168., 45., 3., 0., 0., 78., 34., 11., 71., 54.,
       24., 1., 2., 168., 89., 2., 1., 1., 1., 0., 1., 29., 7., 0., 0.,
       1., 3., 0., 0., 0., 0., 0., 68., 47., 6., 0., 0., 77., 11., 1.,
       15., 89., 18., 1., 2., 168., 47., 0., 2., 6., 1., 0., 4., 59.,
       10., 1., 0., 0., 1., 0., 1., 0., 0., 0., 27., 39., 2., 0., 0.,
       87., 2., 1., 42., 84., 1., 0., 18., 168., 6., 0., 2., 4., 0., 0.,
       74., 55., 2., 0., 0., 0., 0., 2., 11., 0., 0., 1., 56., 30., 0.,
       0., 0., 124., 4., 2., 64., 27., 0., 0., 53., 168., 1., 0., 0., 0.,
       0., 0., 111., 22., 0., 1., 1., 0., 0., 1., 8., 3., 3., 11., 147.,
       43., 0., 1., 5., 147., 101., 26., 44., 3., 0., 1., 22., 147., 90.,
       0., 0., 0., 0., 0., 1., 10., 7., 1., 0., 0., 0., 0., 1., 9., 0.,
       0., 98., 38., 0., 7., 81., 147., 10., 0., 2., 1., 0., 11., 130.,
       147., 53., 0., 0., 0., 0., 0., 8., 37., 8., 0., 0., 0., 0., 0.,
       2., 38., 0., 0., 9., 6., 0., 2., 120., 97., 1., 0., 0., 0., 0.,
       6., 72., 147., 7., 0., 0., 0., 0., 0., 15., 52., 4., 0., 0., 0.,
       0., 0., 0., 38., 0., 0., 0., 0., 0., 1., 41., 75., 0., 0., 0., 0.,
       0., 1., 44., 147., 0., 0., 0., 0., 0., 0., 54., 32., 2., 0., 0.,
       0., 0., 0., 7., 31., 17., 0., 3., 45., 15., 0., 0., 180., 111.,
       0., 0., 8., 1., 0., 0., 76., 22., 0., 1., 1., 0., 0., 0., 1., 0.,
       0., 1., 0., 0., 1., 1., 30., 5., 2., 42., 51., 3., 0., 0., 180.,
       31., 1., 8., 12., 0., 0., 7., 151., 12., 0., 0., 0., 0., 0., 4.,
       1., 2., 1., 0., 0., 0., 1., 0., 52., 4., 3., 80., 32., 0., 0.,
       10., 180., 5., 1., 9., 3., 0., 0., 87., 124., 4., 0., 0., 0., 0.,
       0., 17., 2., 2., 1., 0., 0., 0., 0., 1., 79., 1., 2., 37., 19.,
       6., 4., 72., 180., 0., 0., 1., 0., 0., 0., 180., 36., 0., 0., 0.,
       0., 0., 2., 22., 1., 0., 0., 0., 0., 0., 1., 1., 0., 0., 0., 1.,
       40., 42., 0., 0., 96., 37., 0., 0., 39., 58., 2., 3., 153., 138.,
       0., 0., 0., 1., 0., 1., 94., 71., 0., 0., 0., 0., 0., 0., 0., 0.,
       0., 1., 24., 25., 1., 0., 66., 9., 0., 0., 83., 56., 1., 4., 153.,
       71., 0., 0., 4., 3., 0., 10., 153., 52., 0., 0., 0., 0., 0., 2.,
       0., 0., 0., 3., 16., 9., 2., 0., 38., 1., 0., 1., 62., 47., 5.,
       18., 153., 5., 0., 0., 3., 7., 3., 59., 153., 22., 0., 0., 0., 0.,
       0., 7., 0., 0., 0., 5., 7., 9., 3., 0., 29., 0., 0., 5., 20., 15.,
       3., 28., 153., 1., 0., 0., 1., 2., 1., 86., 153., 4., 0., 0., 0.,
       0., 0., 18., 2., 1., 0., 1., 8., 3., 1., 0., 114., 16., 0., 0.,
       18., 7., 1., 3., 207., 51., 0., 0., 0., 0., 0., 2., 53., 7., 0.,
       0., 0., 0., 0., 0., 2., 0., 0., 1., 7., 4., 4., 3., 127., 5., 0.,
       0., 14., 10., 3., 8., 207., 17., 0., 0., 0., 0., 0., 10., 81., 9.,
       0., 0., 0., 0., 0., 1., 11., 0., 0., 1., 2., 2., 2., 9., 129., 1.,
       0., 2., 28., 12., 3., 16., 207., 2., 0., 0., 1., 0., 0., 42., 68.,
       6., 0., 0., 0., 0., 2., 6., 8., 0., 0., 0., 5., 1., 1., 19., 122.,
       0., 0., 5., 35., 2., 1., 24., 207., 0., 0., 0., 1., 0., 0., 66.,
       40., 2., 0., 0., 0., 1., 1., 7., 7., 2., 3., 136., 125., 0., 1.,
       16., 136., 67., 6., 19., 8., 0., 0., 47., 136., 92., 0., 0., 0.,
       0., 0., 1., 13., 8., 0., 0., 0., 0., 0., 0., 38., 0., 0., 62.,
       129., 1., 1., 52., 136., 9., 0., 0., 1., 0., 0., 85., 136., 54.,
       0., 0., 0., 0., 0., 5., 39., 11., 0., 0., 0., 0., 0., 1., 61., 0.,
       0., 5., 95., 11., 1., 38., 135., 1., 0., 0., 0., 0., 0., 31.,
       136., 5., 0., 0., 0., 0., 0., 32., 49., 2., 0., 0., 0., 0., 0.,
       10., 46., 5., 0., 0., 70., 24., 0., 4., 117., 5., 0., 0., 0., 0.,
       0., 28., 136., 0., 0., 0., 0., 0., 0., 63., 27., 1., 0., 0., 0.,
       0., 0., 6., 14., 1., 0., 0., 1., 2., 1., 5., 140., 73., 0., 0.,
       5., 8., 1., 2., 166., 123., 0., 0., 0., 0., 0., 0., 19., 7., 0.,
       0., 0., 0., 0., 0., 25., 0., 0., 0., 1., 1., 0., 11., 129., 24.,
       0., 1., 21., 9., 1., 6., 166., 78., 0., 0., 1., 0., 0., 5., 54.,
       8., 0., 0., 0., 0., 0., 2., 24., 0., 0., 0., 1., 1., 1., 20.,
       104., 1., 0., 1., 16., 12., 3., 60., 166., 5., 0., 0., 1., 1., 0.,
       120., 48., 0., 0., 0., 0., 0., 0., 13., 3., 0., 0., 1., 1., 0.,
       10., 41., 61., 0., 0., 1., 2., 1., 10., 166., 135., 0., 0., 0.,
       0., 0., 0., 166., 10., 0., 0., 0., 0., 0., 0., 6., 0., 0., 7., 8.,
       0., 0., 0., 0., 0., 4., 44., 18., 0., 0., 0., 0., 2., 24., 22.,
       1., 0., 0., 0., 0., 1., 4., 1., 0., 0., 0., 0., 0., 0., 0., 70.,
       147., 0., 0., 0., 0., 14., 50., 147., 147., 2., 0., 0., 0., 132.,
       147., 81., 8., 0., 0., 0., 1., 27., 13., 1., 0., 0., 0., 0., 1.,
       0., 0., 38., 147., 15., 0., 0., 0., 91., 20., 39., 122., 46., 1.,
       1., 24., 147., 44., 9., 3., 1., 0., 0., 68., 50., 3., 1., 1., 1.,
       1., 0., 7., 0., 0., 1., 63., 24., 0., 0., 0., 120., 1., 0., 30.,
       27., 0., 0., 63., 147., 0., 0., 0., 0., 0., 0., 110., 20., 1., 0.,
       0., 0., 1., 1., 6., 35., 0., 0., 9., 128., 11., 1., 16., 132.,
       31., 0., 0., 0., 0., 0., 15., 132., 63., 0., 0., 0., 0., 0., 0.,
       21., 5., 0., 0., 0., 0., 0., 1., 33., 2., 0., 0., 132., 74., 2.,
       7., 132., 23., 0., 0., 1., 1., 0., 4., 132., 29., 0., 0., 0., 0.,
       0., 6., 44., 5., 0., 0., 0., 0., 0., 1., 8., 3., 0., 0., 127.,
       132., 0., 0., 132., 24., 0., 0., 11., 29., 2., 19., 132., 2., 0.,
       0., 0., 0., 0., 57., 31., 2., 0., 0., 0., 0., 0., 5., 0., 0., 0.,
       0., 48., 132., 8., 0., 68., 3., 0., 0., 12., 98., 66., 88., 107.,
       0., 0., 0., 0., 0., 4., 94., 6., 0., 0., 0., 0., 0., 0., 3., 0.,
       0., 0., 19., 117., 5., 0., 0., 59., 55., 0., 2., 33., 7., 0., 0.,
       133., 97., 0., 0., 0., 0., 0., 0., 16., 7., 1., 5., 0., 0., 0.,
       0., 0., 0., 0., 4., 133., 10., 0., 0., 59., 21., 2., 18., 68., 2.,
       0., 1., 133., 61., 1., 3., 1., 0., 0., 3., 37., 9., 3., 78., 11.,
       0., 0., 0., 0., 0., 0., 11., 133., 41., 0., 0., 83., 3., 1., 40.,
       70., 2., 0., 19., 133., 7., 1., 16., 6., 0., 0., 53., 24., 3., 2.,
       133., 73., 0., 0., 2., 0., 0., 0., 3., 116., 102., 2., 0., 71.,
       0., 0., 9., 48., 41., 19., 82., 126., 1., 1., 40., 29., 0., 0.,
       81., 3., 0., 0., 88., 89., 2., 0., 0., 15., 4., 0., 0., 0., 0.,
       3., 57., 2., 1., 4., 1., 0., 0., 64., 109., 4., 7., 4., 0., 0.,
       1., 125., 40., 1., 0., 0., 0., 0., 0., 125., 40., 10., 0., 0.,
       21., 7., 1., 29., 125., 9., 21., 64., 125., 8., 0., 19., 84.,
       109., 115., 51., 16., 0., 0., 30., 18., 30., 9., 0., 0., 0., 0.,
       43., 13., 0., 0., 0., 120., 92., 4., 30., 54., 36., 7., 14., 125.,
       48., 1., 3., 49., 125., 29., 8., 7., 0., 0., 0., 65., 65., 3., 0.,
       0., 0., 0., 0., 4., 1., 0., 0., 67., 125., 1., 1., 4., 48., 0.,
       0., 15., 27., 2., 2., 82., 125., 0., 0., 0., 0., 0., 0., 99., 29.,
       0., 0., 0., 0., 0., 0., 11., 0., 1., 0., 0., 95., 87., 0., 0.,
       42., 82., 3., 2., 46., 25., 0., 0., 115., 127., 3., 19., 41., 0.,
       0., 0., 2., 4., 1., 40., 127., 10., 2., 0., 0., 0., 0., 0., 70.,
       127., 0., 0., 45., 14., 0., 1., 88., 127., 12., 9., 127., 53., 1.,
       7., 54., 9., 8., 27., 8., 3., 0., 9., 127., 19., 1., 1., 0., 0.,
       0., 0., 6., 87., 3., 0., 7., 0., 0., 1., 12., 127., 92., 18., 56.,
       1., 0., 37., 60., 30., 74., 82., 3., 0., 0., 42., 127., 5., 0.,
       2., 0., 0., 0., 1., 2., 5., 1., 0., 0., 0., 0., 55., 21., 23.,
       15., 0., 0., 0., 0., 127., 51., 8., 12., 2., 0., 0., 3., 60., 23.,
       0., 0., 0., 0., 5., 13., 16., 18., 1., 0., 0., 57., 155., 12.,
       10., 17., 1., 0., 0., 136., 155., 0., 0., 0., 0., 0., 0., 8., 8.,
       0., 0., 0., 0., 0., 0., 0., 1., 56., 20., 4., 1., 27., 11., 78.,
       43., 15., 37., 20., 9., 56., 21., 155., 99., 1., 2., 1., 1., 9.,
       45., 37., 5., 0., 0., 0., 0., 0., 4., 0., 1., 7., 1., 0., 1.,
       155., 138., 17., 1., 1., 2., 2., 17., 155., 81., 130., 1., 0., 0.,
