%YAML:1.0
tag: !!opencv-matrix
   rows: 11
   cols: 128
   dt: f
   data: [ 0., 0., 0., 1., 23., 21., 1., 0., 114., 53., 0., 0., 13., 21.,
       1., 1., 159., 133., 0., 0., 0., 0., 0., 0., 103., 57., 0., 0., 0.,
       0., 0., 0., 0., 0., 0., 1., 15., 15., 2., 0., 93., 15., 0., 0.,
       23., 25., 3., 3., 159., 71., 0., 0., 1., 0., 0., 5., 159., 64.,
       0., 0., 0., 0., 0., 1., 0., 0., 0., 2., 16., 5., 0., 0., 75., 1.,
       0., 2., 25., 8., 1., 17., 159., 7., 0., 0., 1., 1., 0., 50., 159.,
       21., 0., 0., 0., 0., 0., 7., 0., 0., 0., 0., 17., 4., 0., 0., 74.,
       0., 0., 1., 10., 2., 0., 31., 159., 1., 0., 0., 0., 0., 0., 70.,
       144., 4., 0., 0., 0., 0., 0., 7., 13., 1., 0., 0., 0., 0., 1.,
       35., 5., 1., 1., 0., 0., 0., 54., 97., 4., 3., 1., 0., 0., 0.,
       120., 84., 1., 0., 0., 0., 0., 0., 66., 119., 27., 2., 0., 4., 6.,
       1., 16., 120., 22., 25., 34., 79., 23., 1., 16., 106., 120., 90.,
       24., 12., 0., 0., 38., 38., 19., 4., 0., 0., 0., 0., 24., 28., 1.,
       0., 0., 25., 86., 8., 67., 111., 60., 9., 8., 117., 120., 3., 4.,
       28., 120., 27., 5., 8., 1., 0., 0., 49., 39., 2., 0., 0., 0., 0.,
       0., 4., 0., 0., 0., 7., 120., 24., 7., 3., 49., 0., 0., 12., 120.,
       31., 15., 82., 120., 0., 0., 0., 0., 0., 1., 118., 13., 0., 0.,
       0., 0., 0., 0., 6., 64., 3., 0., 0., 1., 2., 0., 39., 80., 34.,
       11., 5., 4., 1., 4., 129., 91., 77., 5., 1., 0., 0., 1., 120.,
       11., 3., 0., 0., 0., 0., 0., 12., 61., 2., 0., 0., 9., 23., 61.,
       129., 74., 41., 13., 16., 103., 90., 28., 104., 129., 128., 7.,
       5., 16., 12., 3., 20., 36., 10., 0., 0., 0., 0., 0., 1., 1., 0.,
       0., 0., 3., 25., 129., 129., 14., 1., 0., 0., 64., 129., 76., 59.,
       129., 4., 0., 0., 8., 44., 61., 125., 24., 1., 0., 0., 0., 0., 0.,
       5., 0., 0., 0., 0., 0., 2., 9., 5., 0., 0., 0., 0., 1., 31., 22.,
       3., 2., 0., 0., 0., 0., 8., 26., 15., 0., 0., 0., 0., 0., 0., 0.,
       0., 0., 0., 0., 1., 0., 0., 0., 0., 0., 2., 12., 16., 1., 0., 0.,
       0., 3., 27., 19., 5., 0., 0., 0., 0., 1., 3., 0., 0., 0., 0., 0.,
       0., 0., 0., 0., 18., 20., 0., 0., 0., 14., 19., 46., 129., 80.,
       0., 0., 1., 129., 128., 65., 44., 4., 0., 0., 4., 21., 19., 28.,
       0., 0., 0., 0., 0., 0., 0., 6., 33., 73., 1., 0., 0., 35., 5., 7.,
       108., 129., 35., 10., 24., 129., 45., 123., 82., 10., 4., 5., 36.,
       22., 75., 129., 38., 0., 0., 0., 1., 0., 0., 90., 129., 16., 1.,
       0., 0., 2., 0., 98., 128., 51., 22., 5., 4., 4., 3., 49., 129.,
       13., 3., 3., 5., 100., 31., 56., 34., 7., 0., 0., 13., 0., 5., 9.,
       1., 0., 0., 0., 0., 35., 2., 9., 4., 0., 0., 0., 17., 148., 1.,
       0., 0., 0., 0., 9., 148., 18., 0., 0., 0., 0., 0., 43., 123., 0.,
       2., 10., 3., 2., 40., 8., 0., 93., 14., 11., 4., 0., 1., 14., 34.,
       148., 26., 0., 0., 0., 0., 2., 79., 46., 5., 0., 0., 0., 0., 0.,
       11., 0., 0., 0., 0., 2., 148., 148., 16., 19., 1., 0., 1., 0., 4.,
       148., 148., 109., 4., 0., 0., 0., 0., 54., 148., 12., 1., 0., 0.,
       0., 0., 0., 3., 0., 0., 0., 0., 0., 32., 110., 10., 0., 0., 0.,
       0., 0., 1., 117., 61., 0., 0., 0., 0., 0., 0., 18., 21., 0., 0.,
       0., 0., 0., 0., 0., 0., 131., 91., 1., 2., 4., 0., 0., 3., 98.,
       147., 22., 0., 0., 0., 0., 2., 1., 27., 18., 0., 0., 0., 0., 0.,
       0., 0., 0., 0., 0., 0., 0., 0., 13., 71., 8., 4., 7., 0., 0., 0.,
       24., 147., 126., 2., 1., 0., 0., 0., 103., 147., 64., 0., 0., 0.,
       0., 1., 11., 4., 0., 0., 0., 0., 0., 1., 0., 1., 2., 13., 9., 0.,
       1., 0., 84., 35., 17., 6., 8., 1., 2., 35., 147., 52., 4., 0., 0.,
       0., 0., 78., 41., 1., 0., 0., 0., 0., 0., 8., 0., 0., 1., 4., 1.,
       0., 53., 50., 38., 0., 0., 0., 1., 0., 98., 147., 147., 0., 0.,
       0., 0., 0., 7., 147., 15., 0., 0., 0., 0., 0., 0., 8., 43., 57.,
       46., 72., 24., 0., 0., 0., 55., 86., 51., 0., 0., 0., 0., 0., 0.,
       15., 29., 0., 0., 0., 0., 0., 0., 0., 0., 0., 0., 0., 0., 0., 47.,
       26., 47., 78., 68., 9., 3., 4., 47., 106., 146., 60., 0., 0., 0.,
       1., 104., 146., 101., 1., 0., 0., 0., 6., 7., 2., 0., 0., 0., 0.,
       0., 1., 0., 0., 64., 145., 10., 1., 0., 0., 117., 37., 48., 83.,
       5., 0., 0., 4., 146., 89., 7., 0., 0., 0., 0., 31., 30., 12., 1.,
       0., 0., 0., 0., 5., 0., 0., 14., 35., 1., 0., 0., 0., 43., 42.,
       3., 17., 4., 0., 0., 0., 126., 146., 22., 0., 0., 0., 0., 0., 13.,
       115., 25., 0., 0., 0., 0., 0., 0., 1., 124., 42., 0., 0., 0., 0.,
       2., 17., 67., 12., 0., 0., 0., 0., 5., 6., 1., 0., 0., 0., 0., 0.,
       0., 0., 0., 0., 0., 0., 0., 0., 3., 11., 135., 109., 20., 0., 0.,
       1., 70., 135., 135., 8., 0., 0., 0., 4., 135., 118., 3., 0., 0.,
       0., 0., 4., 22., 3., 0., 0., 0., 0., 0., 0., 12., 1., 2., 28.,
       32., 12., 36., 10., 135., 18., 1., 0., 0., 2., 8., 58., 135., 48.,
       0., 0., 0., 0., 0., 58., 44., 9., 0., 0., 0., 0., 0., 3., 1., 0.,
       0., 0., 4., 80., 135., 13., 67., 2., 0., 0., 0., 59., 108., 105.,
       135., 50., 0., 0., 0., 0., 41., 71., 20., 19., 0., 0., 0., 0., 1.,
       2., 0., 4., 47., 102., 102., 8., 0., 0., 16., 41., 134., 10., 1.,
       0., 0., 3., 136., 101., 51., 1., 0., 0., 0., 98., 60., 43., 0.,
       0., 0., 0., 1., 34., 0., 1., 4., 8., 136., 136., 39., 0., 62.,
       15., 14., 1., 2., 47., 76., 25., 136., 43., 1., 0., 0., 1., 15.,
       123., 32., 9., 0., 0., 0., 0., 1., 21., 0., 0., 0., 0., 30., 90.,
       59., 0., 9., 0., 0., 0., 0., 79., 136., 93., 58., 8., 0., 0., 0.,
       1., 122., 136., 3., 2., 0., 0., 0., 0., 0., 1., 0., 0., 0., 0.,
       0., 0., 0., 0., 0., 0., 0., 0., 0., 0., 6., 10., 0., 0., 0., 0.,
       0., 0., 8., 13., 0., 0., 0., 0., 0., 0., 0., 0., 6., 58., 131.,
       84., 23., 0., 0., 0., 40., 131., 69., 6., 0., 0., 0., 0., 1., 12.,
       15., 0., 0., 0., 0., 0., 0., 0., 0., 0., 0., 0., 0., 0., 3., 34.,
       19., 131., 36., 0., 0., 0., 36., 131., 130., 10., 1., 0., 0., 6.,
       131., 111., 63., 1., 0., 0., 0., 16., 10., 1., 0., 0., 0., 0., 0.,
       2., 0., 0., 1., 32., 31., 62., 41., 8., 38., 19., 11., 7., 1., 3.,
       26., 131., 131., 28., 2., 0., 0., 0., 3., 125., 16., 2., 0., 0.,
       0., 0., 0., 2., 0., 0., 0., 0., 2., 116., 131., 11., 3., 0., 0.,
       0., 0., 21., 119., 116., 3., 0., 0., 0., 0., 0., 1., 26., 0., 0.,
       0., 0., 0., 0., 0., 0., 0., 0., 0., 0., 0., 0., 0., 0., 0., 0.,
       7., 4., 0., 0., 0., 0., 0., 0., 3., 2., 0., 0., 0., 0., 0., 0.,
       0., 0., 0., 0., 0., 0., 0., 0., 0., 0., 0., 3., 0., 0., 49., 55.,
       189., 57., 8., 38., 20., 15., 189., 118., 96., 22., 1., 2., 8.,
       45., 59., 8., 0., 0., 0., 0., 0., 4., 0., 0., 0., 0., 0., 10., 2.,
       0., 47., 16., 35., 12., 10., 122., 158., 130., 189., 61., 12., 2.,
       1., 6., 82., 189., 63., 15., 0., 0., 0., 0., 1., 11., 0., 0., 0.,
       0., 0., 0., 0., 0., 1., 0., 0., 0., 0., 0., 3., 12., 6., 0., 0.,
       0., 0., 0., 4., 57., 0., 0., 0., 0., 0., 0., 0., 2. ]
