%YAML:1.0
tag: !!opencv-matrix
   rows: 25
   cols: 128
   dt: f
   data: [ 0., 9., 100., 35., 3., 9., 23., 2., 13., 87., 100., 0., 0.,
       16., 21., 0., 17., 52., 6., 0., 5., 70., 28., 0., 0., 9., 13., 1.,
       2., 94., 77., 0., 0., 1., 10., 8., 12., 85., 134., 17., 32., 67.,
       14., 0., 54., 134., 32., 1., 115., 122., 1., 0., 6., 5., 3., 4.,
       14., 5., 0., 0., 1., 16., 15., 1., 0., 0., 0., 7., 103., 55., 56.,
       2., 39., 5., 0., 50., 134., 72., 3., 3., 134., 11., 0., 9., 22.,
       3., 0., 29., 20., 0., 0., 0., 0., 0., 0., 4., 0., 0., 0., 35.,
       125., 1., 0., 1., 52., 1., 0., 59., 134., 0., 0., 19., 134., 1.,
       0., 4., 11., 0., 0., 47., 7., 0., 0., 0., 0., 0., 0., 2., 108.,
       1., 1., 20., 62., 0., 1., 53., 27., 0., 15., 72., 36., 0., 2.,
       30., 3., 1., 54., 104., 7., 0., 14., 32., 0., 7., 76., 10., 0.,
       15., 73., 20., 127., 0., 0., 11., 43., 0., 1., 61., 28., 0., 2.,
       45., 127., 9., 1., 15., 116., 9., 5., 16., 27., 3., 23., 127.,
       27., 1., 0., 0., 0., 16., 127., 90., 115., 0., 0., 2., 16., 4.,
       0., 39., 15., 1., 0., 7., 97., 86., 4., 5., 127., 22., 1., 5.,
       20., 25., 4., 23., 114., 6., 2., 0., 0., 1., 15., 26., 80., 0.,
       0., 1., 4., 1., 0., 20., 8., 2., 3., 47., 102., 12., 0., 1., 127.,
       14., 9., 28., 38., 3., 0., 15., 86., 4., 3., 1., 0., 0., 1., 8.,
       0., 0., 1., 7., 94., 4., 2., 1., 43., 3., 0., 10., 126., 16., 9.,
       28., 100., 13., 0., 1., 6., 1., 3., 41., 4., 1., 0., 18., 85., 0.,
       0., 1., 0., 0., 12., 22., 118., 6., 2., 0., 20., 26., 4., 19.,
       126., 26., 1., 5., 94., 87., 4., 4., 15., 1., 0., 6., 16., 4., 0.,
       36., 119., 0., 0., 2., 0., 12., 126., 90., 28., 1., 0., 0., 25.,
       3., 21., 126., 119., 10., 5., 15., 126., 9., 1., 14., 28., 0., 2.,
       41., 44., 0., 1., 56., 126., 0., 0., 10., 0., 15., 79., 22., 0.,
       5., 73., 10., 6., 0., 14., 35., 3., 1., 51., 102., 36., 0., 1.,
       27., 25., 0., 15., 73., 58., 0., 1., 49., 111., 1., 1., 17., 0.,
       0., 0., 2., 2., 0., 0., 0., 0., 0., 0., 60., 66., 0., 0., 0., 43.,
       2., 2., 76., 80., 3., 3., 48., 116., 2., 1., 3., 0., 0., 0., 116.,
       0., 0., 0., 10., 19., 2., 0., 0., 7., 3., 5., 116., 116., 9., 0.,
       0., 116., 19., 8., 48., 32., 3., 3., 103., 107., 18., 3., 0., 0.,
       1., 3., 116., 0., 0., 0., 1., 20., 11., 0., 0., 12., 2., 1., 18.,
       116., 116., 2., 0., 116., 115., 44., 6., 21., 63., 10., 14., 31.,
       116., 116., 0., 0., 3., 3., 9., 0., 0., 0., 0., 2., 3., 0., 0.,
       0., 0., 0., 0., 22., 93., 6., 0., 2., 11., 11., 0., 5., 116., 72.,
       0., 1., 50., 54., 0., 0., 55., 65., 0., 0., 5., 102., 24., 0., 0.,
       0., 0., 0., 57., 93., 3., 0., 0., 0., 0., 0., 36., 15., 0., 0.,
       0., 0., 0., 0., 2., 0., 0., 0., 0., 0., 0., 0., 5., 125., 28., 1.,
       12., 115., 34., 8., 111., 131., 4., 15., 80., 44., 11., 86., 134.,
       33., 0., 1., 6., 1., 6., 19., 14., 0., 0., 0., 0., 0., 0., 0., 0.,
       2., 2., 24., 45., 134., 53., 16., 8., 2., 4., 134., 134., 58.,
       16., 134., 56., 2., 3., 21., 22., 4., 22., 52., 13., 0., 0., 0.,
       0., 0., 0., 1., 1., 4., 5., 40., 17., 12., 5., 4., 4., 1., 9.,
       134., 75., 1., 1., 134., 54., 2., 7., 48., 20., 1., 6., 60., 20.,
       0., 0., 0., 0., 0., 2., 0., 11., 3., 0., 11., 131., 39., 0., 11.,
       131., 8., 1., 14., 108., 14., 0., 61., 126., 4., 1., 2., 1., 0.,
       0., 10., 5., 0., 0., 0., 0., 0., 0., 0., 3., 7., 82., 48., 100.,
       6., 0., 20., 19., 0., 104., 131., 115., 13., 6., 131., 67., 0.,
       8., 23., 3., 3., 25., 39., 6., 0., 0., 0., 0., 0., 1., 3., 1.,
       28., 131., 35., 0., 1., 5., 20., 2., 15., 123., 49., 5., 28.,
       109., 82., 1., 0., 2., 5., 1., 27., 131., 20., 0., 0., 0., 0., 0.,
       0., 11., 6., 0., 13., 88., 27., 1., 23., 59., 26., 1., 3., 4., 1.,
       0., 7., 131., 4., 0., 0., 0., 0., 0., 3., 53., 0., 0., 0., 0., 0.,
       0., 0., 2., 0., 0., 0., 0., 71., 48., 0., 0., 140., 43., 1., 1.,
       72., 41., 3., 11., 140., 99., 0., 0., 0., 0., 0., 3., 23., 11.,
       0., 0., 0., 0., 0., 1., 0., 0., 0., 0., 84., 21., 0., 0., 46.,
       68., 12., 9., 133., 60., 0., 3., 140., 140., 6., 2., 5., 2., 0.,
       5., 49., 17., 2., 0., 0., 0., 1., 3., 0., 0., 0., 0., 25., 25.,
       0., 0., 49., 4., 1., 1., 140., 99., 4., 9., 140., 36., 0., 0.,
       19., 12., 3., 28., 56., 13., 0., 0., 0., 0., 2., 13., 0., 0., 0.,
       0., 16., 2., 0., 0., 17., 4., 0., 0., 122., 47., 1., 3., 140.,
       116., 0., 0., 15., 18., 1., 5., 75., 46., 1., 0., 0., 0., 0., 2.,
       0., 0., 0., 23., 56., 0., 0., 0., 128., 4., 0., 41., 79., 0., 0.,
       50., 128., 1., 1., 1., 1., 2., 1., 60., 3., 2., 3., 1., 1., 2.,
       2., 9., 2., 0., 0., 31., 112., 1., 0., 0., 128., 45., 6., 24.,
       84., 1., 0., 49., 126., 39., 77., 23., 0., 0., 0., 20., 0., 14.,
       128., 20., 0., 0., 0., 0., 1., 1., 0., 6., 90., 46., 5., 0., 70.,
       118., 32., 4., 47., 69., 57., 3., 17., 82., 128., 70., 1., 9.,
       48., 3., 0., 19., 128., 63., 2., 3., 59., 11., 0., 0., 0., 0., 3.,
       21., 7., 0., 1., 2., 1., 0., 1., 45., 81., 1., 1., 2., 7., 3., 0.,
       22., 117., 3., 0., 0., 2., 2., 1., 4., 98., 23., 0., 0., 0., 1.,
       6., 1., 0., 0., 12., 0., 0., 7., 127., 56., 1., 7., 156., 15., 0.,
       1., 36., 29., 2., 28., 99., 10., 0., 0., 0., 0., 0., 4., 0., 0.,
       0., 5., 14., 0., 0., 0., 21., 2., 2., 75., 122., 9., 0., 3., 156.,
       7., 2., 19., 23., 6., 0., 35., 126., 13., 0., 0., 0., 0., 0., 4.,
       0., 0., 0., 0., 21., 3., 0., 0., 33., 6., 1., 10., 156., 32., 0.,
       1., 156., 74., 0., 3., 27., 6., 0., 10., 110., 28., 0., 0., 0.,
       0., 0., 5., 0., 0., 0., 0., 7., 3., 0., 0., 6., 2., 0., 0., 83.,
       74., 4., 1., 154., 106., 0., 1., 21., 42., 9., 3., 124., 75., 0.,
       0., 0., 0., 0., 3., 2., 1., 0., 36., 81., 0., 0., 0., 139., 5.,
       1., 23., 38., 1., 0., 43., 139., 5., 3., 3., 0., 0., 0., 37., 3.,
       2., 16., 10., 0., 0., 0., 1., 5., 2., 1., 22., 139., 2., 0., 2.,
       139., 44., 7., 10., 45., 2., 1., 36., 115., 34., 56., 6., 2., 0.,
       0., 12., 1., 3., 65., 10., 3., 1., 0., 1., 3., 3., 1., 12., 93.,
       76., 3., 0., 69., 114., 56., 6., 24., 64., 32., 1., 15., 72.,
       139., 2., 0., 4., 37., 1., 0., 6., 139., 6., 0., 1., 28., 0., 0.,
       0., 0., 0., 3., 47., 6., 0., 0., 2., 4., 0., 1., 79., 94., 0., 0.,
       2., 21., 0., 0., 13., 139., 1., 0., 1., 21., 1., 0., 3., 139., 1.,
       0., 0., 5., 47., 8., 0., 0., 0., 1., 6., 110., 66., 4., 0., 2.,
       4., 0., 7., 139., 19., 1., 2., 12., 4., 0., 27., 97., 5., 0., 1.,
       10., 3., 4., 0., 1., 75., 103., 1., 1., 2., 63., 6., 31., 58.,
       37., 1., 58., 123., 9., 5., 35., 6., 1., 7., 139., 70., 0., 9.,
       23., 2., 0., 22., 139., 19., 12., 1., 0., 4., 139., 18., 0., 1.,
       139., 30., 0., 1., 49., 6., 10., 46., 82., 17., 3., 1., 0., 0.,
       88., 39., 5., 8., 0., 0., 0., 6., 97., 12., 4., 1., 0., 0., 114.,
       24., 0., 0., 139., 52., 0., 0., 53., 11., 0., 0., 108., 30., 3.,
       1., 0., 1., 1., 2., 15., 15., 0., 0., 0., 0., 1., 3., 0., 0., 0.,
       9., 25., 0., 0., 0., 33., 4., 2., 78., 128., 0., 0., 2., 169., 6.,
       2., 14., 12., 0., 0., 39., 66., 3., 0., 0., 0., 0., 0., 13., 0.,
       0., 0., 3., 60., 0., 0., 0., 71., 2., 0., 15., 169., 4., 0., 4.,
       169., 6., 0., 2., 17., 1., 0., 20., 74., 13., 0., 0., 0., 0., 0.,
       4., 0., 0., 0., 0., 41., 11., 0., 0., 60., 1., 0., 1., 169., 72.,
       3., 9., 169., 5., 0., 0., 13., 9., 2., 24., 64., 5., 0., 0., 0.,
       0., 0., 18., 0., 0., 0., 0., 16., 3., 0., 0., 30., 4., 0., 1.,
       149., 26., 1., 2., 169., 34., 0., 1., 21., 4., 0., 6., 52., 16.,
       2., 0., 0., 0., 0., 9., 0., 0., 0., 2., 7., 0., 0., 0., 10., 0.,
       0., 41., 111., 0., 0., 4., 166., 0., 1., 18., 29., 0., 0., 109.,
       111., 3., 0., 0., 0., 0., 0., 51., 0., 0., 0., 2., 18., 0., 0.,
       0., 38., 0., 0., 20., 166., 6., 0., 5., 166., 1., 0., 3., 25., 2.,
