%YAML:1.0
tag: !!opencv-matrix
   rows: 24
   cols: 128
   dt: f
   data: [ 9., 0., 2., 5., 6., 0., 0., 4., 147., 0., 1., 3., 3., 0., 0.,
       92., 66., 17., 74., 67., 32., 0., 0., 55., 2., 98., 141., 13., 3.,
       0., 0., 1., 29., 0., 0., 1., 2., 3., 1., 3., 147., 3., 0., 2.,
       22., 2., 0., 29., 51., 4., 15., 47., 147., 10., 0., 8., 1., 69.,
       63., 13., 36., 2., 0., 2., 27., 2., 0., 1., 2., 1., 0., 0., 147.,
       24., 0., 0., 17., 5., 0., 3., 61., 5., 0., 0., 147., 80., 1., 2.,
       2., 2., 1., 0., 51., 22., 0., 2., 15., 2., 0., 0., 1., 2., 1., 2.,
       147., 19., 0., 0., 3., 4., 1., 5., 79., 4., 0., 0., 130., 108.,
       2., 6., 1., 1., 0., 0., 67., 60., 0., 0., 1., 14., 12., 0., 0.,
       0., 0., 0., 65., 10., 2., 0., 0., 0., 0., 22., 185., 2., 0., 0.,
       0., 0., 0., 118., 66., 0., 0., 0., 0., 0., 0., 30., 8., 24., 10.,
       0., 0., 0., 1., 2., 134., 35., 14., 1., 0., 0., 0., 2., 185., 14.,
       0., 0., 0., 0., 0., 26., 66., 1., 0., 0., 0., 0., 0., 8., 3., 4.,
       3., 2., 0., 0., 1., 2., 148., 20., 6., 1., 0., 0., 0., 4., 185.,
       77., 0., 0., 0., 0., 0., 8., 62., 15., 1., 2., 1., 0., 0., 3., 1.,
       4., 3., 1., 0., 0., 0., 0., 53., 33., 1., 0., 0., 0., 0., 1.,
       185., 177., 0., 0., 0., 0., 0., 0., 70., 56., 0., 1., 0., 0., 0.,
       1., 2., 5., 1., 0., 0., 0., 0., 0., 45., 2., 0., 0., 0., 0., 0.,
       19., 177., 0., 0., 0., 0., 0., 0., 145., 82., 0., 0., 0., 0., 0.,
       0., 62., 7., 46., 1., 0., 0., 0., 0., 0., 119., 8., 0., 0., 0.,
       0., 1., 13., 177., 1., 0., 0., 0., 0., 0., 70., 81., 1., 1., 1.,
       0., 0., 0., 18., 23., 93., 4., 0., 0., 0., 0., 0., 134., 53., 6.,
       0., 0., 0., 1., 8., 177., 32., 0., 0., 0., 0., 0., 9., 84., 6.,
       0., 0., 0., 0., 0., 8., 6., 42., 4., 0., 0., 0., 1., 1., 82.,
       103., 4., 0., 0., 0., 2., 11., 177., 93., 0., 0., 0., 0., 0., 18.,
       86., 15., 0., 0., 0., 0., 0., 3., 8., 1., 2., 9., 6., 2., 3., 22.,
       5., 15., 66., 25., 3., 1., 1., 2., 3., 36., 49., 5., 2., 0., 1.,
       1., 1., 3., 3., 0., 0., 0., 1., 1., 3., 1., 2., 25., 71., 6., 3.,
       2., 13., 51., 136., 136., 136., 31., 7., 7., 136., 136., 120.,
       23., 6., 5., 6., 29., 37., 23., 0., 0., 0., 0., 0., 2., 0., 0.,
       0., 2., 58., 43., 9., 1., 13., 8., 7., 28., 136., 136., 136., 46.,
       136., 33., 5., 5., 6., 27., 136., 136., 35., 4., 0., 0., 0., 0.,
       4., 20., 0., 0., 0., 0., 1., 9., 5., 1., 0., 0., 0., 0., 1., 31.,
       62., 5., 0., 0., 0., 0., 0., 4., 52., 33., 0., 0., 0., 0., 0., 1.,
       3., 3., 0., 1., 3., 3., 0., 0., 0., 0., 0., 4., 52., 32., 0., 0.,
       0., 0., 1., 31., 62., 5., 0., 0., 0., 0., 1., 9., 5., 1., 0., 0.,
       0., 0., 0., 0., 4., 20., 35., 4., 0., 0., 6., 27., 136., 136.,
       136., 33., 5., 5., 136., 136., 136., 46., 13., 8., 7., 28., 58.,
       43., 9., 1., 0., 0., 0., 2., 0., 0., 0., 2., 38., 23., 0., 0., 6.,
       5., 6., 29., 136., 136., 120., 23., 136., 31., 7., 7., 13., 51.,
       136., 136., 71., 6., 3., 2., 3., 1., 1., 25., 0., 0., 1., 1., 1.,
       3., 3., 0., 2., 0., 1., 1., 3., 36., 49., 5., 4., 1., 1., 2., 5.,
       15., 65., 25., 6., 2., 3., 23., 8., 1., 2., 9., 0., 1., 2., 13.,
       8., 1., 0., 0., 3., 5., 43., 23., 2., 1., 0., 1., 0., 21., 38.,
       2., 0., 0., 0., 0., 0., 2., 0., 0., 0., 0., 0., 0., 1., 5., 7.,
       58., 38., 4., 0., 0., 7., 41., 139., 139., 114., 30., 6., 5.,
       134., 139., 139., 25., 5., 5., 5., 27., 46., 23., 1., 0., 0., 0.,
       0., 11., 1., 2., 2., 14., 45., 52., 6., 1., 9., 9., 12., 46.,
       123., 139., 139., 34., 139., 48., 11., 6., 6., 36., 137., 139.,
       52., 4., 0., 0., 0., 0., 0., 34., 9., 11., 4., 0., 0., 7., 3., 2.,
       4., 1., 0., 0., 0., 35., 59., 13., 3., 0., 0., 0., 0., 6., 51.,
       54., 1., 0., 0., 0., 0., 0., 0., 6., 0., 0., 4., 137., 30., 1.,
       8., 81., 76., 76., 45., 93., 4., 0., 1., 5., 152., 110., 3., 0.,
       0., 0., 2., 3., 15., 6., 0., 0., 0., 0., 4., 3., 0., 0., 0., 148.,
       87., 1., 2., 4., 122., 22., 1., 18., 4., 0., 0., 2., 152., 53.,
       0., 0., 0., 0., 0., 3., 42., 5., 0., 0., 0., 0., 0., 1., 0., 0.,
       0., 42., 61., 1., 1., 1., 121., 2., 0., 1., 1., 1., 0., 20., 152.,
       4., 0., 0., 0., 0., 0., 50., 43., 2., 1., 0., 0., 0., 0., 3., 1.,
       0., 1., 5., 35., 3., 0., 2., 109., 0., 0., 1., 0., 0., 0., 86.,
       152., 0., 0., 0., 0., 0., 0., 115., 15., 0., 0., 0., 0., 0., 0.,
       5., 2., 2., 0., 49., 65., 0., 0., 0., 140., 95., 0., 3., 2., 0.,
       0., 0., 162., 116., 0., 0., 0., 0., 0., 0., 21., 6., 0., 0., 0.,
       0., 0., 3., 3., 1., 0., 33., 43., 0., 0., 1., 155., 31., 0., 0.,
       0., 0., 0., 3., 162., 56., 0., 0., 0., 0., 0., 6., 49., 2., 0.,
       0., 0., 0., 0., 7., 4., 1., 0., 12., 15., 0., 0., 3., 150., 2.,
       0., 0., 0., 0., 1., 36., 162., 4., 0., 0., 0., 0., 0., 69., 42.,
       0., 0., 0., 0., 0., 0., 9., 6., 3., 0., 2., 2., 0., 0., 3., 145.,
       1., 0., 0., 0., 0., 0., 94., 162., 0., 0., 0., 0., 0., 0., 118.,
       14., 0., 0., 0., 0., 0., 0., 5., 33., 1., 0., 1., 16., 8., 0., 1.,
       155., 3., 0., 0., 0., 0., 0., 0., 84., 1., 0., 0., 6., 1., 0., 1.,
       0., 0., 0., 0., 82., 3., 0., 0., 36., 0., 0., 0., 37., 88., 1.,
       2., 155., 4., 0., 0., 0., 1., 1., 2., 109., 1., 0., 0., 9., 1.,
       0., 2., 0., 0., 0., 0., 105., 2., 0., 0., 14., 0., 0., 0., 27.,
       155., 33., 7., 155., 3., 0., 0., 0., 43., 38., 50., 99., 1., 0.,
       0., 6., 4., 2., 13., 0., 0., 0., 0., 102., 8., 0., 0., 0., 0., 0.,
       0., 1., 155., 69., 1., 28., 0., 0., 0., 0., 132., 155., 52., 17.,
       0., 0., 0., 2., 38., 83., 24., 0., 0., 0., 0., 56., 49., 20., 0.,
       1., 22., 5., 0., 0., 0., 0., 1., 64., 157., 3., 0., 0., 0., 0.,
       1., 144., 146., 0., 0., 0., 0., 0., 0., 10., 5., 0., 0., 0., 0.,
       0., 0., 9., 51., 0., 0., 0., 0., 0., 3., 112., 31., 0., 1., 0.,
       0., 1., 4., 157., 68., 0., 0., 0., 0., 0., 3., 45., 12., 0., 0.,
       0., 0., 0., 1., 8., 154., 0., 0., 0., 0., 0., 0., 124., 61., 1.,
       0., 0., 0., 0., 13., 157., 3., 0., 0., 0., 0., 0., 44., 50., 1.,
       0., 0., 0., 0., 0., 7., 5., 80., 0., 0., 0., 0., 0., 0., 157.,
       111., 0., 0., 0., 0., 0., 10., 157., 6., 0., 0., 0., 0., 0., 49.,
       24., 1., 0., 0., 0., 0., 0., 6., 131., 10., 0., 0., 0., 0., 0.,
       82., 176., 79., 0., 0., 0., 0., 0., 5., 54., 17., 0., 1., 4., 3.,
       0., 0., 1., 1., 2., 9., 19., 33., 12., 3., 73., 11., 0., 0., 1.,
       0., 1., 53., 176., 70., 0., 0., 0., 0., 0., 2., 123., 16., 0., 0.,
       0., 1., 0., 3., 2., 0., 0., 0., 0., 7., 9., 3., 58., 2., 0., 0.,
       2., 2., 1., 21., 176., 8., 0., 0., 0., 0., 0., 71., 136., 1., 0.,
       0., 0., 0., 0., 18., 1., 0., 0., 0., 0., 0., 0., 2., 47., 0., 0.,
       0., 0., 1., 2., 107., 176., 0., 0., 0., 0., 0., 0., 176., 39., 0.,
       0., 0., 0., 0., 0., 25., 0., 0., 0., 0., 0., 0., 0., 0., 0., 0.,
       18., 4., 0., 0., 24., 30., 0., 1., 13., 3., 0., 0., 98., 55., 1.,
       1., 6., 1., 0., 17., 135., 16., 0., 0., 2., 1., 0., 34., 113., 0.,
       0., 0., 4., 43., 6., 2., 100., 112., 16., 28., 69., 77., 1., 1.,
       73., 59., 131., 60., 21., 3., 0., 13., 127., 38., 15., 0., 0., 0.,
       0., 50., 135., 10., 0., 0., 5., 135., 34., 3., 21., 12., 83., 14.,
       34., 94., 1., 0., 0., 14., 135., 24., 6., 1., 0., 0., 1., 47.,
       47., 0., 0., 0., 0., 1., 15., 9., 1., 0., 0., 77., 29., 0., 0.,
       1., 94., 0., 0., 4., 1., 0., 0., 67., 135., 0., 0., 0., 0., 0.,
       0., 104., 19., 0., 0., 0., 0., 0., 0., 7., 0., 0., 47., 15., 0.,
       0., 12., 20., 1., 0., 35., 10., 0., 0., 61., 49., 2., 0., 17., 6.,
       0., 10., 128., 23., 0., 0., 7., 3., 0., 19., 128., 2., 0., 0., 1.,
       19., 9., 4., 100., 101., 16., 23., 35., 63., 5., 1., 63., 65.,
       128., 47., 13., 3., 0., 6., 113., 52., 17., 0., 0., 0., 0., 20.,
       128., 16., 0., 0., 0., 128., 80., 9., 42., 19., 72., 13., 19.,
       114., 14., 1., 2., 15., 128., 20., 5., 2., 0., 0., 1., 52., 50.,
