%YAML:1.0
tag: !!opencv-matrix
   rows: 22
   cols: 128
   dt: f
   data: [ 17., 107., 0., 0., 0., 0., 0., 0., 61., 157., 0., 0., 0., 0.,
       0., 0., 141., 55., 0., 0., 0., 0., 0., 9., 32., 0., 0., 0., 1.,
       0., 0., 4., 3., 18., 0., 0., 1., 1., 0., 0., 116., 157., 0., 0.,
       0., 0., 0., 2., 157., 130., 0., 0., 0., 0., 0., 5., 46., 3., 0.,
       0., 2., 0., 0., 1., 1., 0., 0., 0., 0., 1., 0., 1., 157., 12., 0.,
       0., 0., 0., 0., 37., 157., 13., 0., 0., 0., 0., 0., 77., 39., 1.,
       0., 1., 4., 0., 0., 7., 3., 0., 0., 0., 0., 0., 0., 1., 157., 0.,
       0., 0., 0., 0., 0., 54., 157., 0., 0., 0., 0., 0., 0., 78., 15.,
       0., 0., 2., 9., 0., 0., 4., 1., 0., 0., 0., 0., 24., 11., 0.,
       168., 28., 0., 0., 0., 3., 1., 0., 193., 65., 0., 0., 0., 0., 0.,
       0., 31., 7., 0., 0., 8., 1., 0., 0., 0., 0., 0., 0., 0., 99., 47.,
       0., 139., 16., 0., 0., 0., 61., 38., 13., 193., 67., 0., 0., 0.,
       1., 3., 10., 62., 13., 0., 1., 6., 0., 0., 0., 0., 0., 0., 0., 0.,
       33., 20., 0., 60., 1., 0., 0., 0., 55., 54., 33., 193., 10., 0.,
       0., 0., 2., 9., 68., 76., 4., 0., 0., 4., 5., 6., 11., 0., 0., 0.,
       0., 0., 1., 3., 0., 45., 4., 0., 0., 0., 2., 5., 5., 193., 19.,
       0., 0., 0., 0., 2., 27., 72., 2., 0., 0., 1., 26., 26., 21., 6.,
       0., 0., 25., 124., 0., 0., 1., 143., 0., 0., 5., 26., 0., 0., 55.,
       143., 1., 3., 6., 0., 0., 0., 30., 1., 0., 18., 48., 0., 0., 0.,
       0., 21., 0., 0., 28., 143., 0., 0., 3., 143., 17., 7., 6., 20.,
       0., 0., 47., 112., 19., 70., 103., 0., 0., 0., 12., 0., 0., 72.,
       143., 1., 0., 0., 0., 29., 1., 0., 24., 133., 0., 0., 2., 143.,
       71., 26., 10., 12., 0., 0., 8., 23., 27., 82., 110., 2., 0., 0.,
       0., 0., 0., 17., 61., 12., 0., 0., 0., 24., 0., 0., 16., 91., 0.,
       0., 3., 137., 10., 2., 2., 5., 0., 0., 15., 12., 3., 4., 5., 6.,
       1., 0., 2., 0., 0., 0., 1., 17., 1., 0., 0., 16., 2., 0., 0., 87.,
       14., 0., 0., 145., 13., 0., 0., 6., 1., 0., 31., 31., 1., 0., 0.,
       0., 0., 1., 145., 0., 0., 0., 0., 2., 1., 5., 119., 19., 1., 0.,
       0., 122., 22., 0., 1., 145., 5., 0., 0., 12., 3., 0., 81., 94.,
       1., 0., 0., 0., 0., 0., 145., 1., 0., 0., 0., 6., 1., 1., 27.,
       14., 1., 0., 0., 132., 24., 0., 0., 145., 47., 0., 0., 18., 4.,
       0., 8., 145., 20., 0., 0., 0., 0., 0., 11., 2., 0., 0., 0., 5.,
       1., 0., 1., 4., 1., 0., 0., 110., 21., 0., 0., 145., 46., 0., 0.,
       23., 5., 0., 0., 145., 30., 0., 0., 0., 0., 0., 0., 3., 0., 0.,
       0., 2., 1., 0., 0., 13., 98., 0., 0., 0., 0., 0., 0., 49., 144.,
       0., 0., 0., 0., 0., 0., 121., 46., 0., 0., 0., 0., 0., 6., 23.,
       0., 0., 6., 37., 0., 0., 3., 2., 15., 0., 0., 0., 0., 0., 0., 93.,
       144., 0., 0., 0., 0., 0., 1., 144., 118., 0., 0., 0., 0., 0., 5.,
       33., 2., 0., 16., 80., 0., 0., 1., 1., 0., 0., 0., 1., 3., 0., 0.,
       144., 10., 0., 0., 0., 0., 0., 27., 144., 12., 0., 0., 0., 0., 0.,
       63., 29., 0., 0., 30., 133., 0., 0., 4., 2., 0., 0., 0., 6., 34.,
       0., 0., 144., 0., 0., 0., 0., 1., 0., 43., 144., 0., 0., 0., 1.,
       0., 0., 66., 10., 0., 0., 45., 144., 0., 0., 3., 0., 0., 3., 105.,
       19., 0., 0., 0., 0., 0., 36., 130., 6., 0., 6., 12., 0., 0., 45.,
       85., 0., 0., 66., 68., 0., 0., 14., 21., 0., 0., 115., 98., 3.,
       0., 0., 101., 125., 0., 0., 1., 73., 1., 2., 71., 33., 0., 16.,
       130., 19., 0., 1., 3., 0., 0., 105., 130., 0., 0., 0., 0., 0., 0.,
       69., 67., 8., 2., 0., 14., 130., 11., 0., 0., 130., 35., 0., 5.,
       43., 2., 0., 30., 94., 11., 0., 0., 0., 0., 3., 27., 0., 0., 0.,
       0., 0., 0., 1., 2., 3., 1., 0., 0., 130., 26., 0., 0., 130., 39.,
       0., 0., 48., 7., 0., 0., 107., 20., 0., 0., 0., 0., 0., 0., 1.,
       0., 0., 2., 1., 0., 0., 0., 7., 0., 0., 27., 133., 0., 0., 2.,
       139., 0., 0., 5., 27., 0., 0., 54., 139., 1., 3., 5., 0., 0., 0.,
       29., 1., 0., 10., 51., 4., 0., 0., 0., 22., 0., 0., 32., 139., 0.,
       0., 3., 139., 15., 6., 6., 19., 0., 0., 45., 106., 16., 65., 93.,
       0., 0., 0., 12., 0., 0., 62., 139., 1., 0., 0., 0., 29., 3., 0.,
       28., 139., 0., 0., 1., 139., 78., 28., 10., 11., 0., 0., 5., 20.,
       27., 90., 122., 2., 0., 0., 0., 0., 0., 19., 86., 20., 0., 0., 0.,
       22., 1., 0., 19., 101., 0., 0., 2., 119., 17., 4., 2., 5., 0., 0.,
       10., 10., 5., 7., 10., 9., 1., 0., 1., 0., 0., 0., 5., 31., 0.,
       0., 0., 2., 0., 0., 23., 127., 1., 0., 1., 127., 0., 0., 9., 61.,
       0., 0., 69., 105., 0., 0., 0., 0., 0., 0., 37., 1., 0., 0., 0.,
       20., 4., 0., 0., 8., 0., 0., 9., 127., 15., 0., 2., 127., 29., 0.,
       2., 50., 6., 0., 45., 86., 26., 4., 0., 0., 0., 0., 14., 0., 2.,
       1., 0., 8., 6., 0., 0., 2., 1., 0., 0., 126., 103., 0., 0., 69.,
       127., 22., 0., 32., 88., 5., 1., 16., 127., 107., 0., 0., 5., 2.,
       0., 0., 75., 53., 0., 0., 1., 0., 0., 0., 0., 0., 0., 16., 85.,
       5., 0., 0., 9., 6., 0., 4., 127., 54., 0., 0., 67., 48., 0., 0.,
       102., 63., 0., 0., 120., 77., 0., 0., 26., 16., 0., 0., 0., 4.,
       88., 10., 0., 0., 0., 0., 0., 49., 128., 3., 0., 5., 6., 0., 0.,
       62., 112., 0., 1., 53., 47., 0., 0., 20., 35., 0., 0., 105., 87.,
       3., 0., 0., 113., 115., 0., 0., 1., 53., 1., 6., 91., 31., 0.,
       25., 128., 11., 0., 2., 7., 0., 0., 128., 128., 0., 0., 0., 0.,
       0., 0., 81., 81., 10., 2., 0., 15., 128., 15., 0., 1., 128., 34.,
       0., 5., 44., 3., 1., 40., 73., 10., 0., 0., 0., 0., 7., 33., 0.,
       0., 0., 9., 1., 0., 2., 2., 4., 1., 0., 0., 128., 31., 0., 0.,
       128., 42., 0., 0., 51., 9., 0., 0., 91., 20., 0., 1., 1., 0., 0.,
       0., 0., 0., 0., 29., 15., 0., 0., 0., 1., 50., 5., 0., 0., 0., 0.,
       0., 41., 55., 6., 0., 0., 5., 4., 7., 128., 8., 0., 0., 0., 107.,
       90., 67., 4., 62., 3., 0., 0., 167., 42., 6., 1., 10., 0., 0., 0.,
       0., 1., 1., 118., 55., 1., 0., 0., 0., 0., 2., 167., 21., 0., 0.,
       0., 21., 7., 27., 28., 6., 0., 0., 0., 167., 17., 6., 0., 0., 0.,
       0., 0., 0., 2., 2., 147., 3., 0., 0., 0., 0., 1., 19., 167., 24.,
       0., 0., 0., 0., 0., 31., 25., 43., 1., 0., 0., 27., 0., 0., 0.,
       0., 0., 0., 0., 0., 1., 2., 140., 0., 0., 0., 0., 0., 0., 26.,
       167., 4., 0., 0., 0., 0., 0., 42., 11., 31., 0., 0., 0., 0., 0.,
       1., 0., 0., 0., 0., 1., 3., 0., 0., 58., 13., 1., 1., 0., 1., 0.,
       0., 147., 30., 0., 0., 2., 0., 0., 0., 14., 2., 0., 0., 147., 19.,
       0., 0., 0., 0., 2., 16., 1., 1., 0., 0., 45., 25., 14., 24., 1.,
       0., 0., 3., 147., 50., 2., 2., 1., 0., 0., 5., 26., 4., 1., 36.,
       147., 10., 0., 0., 0., 0., 6., 50., 0., 0., 2., 9., 40., 3., 8.,
       21., 0., 0., 5., 88., 147., 17., 33., 53., 0., 0., 0., 50., 12.,
       4., 26., 147., 121., 0., 0., 0., 0., 0., 2., 15., 0., 0., 12.,
       66., 5., 1., 24., 79., 0., 0., 11., 78., 12., 7., 137., 147., 0.,
       0., 0., 11., 0., 1., 40., 147., 56., 1., 0., 0., 1., 0., 0., 0.,
       19., 20., 0., 0., 104., 47., 0., 0., 3., 3., 0., 0., 128., 63.,
       0., 0., 13., 8., 0., 0., 6., 2., 0., 0., 128., 84., 0., 0., 0.,
       0., 0., 0., 26., 44., 2., 0., 84., 19., 0., 0., 5., 17., 9., 15.,
       128., 47., 0., 1., 6., 2., 1., 20., 21., 2., 0., 11., 128., 39.,
       0., 1., 0., 2., 26., 4., 5., 36., 13., 1., 33., 19., 27., 1., 0.,
       15., 44., 80., 122., 17., 88., 37., 2., 0., 3., 89., 10., 2., 45.,
       128., 125., 2., 3., 7., 0., 5., 90., 9., 0., 2., 58., 3., 7., 42.,
       112., 2., 0., 0., 73., 21., 5., 12., 128., 43., 0., 0., 85., 29.,
       0., 0., 42., 68., 4., 1., 88., 67., 1., 0., 0., 30., 134., 0., 0.,
       0., 134., 0., 0., 14., 70., 0., 0., 37., 120., 0., 1., 13., 13.,
       0., 0., 23., 0., 0., 16., 48., 11., 0., 0., 0., 6., 0., 0., 39.,
       134., 0., 0., 1., 134., 19., 8., 17., 62., 0., 0., 31., 89., 13.,
       49., 134., 4., 0., 0., 10., 0., 0., 77., 134., 2., 0., 0., 0., 5.,
       4., 1., 43., 134., 0., 0., 0., 113., 96., 37., 33., 47., 0., 0.,
