%YAML:1.0
tag: !!opencv-matrix
   rows: 20
   cols: 128
   dt: f
   data: [ 37., 122., 11., 0., 0., 0., 0., 0., 7., 74., 57., 119., 51.,
       0., 0., 0., 15., 6., 9., 97., 70., 0., 0., 5., 48., 3., 1., 1.,
       0., 0., 0., 38., 15., 122., 64., 1., 0., 1., 0., 0., 10., 71.,
       122., 108., 3., 0., 0., 0., 122., 25., 44., 54., 5., 0., 0., 32.,
       65., 4., 0., 0., 0., 0., 0., 61., 0., 34., 44., 8., 18., 41., 1.,
       0., 47., 65., 102., 24., 3., 0., 0., 1., 122., 122., 8., 2., 0.,
       0., 0., 13., 34., 94., 14., 0., 0., 0., 0., 8., 1., 5., 5., 10.,
       91., 72., 0., 0., 31., 75., 21., 14., 38., 13., 1., 2., 78., 122.,
       1., 0., 0., 0., 0., 0., 16., 120., 19., 0., 0., 0., 0., 0., 7.,
       22., 118., 13., 1., 2., 6., 8., 33., 19., 64., 21., 0., 0., 2.,
       26., 15., 0., 7., 7., 0., 0., 20., 118., 1., 0., 0., 0., 0., 0.,
       100., 115., 5., 5., 6., 2., 1., 11., 114., 66., 65., 5., 1., 0.,
       0., 16., 91., 72., 118., 24., 0., 0., 0., 2., 16., 118., 61., 40.,
       2., 0., 0., 0., 75., 118., 0., 0., 0., 0., 0., 2., 118., 115., 6.,
       0., 0., 0., 0., 78., 118., 55., 94., 57., 1., 0., 0., 51., 62.,
       26., 42., 118., 34., 0., 0., 1., 2., 8., 9., 0., 0., 0., 0., 0.,
       20., 88., 2., 0., 0., 0., 1., 48., 38., 27., 2., 3., 0., 0., 1.,
       108., 28., 2., 5., 31., 7., 0., 0., 22., 15., 6., 1., 80., 80.,
       0., 0., 0., 0., 0., 19., 136., 150., 0., 0., 0., 0., 0., 110.,
       145., 25., 0., 0., 0., 0., 0., 14., 7., 0., 0., 0., 0., 0., 0.,
       3., 79., 30., 0., 0., 0., 0., 0., 91., 55., 34., 1., 0., 0., 0.,
       1., 159., 50., 1., 0., 0., 0., 0., 5., 44., 2., 0., 0., 0., 0.,
       0., 1., 24., 83., 6., 0., 0., 0., 0., 0., 144., 61., 9., 0., 0.,
       0., 0., 8., 159., 5., 0., 0., 0., 0., 0., 42., 37., 0., 0., 0.,
       0., 0., 0., 4., 4., 74., 18., 0., 0., 0., 0., 0., 159., 68., 13.,
       0., 0., 0., 0., 14., 159., 4., 0., 0., 0., 0., 0., 50., 17., 0.,
       0., 0., 0., 0., 0., 3., 5., 63., 26., 5., 1., 0., 1., 5., 52.,
       173., 15., 0., 0., 0., 0., 1., 50., 142., 1., 0., 0., 0., 0., 0.,
       0., 0., 0., 0., 0., 0., 0., 0., 9., 4., 6., 10., 0., 0., 0., 5.,
       120., 117., 10., 15., 0., 0., 0., 1., 173., 119., 0., 0., 0., 0.,
       0., 6., 7., 0., 0., 0., 0., 0., 0., 1., 2., 1., 8., 24., 1., 0.,
       0., 0., 173., 10., 4., 18., 1., 0., 0., 19., 173., 9., 0., 0., 0.,
       0., 0., 60., 26., 0., 0., 0., 0., 0., 0., 6., 0., 0., 4., 16., 1.,
       0., 0., 0., 173., 13., 2., 5., 0., 0., 0., 7., 173., 16., 0., 0.,
       0., 0., 0., 24., 31., 2., 0., 0., 0., 0., 0., 3., 23., 11., 0.,
       0., 0., 0., 13., 57., 139., 125., 0., 0., 0., 0., 1., 33., 139.,
       102., 0., 0., 0., 17., 16., 1., 5., 3., 0., 0., 0., 33., 76., 0.,
       27., 0., 0., 0., 0., 0., 14., 60., 139., 30., 0., 0., 0., 0., 0.,
       41., 139., 78., 0., 0., 0., 0., 0., 3., 29., 8., 0., 0., 0., 1.,
       1., 0., 37., 0., 0., 0., 0., 2., 19., 33., 139., 1., 0., 0., 0.,
       0., 1., 92., 139., 5., 0., 0., 0., 0., 0., 67., 36., 2., 0., 0.,
       0., 0., 0., 4., 7., 0., 0., 0., 0., 34., 139., 25., 53., 0., 0.,
       0., 0., 4., 97., 132., 114., 0., 0., 0., 0., 0., 4., 111., 11.,
       0., 0., 0., 1., 0., 0., 6., 2., 32., 21., 1., 3., 5., 2., 0., 37.,
       134., 11., 0., 2., 1., 0., 0., 71., 131., 0., 0., 0., 0., 0., 0.,
       5., 3., 0., 0., 0., 0., 0., 1., 30., 13., 0., 0., 8., 9., 2., 2.,
       90., 59., 1., 1., 19., 11., 0., 3., 134., 87., 0., 0., 0., 0., 0.,
       6., 27., 5., 2., 0., 0., 0., 0., 1., 62., 11., 10., 9., 7., 2.,
       0., 3., 99., 23., 20., 18., 24., 5., 0., 15., 134., 46., 48., 24.,
       1., 0., 0., 29., 14., 46., 134., 20., 1., 0., 0., 0., 14., 9.,
       101., 66., 0., 0., 0., 1., 37., 115., 127., 67., 1., 0., 0., 1.,
       100., 134., 49., 52., 39., 23., 2., 2., 3., 88., 134., 52., 41.,
       66., 9., 1., 0., 0., 0., 0., 45., 123., 50., 0., 3., 4., 0., 0.,
       4., 123., 98., 18., 7., 13., 2., 0., 0., 26., 123., 52., 3., 18.,
       3., 0., 0., 41., 78., 3., 0., 0., 0., 1., 120., 75., 19., 0., 27.,
       0., 0., 0., 52., 87., 29., 31., 114., 3., 0., 0., 1., 35., 123.,
       107., 6., 0., 0., 0., 0., 123., 123., 8., 0., 0., 0., 26., 123.,
       9., 0., 0., 35., 5., 1., 12., 73., 13., 2., 5., 123., 37., 0., 0.,
       1., 3., 7., 16., 51., 5., 0., 0., 0., 39., 70., 15., 0., 0., 0.,
       32., 54., 10., 0., 0., 10., 14., 6., 35., 43., 3., 0., 0., 123.,
       88., 3., 2., 1., 0., 0., 2., 78., 36., 3., 0., 0., 0., 6., 5.,
       11., 131., 135., 0., 0., 0., 0., 3., 37., 135., 135., 0., 0., 0.,
       0., 3., 12., 135., 31., 0., 0., 0., 0., 0., 0., 15., 2., 0., 0.,
       0., 0., 0., 52., 23., 10., 0., 0., 0., 0., 61., 135., 75., 7., 0.,
       0., 0., 0., 47., 95., 135., 11., 0., 0., 0., 0., 12., 9., 135.,
       6., 0., 0., 0., 0., 0., 30., 12., 8., 5., 0., 0., 0., 37., 135.,
       43., 1., 0., 0., 0., 0., 24., 115., 19., 1., 0., 0., 1., 0., 10.,
       23., 93., 3., 0., 2., 1., 0., 1., 15., 2., 6., 5., 0., 0., 8.,
       84., 112., 2., 0., 0., 0., 0., 2., 135., 52., 1., 0., 1., 2., 1.,
       1., 37., 23., 7., 0., 3., 5., 1., 0., 1., 21., 84., 6., 3., 3.,
       0., 0., 0., 48., 49., 5., 12., 26., 1., 0., 0., 108., 132., 48.,
       14., 1., 0., 0., 1., 8., 18., 58., 73., 0., 0., 2., 16., 84., 59.,
       6., 2., 1., 0., 0., 0., 44., 42., 11., 49., 49., 2., 1., 2., 132.,
       100., 20., 11., 7., 0., 0., 18., 73., 15., 9., 2., 0., 0., 3.,
       69., 53., 34., 2., 1., 1., 1., 2., 13., 35., 30., 7., 19., 23.,
       5., 8., 37., 132., 12., 0., 2., 4., 2., 5., 117., 117., 15., 0.,
       0., 0., 0., 6., 132., 13., 3., 0., 0., 1., 18., 16., 37., 29., 4.,
       0., 0., 0., 0., 7., 132., 74., 0., 0., 0., 0., 0., 2., 132., 132.,
       0., 0., 0., 0., 0., 1., 132., 51., 5., 1., 1., 3., 2., 1., 28.,
       142., 9., 0., 0., 0., 0., 0., 62., 142., 8., 0., 0., 0., 0., 0.,
       69., 24., 1., 0., 0., 0., 0., 0., 10., 80., 1., 0., 0., 0., 0.,
       0., 64., 142., 11., 0., 0., 0., 0., 2., 73., 142., 43., 0., 0.,
       0., 0., 1., 39., 34., 5., 0., 0., 0., 0., 0., 1., 40., 0., 0., 0.,
       0., 0., 97., 142., 33., 1., 0., 0., 0., 0., 130., 142., 84., 2.,
       0., 0., 0., 0., 30., 142., 11., 0., 0., 0., 0., 0., 0., 4., 0.,
       0., 0., 0., 0., 0., 142., 119., 0., 0., 0., 0., 0., 0., 80., 90.,
       0., 0., 0., 0., 0., 0., 11., 20., 0., 0., 0., 0., 0., 0., 0., 0.,
       62., 143., 12., 0., 0., 0., 0., 0., 24., 143., 20., 0., 0., 0.,
       0., 0., 0., 34., 12., 0., 0., 0., 0., 0., 0., 0., 0., 0., 0., 0.,
       0., 0., 41., 143., 12., 0., 0., 0., 0., 0., 28., 143., 65., 0.,
       0., 0., 0., 0., 88., 143., 29., 0., 0., 0., 0., 2., 7., 5., 0.,
       0., 0., 0., 0., 0., 46., 97., 2., 0., 0., 0., 0., 0., 143., 114.,
       5., 0., 0., 0., 0., 21., 143., 36., 1., 0., 0., 0., 0., 75., 19.,
       1., 0., 0., 0., 0., 0., 6., 28., 57., 2., 0., 0., 0., 0., 5.,
       143., 41., 0., 0., 0., 0., 0., 90., 143., 0., 0., 0., 0., 0., 0.,
       107., 6., 0., 0., 0., 0., 0., 0., 3., 0., 66., 51., 0., 0., 0.,
       0., 0., 68., 134., 34., 0., 0., 0., 0., 0., 148., 120., 0., 0.,
       0., 0., 0., 0., 14., 5., 0., 0., 0., 0., 0., 0., 1., 32., 36.,
       10., 1., 0., 0., 1., 95., 122., 42., 0., 0., 0., 0., 5., 148.,
       115., 1., 0., 0., 0., 0., 9., 45., 5., 0., 0., 0., 0., 0., 1., 6.,
       15., 11., 6., 0., 0., 5., 14., 123., 15., 3., 0., 0., 0., 12.,
       126., 148., 8., 0., 0., 0., 0., 1., 93., 23., 1., 0., 0., 0., 0.,
       0., 1., 2., 3., 1., 0., 0., 0., 89., 148., 16., 1., 0., 0., 0.,
       0., 115., 148., 20., 0., 0., 0., 0., 0., 3., 29., 0., 0., 0., 0.,
       0., 0., 0., 0., 12., 22., 4., 1., 10., 15., 16., 27., 83., 45.,
       4., 0., 0., 0., 11., 124., 17., 14., 4., 1., 0., 0., 90., 91., 2.,
       0., 0., 0., 0., 0., 55., 85., 2., 0., 0., 2., 7., 14., 124., 124.,
       34., 28., 37., 79., 47., 4., 33., 124., 124., 124., 36., 18., 2.,
       0., 10., 23., 25., 10., 0., 0., 0., 0., 7., 9., 0., 0., 0., 7.,
       74., 11., 85., 53., 43., 7., 5., 76., 124., 25., 12., 31., 124.,
