%YAML:1.0
tag: !!opencv-matrix
   rows: 8
   cols: 128
   dt: f
   data: [ 1., 1., 0., 0., 0., 0., 0., 0., 154., 64., 0., 0., 0., 0., 0.,
       0., 171., 98., 0., 0., 0., 0., 0., 0., 11., 3., 0., 0., 0., 0.,
       0., 0., 0., 0., 0., 0., 0., 0., 117., 15., 124., 18., 0., 0., 0.,
       2., 139., 33., 171., 50., 0., 0., 0., 0., 16., 52., 30., 3., 0.,
       0., 0., 0., 0., 2., 0., 0., 0., 0., 0., 1., 171., 56., 13., 0.,
       0., 0., 0., 10., 171., 51., 99., 1., 0., 0., 0., 1., 104., 148.,
       13., 0., 0., 0., 0., 0., 0., 8., 0., 0., 0., 0., 0., 0., 28., 5.,
       0., 0., 0., 0., 0., 1., 31., 1., 0., 0., 0., 0., 0., 0., 12., 7.,
       0., 0., 0., 0., 0., 0., 0., 1., 0., 0., 18., 4., 0., 0., 0., 0.,
       0., 2., 36., 2., 0., 0., 0., 0., 0., 8., 13., 0., 0., 0., 0., 0.,
       0., 1., 0., 0., 0., 0., 0., 0., 0., 0., 174., 77., 0., 0., 0., 0.,
       18., 58., 174., 26., 0., 0., 0., 0., 104., 150., 95., 0., 0., 0.,
       0., 3., 12., 7., 0., 0., 0., 0., 0., 0., 0., 0., 136., 38., 0.,
       0., 0., 0., 152., 31., 113., 8., 0., 0., 0., 10., 174., 43., 11.,
       0., 0., 0., 0., 35., 26., 1., 0., 0., 0., 0., 0., 3., 0., 0., 0.,
       0., 0., 0., 0., 0., 156., 10., 0., 0., 0., 0., 0., 2., 174., 26.,
       0., 0., 0., 0., 0., 6., 18., 2., 0., 0., 0., 0., 0., 0., 0., 0.,
       0., 0., 0., 0., 0., 0., 114., 1., 0., 0., 0., 0., 0., 14., 179.,
       2., 0., 0., 0., 0., 0., 57., 32., 0., 0., 0., 0., 0., 0., 6., 0.,
       0., 0., 0., 0., 0., 48., 8., 130., 5., 0., 0., 0., 0., 64., 50.,
       179., 24., 0., 0., 0., 0., 10., 56., 39., 3., 0., 0., 0., 0., 0.,
       1., 0., 0., 0., 0., 0., 0., 179., 56., 15., 0., 0., 0., 0., 0.,
       179., 153., 104., 2., 0., 0., 0., 0., 90., 170., 15., 0., 0., 0.,
       0., 0., 0., 5., 0., 0., 0., 0., 0., 0., 81., 12., 0., 0., 0., 0.,
       0., 0., 57., 15., 0., 0., 0., 0., 0., 0., 11., 6., 0., 0., 0., 0.,
       0., 0., 0., 0., 0., 93., 75., 0., 0., 0., 0., 0., 0., 25., 58.,
       0., 0., 0., 0., 0., 0., 9., 15., 0., 0., 0., 0., 0., 0., 0., 0.,
       0., 0., 0., 0., 0., 0., 156., 156., 0., 0., 0., 0., 0., 17., 156.,
       156., 0., 0., 0., 0., 0., 104., 156., 84., 0., 0., 0., 0., 1., 9.,
       3., 0., 0., 0., 0., 0., 0., 0., 11., 19., 0., 0., 0., 0., 0.,
       129., 46., 50., 0., 0., 0., 0., 13., 156., 44., 7., 0., 0., 0.,
       0., 41., 28., 1., 0., 0., 0., 0., 0., 3., 1., 0., 0., 0., 0., 0.,
       0., 0., 150., 0., 0., 0., 0., 0., 0., 36., 156., 0., 0., 0., 0.,
       0., 0., 69., 14., 0., 0., 0., 0., 0., 0., 3., 24., 29., 0., 0.,
       0., 0., 0., 0., 148., 123., 0., 0., 0., 0., 0., 1., 67., 21., 0.,
       0., 0., 0., 0., 0., 0., 0., 0., 0., 0., 0., 0., 0., 32., 1., 0.,
       0., 0., 0., 0., 2., 148., 21., 8., 2., 0., 0., 0., 24., 106., 22.,
       89., 6., 0., 0., 0., 4., 0., 22., 49., 0., 0., 0., 0., 0., 36.,
       3., 0., 0., 0., 0., 0., 1., 148., 53., 21., 21., 13., 7., 0., 8.,
       29., 40., 148., 72., 41., 40., 1., 1., 0., 148., 148., 2., 1., 5.,
       0., 0., 9., 5., 0., 0., 0., 0., 0., 0., 111., 109., 0., 1., 6.,
       12., 1., 1., 48., 49., 8., 6., 25., 148., 37., 3., 2., 46., 22.,
       1., 1., 89., 72., 2., 5., 0., 0., 0., 5., 10., 2., 43., 35., 11.,
       1., 0., 0., 0., 19., 139., 77., 26., 0., 0., 0., 0., 27., 139.,
       20., 1., 0., 0., 0., 0., 1., 79., 5., 0., 0., 0., 15., 38., 110.,
       139., 57., 38., 6., 5., 59., 75., 51., 139., 139., 109., 3., 2.,
       9., 7., 2., 37., 37., 7., 0., 0., 0., 0., 0., 4., 0., 0., 0., 0.,
       4., 34., 139., 109., 17., 1., 0., 0., 61., 139., 89., 53., 139.,
       5., 0., 0., 6., 32., 44., 100., 20., 1., 0., 0., 0., 0., 0., 2.,
       0., 0., 0., 0., 0., 4., 8., 4., 0., 0., 0., 0., 1., 48., 21., 2.,
       1., 0., 0., 0., 0., 9., 15., 7., 0., 0., 0., 0., 0., 0., 0., 0.,
       11., 6., 0., 0., 0., 0., 0., 0., 106., 126., 19., 4., 1., 1., 2.,
       2., 52., 90., 104., 14., 4., 11., 79., 39., 39., 67., 22., 0., 0.,
       0., 35., 57., 1., 1., 0., 0., 0., 0., 28., 27., 89., 63., 0., 0.,
       0., 2., 100., 38., 145., 62., 0., 0., 0., 2., 71., 94., 33., 1.,
       0., 0., 0., 0., 46., 64., 30., 0., 0., 0., 0., 0., 95., 145., 15.,
       1., 0., 0., 0., 25., 145., 122., 130., 2., 0., 0., 0., 8., 88.,
       122., 19., 0., 0., 0., 0., 0., 0., 5., 50., 0., 0., 0., 0., 1.,
       17., 108., 2., 0., 0., 0., 0., 4., 25., 18., 0., 0., 0., 0., 0.,
       2., 5., 1., 0., 0., 0., 0., 0., 0., 0., 0., 39., 51., 39., 82.,
       28., 0., 0., 1., 61., 70., 34., 1., 0., 0., 0., 0., 0., 6., 19.,
       0., 0., 0., 0., 0., 0., 0., 0., 0., 0., 0., 0., 0., 72., 31., 58.,
       94., 104., 13., 4., 13., 77., 98., 145., 52., 0., 0., 0., 4., 85.,
       130., 128., 1., 0., 0., 0., 11., 4., 2., 0., 0., 0., 0., 0., 2.,
       1., 2., 113., 106., 13., 2., 1., 1., 112., 36., 88., 51., 0., 0.,
       0., 5., 145., 103., 14., 0., 0., 0., 0., 40., 21., 12., 1., 0.,
       0., 0., 0., 5., 0., 0., 7., 3., 0., 0., 0., 0., 37., 32., 1., 1.,
       0., 0., 0., 0., 114., 145., 26., 0., 0., 0., 0., 0., 14., 91.,
       36., 0., 0., 0., 0., 1. ]
