%YAML:1.0
tag: !!opencv-matrix
   rows: 39
   cols: 128
   dt: f
   data: [ 1., 0., 0., 0., 0., 0., 0., 0., 166., 6., 0., 0., 0., 0., 0.,
       0., 166., 15., 0., 0., 0., 0., 0., 0., 20., 0., 0., 0., 0., 0.,
       0., 0., 1., 0., 0., 0., 0., 0., 1., 5., 166., 9., 0., 0., 0., 0.,
       10., 38., 166., 29., 0., 0., 0., 0., 1., 17., 31., 2., 0., 0., 0.,
       0., 0., 0., 17., 0., 0., 0., 0., 0., 2., 78., 70., 0., 0., 0., 0.,
       0., 62., 166., 166., 3., 0., 0., 0., 0., 14., 102., 32., 0., 0.,
       0., 0., 0., 0., 1., 42., 0., 0., 0., 0., 0., 0., 150., 56., 2.,
       0., 0., 0., 0., 5., 104., 166., 15., 0., 0., 0., 0., 1., 15., 24.,
       2., 0., 0., 0., 0., 0., 0., 5., 0., 0., 28., 132., 0., 0., 1.,
       132., 0., 0., 10., 44., 0., 1., 52., 56., 0., 0., 0., 4., 5., 13.,
       37., 0., 0., 0., 5., 106., 36., 6., 0., 12., 1., 0., 25., 132.,
       0., 0., 1., 132., 29., 5., 6., 41., 0., 0., 19., 62., 20., 36.,
       4., 6., 0., 0., 5., 1., 0., 11., 38., 132., 0., 0., 0., 4., 4.,
       0., 16., 132., 30., 9., 0., 53., 100., 52., 4., 29., 16., 43., 1.,
       8., 57., 132., 6., 1., 4., 31., 0., 1., 4., 105., 83., 38., 3.,
       16., 0., 2., 3., 0., 0., 29., 65., 49., 0., 0., 3., 4., 0., 3.,
       41., 132., 0., 0., 3., 20., 0., 0., 25., 132., 0., 0., 0., 13.,
       5., 0., 22., 132., 0., 0., 0., 47., 66., 30., 0., 2., 7., 0., 0.,
       131., 44., 2., 0., 4., 4., 0., 0., 131., 31., 0., 0., 22., 5., 0.,
       9., 131., 12., 0., 3., 26., 2., 5., 0., 10., 32., 131., 19., 0.,
       3., 62., 2., 42., 17., 28., 4., 45., 97., 8., 0., 26., 4., 0., 0.,
       131., 67., 0., 1., 12., 1., 1., 31., 131., 13., 10., 1., 0., 0.,
       131., 33., 0., 1., 131., 30., 0., 0., 46., 8., 5., 27., 59., 13.,
       12., 1., 0., 0., 35., 21., 0., 0., 17., 12., 8., 10., 25., 2., 2.,
       1., 0., 0., 131., 25., 0., 0., 87., 78., 21., 1., 57., 8., 0., 0.,
       23., 42., 131., 14., 0., 0., 2., 1., 0., 0., 131., 47., 1., 1.,
       3., 0., 2., 0., 0., 20., 132., 0., 0., 1., 85., 1., 4., 10., 59.,
       0., 23., 76., 20., 1., 6., 0., 0., 11., 132., 38., 0., 2., 9., 0.,
       2., 47., 128., 0., 9., 1., 0., 24., 132., 0., 0., 1., 132., 29.,
       6., 7., 55., 0., 1., 24., 57., 21., 44., 0., 0., 1., 14., 11., 0.,
       2., 32., 17., 14., 14., 16., 0., 3., 3., 0., 26., 132., 0., 0.,
       1., 56., 97., 47., 7., 46., 1., 17., 15., 8., 56., 132., 0., 0.,
       6., 32., 2., 1., 8., 132., 41., 3., 6., 5., 2., 9., 0., 0., 18.,
       132., 1., 1., 7., 58., 4., 3., 2., 25., 2., 61., 90., 3., 3., 17.,
       0., 2., 47., 132., 15., 12., 2., 21., 3., 20., 92., 29., 5., 0.,
       0., 130., 18., 0., 1., 1., 0., 0., 1., 130., 21., 0., 0., 3., 3.,
       0., 0., 130., 21., 0., 0., 16., 2., 2., 7., 130., 14., 0., 4.,
       10., 0., 3., 0., 61., 9., 23., 69., 63., 5., 54., 2., 63., 6., 7.,
       13., 49., 96., 9., 0., 41., 4., 1., 7., 130., 53., 7., 3., 23.,
       3., 38., 79., 99., 3., 9., 1., 0., 8., 130., 52., 19., 1., 130.,
       17., 0., 2., 44., 9., 6., 29., 66., 5., 0., 0., 9., 5., 38., 19.,
       3., 0., 0., 0., 130., 37., 12., 0., 4., 2., 13., 102., 70., 2.,
       3., 1., 130., 57., 2., 14., 21., 1., 3., 0., 55., 41., 19., 7.,
       5., 0., 0., 0., 2., 0., 8., 44., 108., 4., 0., 1., 0., 53., 129.,
       1., 2., 17., 7., 0., 2., 13., 129., 80., 3., 1., 5., 18., 19., 0.,
       13., 70., 12., 0., 14., 129., 60., 0., 0., 0., 0., 0., 1., 123.,
       5., 3., 13., 1., 68., 129., 18., 5., 89., 5., 21., 3., 11., 12.,
       18., 129., 23., 0., 1., 1., 0., 0., 53., 129., 6., 0., 0., 0., 0.,
       0., 3., 62., 9., 1., 0., 0., 129., 67., 1., 1., 129., 35., 0., 0.,
       41., 12., 1., 23., 106., 15., 0., 0., 0., 0., 3., 25., 1., 0., 0.,
       0., 0., 0., 0., 2., 2., 0., 0., 0., 129., 37., 0., 0., 129., 38.,
       0., 0., 55., 13., 0., 0., 118., 25., 0., 0., 0., 0., 0., 0., 1.,
       0., 0., 2., 0., 0., 0., 0., 11., 8., 0., 12., 116., 77., 3., 0.,
       129., 62., 0., 1., 21., 6., 0., 5., 73., 16., 0., 0., 0., 0., 0.,
       2., 0., 0., 0., 0., 0., 1., 0., 0., 18., 4., 8., 129., 92., 3.,
       0., 1., 129., 49., 2., 12., 16., 0., 0., 28., 86., 41., 6., 0.,
       0., 0., 0., 8., 0., 3., 1., 0., 0., 0., 0., 0., 9., 6., 8., 66.,
       3., 21., 93., 20., 65., 129., 21., 2., 0., 40., 41., 2., 10.,
       129., 87., 0., 0., 4., 2., 0., 0., 89., 38., 0., 0., 0., 0., 0.,
       0., 0., 0., 0., 0., 38., 116., 51., 0., 11., 4., 0., 0., 129.,
       102., 0., 0., 85., 38., 0., 0., 110., 50., 0., 5., 129., 56., 0.,
       0., 15., 9., 2., 0., 0., 95., 1., 0., 10., 103., 0., 1., 1., 118.,
       7., 8., 53., 36., 4., 9., 7., 118., 2., 2., 6., 27., 51., 0., 1.,
       94., 1., 0., 10., 87., 13., 0., 0., 0., 4., 15., 25., 118., 0.,
       15., 0., 0., 12., 118., 98., 35., 6., 118., 1., 0., 2., 25., 11.,
       25., 92., 26., 0., 0., 0., 18., 24., 97., 32., 0., 0., 46., 96.,
       12., 1., 2., 0., 22., 6., 17., 118., 115., 3., 2., 0., 118., 50.,
       3., 12., 17., 1., 1., 3., 47., 19., 10., 14., 34., 2., 1., 2., 0.,
       0., 57., 85., 0., 0., 31., 33., 6., 3., 12., 50., 4., 36., 102.,
       26., 55., 91., 17., 2., 1., 47., 32., 2., 7., 48., 89., 37., 5.,
       2., 8., 2., 12., 11., 1., 1., 129., 24., 0., 0., 54., 101., 72.,
       3., 22., 2., 3., 5., 2., 12., 129., 41., 1., 4., 14., 2., 18., 2.,
       64., 88., 16., 4., 3., 13., 3., 2., 1., 1., 129., 39., 1., 4.,
       58., 19., 20., 1., 47., 12., 46., 113., 8., 2., 34., 8., 2., 59.,
       129., 47., 43., 15., 11., 7., 14., 122., 36., 9., 9., 1., 0., 0.,
       129., 34., 0., 1., 129., 23., 0., 0., 59., 11., 6., 31., 66., 7.,
       0., 0., 6., 35., 33., 19., 4., 7., 0., 0., 57., 129., 4., 0., 2.,
       2., 0., 0., 122., 40., 3., 1., 129., 14., 0., 0., 46., 26., 13.,
       29., 72., 6., 0., 0., 1., 2., 0., 7., 0., 0., 0., 0., 21., 58.,
       0., 0., 0., 0., 0., 0., 62., 7., 0., 0., 51., 3., 0., 0., 135.,
       30., 1., 10., 135., 10., 0., 0., 10., 3., 30., 60., 9., 0., 0.,
       0., 16., 77., 45., 9., 3., 22., 0., 0., 57., 8., 0., 0., 55., 4.,
       0., 0., 135., 63., 6., 8., 135., 20., 0., 0., 17., 8., 4., 24.,
       27., 2., 0., 0., 9., 18., 0., 1., 2., 135., 27., 1., 16., 9., 0.,
       0., 9., 28., 19., 1., 72., 107., 62., 25., 84., 4., 7., 0., 3.,
       15., 53., 103., 13., 0., 7., 1., 1., 1., 0., 5., 0., 111., 44.,
       0., 0., 70., 24., 0., 0., 120., 135., 1., 3., 15., 11., 2., 1.,
       49., 135., 1., 0., 1., 8., 8., 0., 3., 135., 18., 0., 0., 0., 1.,
       0., 0., 0., 1., 0., 9., 106., 4., 0., 0., 9., 8., 1., 68., 129.,
       0., 4., 9., 10., 2., 0., 137., 114., 1., 5., 90., 7., 0., 1.,
       116., 27., 0., 3., 2., 0., 7., 12., 0., 2., 0., 4., 15., 54.,
       115., 76., 3., 3., 0., 79., 96., 66., 26., 7., 39., 13., 1., 16.,
       10., 0., 0., 14., 137., 12., 1., 15., 16., 1., 7., 37., 0., 0.,
       0., 33., 6., 5., 64., 137., 0., 0., 2., 137., 26., 6., 14., 33.,
       0., 0., 20., 42., 1., 0., 0., 14., 42., 0., 4., 12., 60., 78.,
       23., 17., 0., 0., 0., 45., 1., 27., 91., 137., 0., 0., 4., 137.,
       1., 0., 5., 17., 0., 0., 25., 26., 0., 0., 0., 3., 3., 0., 3., 7.,
       0., 0., 0., 55., 21., 3., 7., 55., 6., 0., 0., 139., 52., 1., 5.,
       139., 26., 0., 0., 9., 2., 1., 24., 17., 2., 0., 1., 0., 0., 1.,
       7., 1., 0., 0., 0., 54., 10., 0., 1., 44., 5., 0., 0., 139., 78.,
       6., 7., 139., 31., 1., 1., 19., 11., 6., 24., 32., 5., 5., 46.,
       1., 0., 0., 1., 0., 8., 44., 2., 16., 8., 0., 0., 6., 0., 37.,
       14., 70., 115., 47., 17., 77., 4., 59., 57., 4., 20., 45., 76.,
       12., 2., 64., 139., 0., 0., 2., 10., 1., 28., 139., 3., 0., 0.,
       0., 1., 2., 4., 139., 43., 1., 5., 13., 14., 0., 0., 125., 92.,
       0., 1., 51., 38., 0., 0., 31., 56., 0., 0., 63., 102., 0., 0.,
       68., 50., 0., 0., 77., 59., 0., 1., 67., 16., 1., 1., 133., 47.,
       1., 3., 48., 11., 1., 23., 133., 7., 0., 0., 4., 8., 3., 72.,
       133., 0., 0., 0., 0., 6., 14., 2., 94., 98., 6., 18., 43., 100.,
       69., 4., 73., 22., 81., 92., 43., 18., 4., 7., 67., 7., 16., 4.,
