%YAML:1.0
tag: !!opencv-matrix
   rows: 35
   cols: 128
   dt: f
   data: [ 12., 0., 0., 2., 144., 19., 0., 3., 144., 0., 0., 0., 28., 4.,
       4., 66., 61., 0., 0., 0., 0., 0., 18., 64., 0., 0., 0., 0., 0.,
       0., 4., 10., 22., 0., 0., 7., 144., 1., 0., 1., 144., 0., 0., 1.,
       36., 0., 0., 8., 116., 0., 0., 0., 0., 0., 0., 4., 1., 0., 0.,
       13., 2., 0., 0., 0., 13., 0., 0., 2., 144., 65., 17., 11., 144.,
       0., 0., 0., 19., 15., 20., 81., 89., 1., 10., 19., 0., 0., 0.,
       11., 0., 0., 19., 127., 2., 0., 0., 0., 0., 0., 43., 7., 21., 64.,
       36., 7., 27., 2., 66., 29., 1., 11., 42., 68., 13., 2., 108.,
       122., 0., 0., 0., 8., 0., 0., 59., 144., 0., 0., 6., 17., 3., 16.,
       4., 7., 49., 92., 50., 3., 126., 106., 1., 2., 24., 18., 0., 2.,
       75., 28., 0., 0., 3., 12., 0., 1., 0., 0., 0., 0., 59., 96., 0.,
       0., 6., 3., 31., 126., 71., 15., 3., 1., 126., 30., 3., 34., 33.,
       3., 0., 27., 125., 22., 0., 0., 1., 1., 0., 12., 1., 1., 0., 0.,
       59., 32., 0., 0., 7., 3., 27., 69., 5., 33., 110., 26., 109.,
       126., 6., 8., 0., 54., 45., 7., 32., 126., 22., 0., 0., 3., 1.,
       1., 0., 43., 6., 5., 49., 3., 0., 0., 22., 8., 0., 0., 0., 43.,
       81., 40., 1., 20., 2., 0., 0., 126., 55., 0., 14., 126., 15., 0.,
       0., 82., 29., 6., 30., 92., 8., 22., 26., 0., 4., 8., 1., 1., 0.,
       0., 78., 10., 0., 0., 33., 1., 0., 0., 127., 36., 2., 19., 115.,
       3., 0., 0., 7., 6., 50., 103., 7., 0., 0., 0., 12., 107., 69.,
       14., 4., 20., 1., 1., 74., 10., 0., 0., 55., 3., 0., 0., 127.,
       55., 2., 7., 127., 18., 0., 0., 13., 6., 2., 20., 31., 2., 0., 0.,
       19., 48., 2., 3., 3., 127., 21., 2., 26., 9., 0., 0., 12., 17.,
       13., 1., 89., 111., 47., 26., 112., 3., 3., 0., 3., 15., 38.,
       104., 22., 1., 7., 1., 3., 6., 0., 7., 0., 118., 42., 0., 0., 49.,
       18., 0., 1., 106., 114., 0., 1., 16., 17., 3., 4., 39., 127., 1.,
       0., 1., 11., 17., 1., 2., 127., 19., 0., 0., 0., 1., 0., 0., 58.,
       53., 0., 0., 71., 60., 0., 2., 58., 18., 2., 2., 128., 45., 4.,
       9., 53., 3., 0., 18., 128., 10., 0., 13., 50., 0., 0., 58., 111.,
       0., 0., 0., 0., 7., 22., 3., 76., 105., 13., 22., 31., 94., 101.,
       5., 52., 17., 120., 78., 26., 16., 5., 5., 47., 10., 18., 2., 0.,
       0., 0., 56., 73., 3., 0., 0., 1., 19., 59., 0., 2., 11., 56., 4.,
       2., 63., 128., 0., 0., 7., 128., 11., 2., 6., 14., 0., 0., 35.,
       27., 0., 2., 20., 3., 2., 1., 5., 0., 0., 41., 107., 23., 0., 0.,
       0., 63., 14., 13., 111., 93., 1., 2., 3., 128., 45., 6., 5., 4.,
       0., 0., 15., 10., 5., 7., 90., 23., 0., 0., 1., 1., 0., 0., 54.,
       95., 0., 0., 0., 76., 2., 2., 55., 76., 0., 0., 60., 55., 30.,
       60., 12., 3., 0., 0., 68., 1., 38., 44., 1., 10., 15., 1., 5., 7.,
       0., 0., 30., 120., 3., 0., 1., 120., 3., 2., 18., 78., 13., 6.,
       41., 27., 23., 63., 25., 27., 110., 44., 12., 0., 85., 120., 4.,
       4., 52., 24., 0., 6., 1., 0., 1., 120., 39., 0., 0., 120., 52.,
       0., 0., 74., 23., 4., 8., 64., 28., 0., 0., 2., 84., 56., 6., 1.,
       3., 9., 2., 66., 120., 37., 1., 0., 0., 0., 0., 87., 53., 0., 0.,
       61., 84., 1., 0., 84., 62., 0., 0., 55., 120., 1., 0., 3., 4., 1.,
       0., 1., 13., 1., 0., 68., 60., 1., 0., 7., 11., 14., 5., 5., 16.,
       101., 53., 48., 5., 6., 15., 37., 89., 53., 6., 124., 23., 0., 1.,
       4., 6., 2., 3., 21., 3., 0., 10., 54., 1., 0., 0., 20., 49., 96.,
       24., 6., 8., 25., 22., 33., 5., 40., 104., 88., 31., 17., 9.,
       124., 26., 2., 12., 12., 2., 3., 21., 30., 5., 1., 81., 60., 0.,
       0., 1., 0., 15., 49., 7., 0., 18., 124., 8., 9., 1., 25., 35., 4.,
       4., 124., 52., 79., 3., 19., 71., 2., 0., 42., 92., 13., 2., 7.,
       124., 27., 0., 0., 30., 0., 18., 111., 4., 0., 4., 46., 3., 0.,
       0., 123., 55., 0., 0., 50., 9., 0., 0., 66., 111., 0., 0., 28.,
       42., 2., 0., 6., 43., 1., 0., 19., 124., 9., 1., 8., 8., 16., 64.,
       32., 12., 0., 14., 48., 13., 33., 108., 69., 0., 6., 50., 102.,
       6., 30., 34., 22., 37., 3., 57., 98., 0., 3., 24., 29., 14., 6.,
       3., 105., 61., 3., 8., 10., 2., 7., 2., 93., 109., 44., 35., 25.,
       2., 109., 19., 8., 46., 36., 19., 24., 83., 29., 8., 8., 32., 77.,
       56., 37., 34., 9., 13., 36., 35., 10., 18., 109., 24., 6., 1.,
       27., 28., 2., 104., 109., 19., 78., 65., 36., 15., 2., 109., 52.,
       7., 23., 19., 46., 79., 28., 3., 31., 52., 12., 109., 19., 0., 0.,
       9., 23., 8., 0., 35., 39., 0., 0., 43., 27., 4., 0., 4., 31., 5.,
       0., 93., 87., 2., 1., 1., 25., 37., 0., 7., 86., 46., 5., 0., 4.,
       8., 0., 0., 20., 115., 0., 0., 5., 61., 47., 3., 34., 31., 68.,
       15., 13., 78., 50., 4., 14., 27., 52., 6., 2., 1., 1., 43., 28.,
       23., 12., 0., 49., 105., 6., 0., 2., 32., 10., 3., 103., 115.,
       27., 10., 13., 4., 115., 27., 13., 61., 24., 3., 2., 61., 45., 8.,
       32., 72., 1., 2., 0., 25., 36., 7., 11., 98., 76., 5., 9., 32.,
       36., 15., 21., 31., 11., 106., 100., 47., 71., 84., 53., 18., 35.,
       83., 18., 8., 14., 25., 76., 100., 1., 0., 0., 75., 31., 36., 1.,
       2., 53., 87., 0., 4., 27., 91., 54., 31., 20., 42., 7., 9., 2.,
       5., 25., 51., 76., 34., 10., 87., 5., 3., 8., 3., 2., 1., 6.,
       115., 31., 6., 47., 30., 16., 4., 29., 57., 4., 20., 44., 18.,
       22., 52., 93., 23., 88., 105., 11., 5., 20., 32., 6., 3., 36.,
       16., 0., 0., 34., 85., 2., 2., 54., 74., 51., 7., 55., 19., 7.,
       25., 15., 22., 111., 111., 29., 23., 31., 13., 111., 25., 11.,
       44., 25., 11., 4., 40., 64., 9., 0., 1., 51., 19., 0., 14., 41.,
       16., 17., 3., 96., 52., 12., 53., 45., 9., 24., 15., 4., 95.,
       111., 65., 100., 107., 2., 3., 6., 111., 25., 8., 38., 98., 4.,
       19., 40., 3., 1., 2., 62., 10., 1., 0., 75., 56., 6., 14., 108.,
       17., 1., 0., 4., 41., 10., 21., 11., 15., 2., 7., 14., 111., 22.,
       5., 28., 34., 5., 61., 19., 16., 17., 15., 14., 33., 38., 40.,
       17., 24., 33., 14., 119., 20., 4., 17., 11., 12., 4., 5., 45., 4.,
       0., 8., 119., 29., 0., 1., 119., 20., 0., 2., 45., 6., 0., 6.,
       18., 19., 38., 44., 32., 39., 50., 23., 119., 12., 4., 29., 23.,
       16., 9., 24., 57., 5., 2., 105., 119., 0., 0., 15., 119., 0., 0.,
       14., 33., 0., 0., 67., 2., 10., 58., 25., 3., 10., 119., 12., 55.,
       4., 42., 95., 3., 2., 49., 64., 31., 2., 10., 119., 23., 0., 6.,
       119., 55., 0., 0., 3., 2., 0., 0., 109., 0., 6., 71., 12., 0., 5.,
       90., 10., 0., 0., 36., 37., 0., 0., 88., 89., 2., 0., 2., 8., 0.,
       0., 32., 119., 3., 0., 0., 0., 0., 0., 1., 26., 0., 0., 0., 41.,
       39., 0., 0., 0., 25., 0., 1., 116., 63., 0., 0., 52., 19., 1.,
       17., 97., 7., 0., 12., 98., 4., 8., 53., 58., 3., 7., 36., 30.,
       3., 0., 0., 34., 116., 1., 0., 0., 116., 2., 0., 35., 103., 15.,
       2., 53., 54., 11., 10., 64., 78., 99., 4., 29., 46., 31., 46.,
       49., 20., 20., 23., 42., 3., 0., 0., 2., 116., 31., 0., 0., 116.,
       55., 0., 1., 90., 36., 2., 6., 48., 34., 3., 1., 35., 116., 3.,
       4., 31., 19., 40., 16., 26., 116., 8., 18., 0., 0., 0., 0., 44.,
       42., 0., 0., 34., 70., 0., 0., 63., 112., 0., 0., 24., 116., 15.,
       0., 5., 43., 1., 0., 9., 21., 18., 2., 14., 116., 7., 2., 42.,
       111., 8., 5., 16., 6., 2., 4., 12., 32., 13., 74., 91., 3., 3.,
       1., 108., 38., 13., 30., 25., 23., 9., 5., 24., 14., 0., 0., 35.,
       118., 7., 4., 15., 104., 33., 23., 72., 13., 13., 8., 22., 64.,
       82., 114., 44., 13., 15., 5., 128., 24., 7., 31., 16., 4., 1., 5.,
       60., 1., 0., 1., 98., 46., 1., 2., 30., 23., 10., 20., 44., 9.,
       65., 71., 23., 11., 22., 35., 41., 106., 87., 26., 128., 5., 2.,
       8., 14., 23., 6., 20., 61., 2., 0., 34., 103., 2., 0., 1., 19.,
       44., 31., 4., 12., 42., 34., 7., 12., 12., 50., 68., 26., 15.,
       58., 15., 128., 6., 6., 28., 9., 3., 15., 47., 29., 3., 5., 108.,
       44., 0., 0., 9., 0., 0., 2., 36., 44., 9., 55., 50., 74., 18.,
