%YAML:1.0
tag: !!opencv-matrix
   rows: 15
   cols: 128
   dt: f
   data: [ 24., 5., 0., 0., 0., 0., 0., 1., 104., 2., 0., 0., 0., 1., 1.,
       17., 187., 0., 0., 0., 0., 0., 0., 59., 64., 1., 1., 1., 1., 0.,
       0., 10., 22., 2., 0., 0., 0., 0., 0., 13., 165., 5., 0., 0., 0.,
       0., 2., 11., 187., 10., 0., 0., 0., 0., 0., 25., 63., 1., 2., 3.,
       4., 1., 0., 8., 15., 28., 5., 0., 0., 0., 0., 5., 131., 29., 16.,
       2., 0., 0., 2., 6., 187., 51., 0., 0., 0., 0., 0., 3., 66., 10.,
       1., 2., 5., 1., 1., 2., 4., 17., 8., 0., 0., 0., 17., 30., 59.,
       11., 10., 1., 0., 0., 38., 130., 187., 14., 0., 0., 0., 0., 6.,
       128., 53., 4., 0., 0., 1., 1., 1., 7., 20., 0., 0., 0., 0., 0.,
       0., 19., 100., 6., 1., 0., 0., 0., 0., 11., 203., 1., 0., 0., 0.,
       0., 0., 55., 70., 1., 0., 2., 5., 0., 0., 11., 24., 7., 0., 0.,
       1., 0., 0., 5., 148., 7., 0., 2., 4., 1., 0., 3., 203., 12., 0.,
       0., 0., 0., 0., 11., 77., 5., 2., 3., 4., 0., 0., 2., 23., 20.,
       0., 0., 0., 0., 0., 0., 134., 15., 0., 1., 2., 2., 2., 4., 203.,
       50., 0., 0., 0., 0., 0., 2., 77., 10., 1., 3., 1., 1., 0., 0.,
       24., 5., 0., 0., 0., 0., 0., 3., 71., 19., 0., 0., 0., 0., 1., 4.,
       203., 94., 0., 0., 0., 0., 0., 0., 80., 19., 1., 2., 4., 1., 0.,
       1., 23., 7., 0., 0., 0., 0., 0., 3., 72., 2., 0., 2., 4., 1., 0.,
       13., 205., 0., 0., 0., 0., 0., 0., 80., 85., 1., 1., 2., 2., 0.,
       0., 17., 32., 11., 0., 0., 0., 0., 0., 1., 138., 4., 1., 1., 1.,
       2., 1., 16., 205., 1., 0., 0., 0., 0., 0., 53., 78., 1., 2., 2.,
       1., 1., 0., 7., 29., 4., 0., 0., 0., 0., 0., 11., 148., 10., 1.,
       0., 0., 0., 2., 8., 205., 30., 0., 0., 0., 0., 0., 9., 69., 3.,
       2., 4., 5., 1., 1., 5., 14., 28., 3., 0., 0., 0., 0., 3., 72.,
       29., 17., 2., 0., 0., 2., 9., 205., 69., 1., 0., 0., 0., 0., 9.,
       65., 14., 1., 1., 3., 1., 1., 1., 83., 106., 0., 0., 0., 1., 1.,
       0., 183., 181., 0., 0., 0., 0., 0., 0., 33., 18., 0., 0., 0., 0.,
       0., 1., 2., 1., 0., 0., 0., 0., 0., 2., 84., 22., 0., 0., 1., 1.,
       0., 2., 183., 98., 0., 0., 0., 0., 0., 2., 107., 22., 0., 0., 0.,
       0., 0., 2., 2., 2., 0., 0., 0., 0., 0., 1., 83., 1., 0., 0., 0.,
       0., 0., 14., 183., 3., 0., 0., 0., 0., 0., 49., 127., 1., 0., 0.,
       0., 0., 1., 17., 1., 0., 0., 0., 0., 0., 3., 2., 85., 1., 0., 0.,
       0., 0., 0., 27., 183., 0., 0., 0., 0., 0., 0., 90., 68., 0., 0.,
       0., 0., 1., 1., 17., 0., 0., 0., 0., 0., 1., 3., 1., 84., 113.,
       0., 0., 0., 0., 0., 0., 165., 165., 0., 0., 0., 0., 0., 0., 23.,
       14., 0., 0., 0., 0., 1., 1., 0., 0., 0., 0., 0., 1., 1., 1., 74.,
       40., 7., 4., 1., 0., 0., 0., 165., 124., 0., 0., 0., 0., 0., 3.,
       95., 13., 0., 0., 0., 0., 2., 7., 0., 0., 0., 0., 0., 0., 1., 2.,
       89., 9., 14., 2., 0., 0., 0., 15., 165., 11., 0., 0., 0., 0., 0.,
       91., 100., 1., 0., 0., 0., 0., 2., 22., 0., 0., 0., 0., 0., 0.,
       1., 0., 103., 1., 3., 2., 0., 0., 0., 88., 165., 0., 0., 0., 0.,
       0., 0., 165., 28., 0., 0., 0., 0., 1., 1., 18., 0., 0., 0., 0.,
       0., 0., 0., 0., 1., 0., 0., 0., 0., 2., 53., 7., 177., 30., 0.,
       0., 0., 0., 20., 32., 177., 83., 0., 0., 0., 0., 0., 3., 30., 6.,
       0., 0., 0., 0., 0., 1., 0., 0., 0., 0., 0., 0., 86., 17., 135.,
       5., 0., 0., 0., 0., 52., 63., 177., 51., 0., 0., 0., 0., 1., 16.,
       70., 8., 0., 0., 0., 1., 2., 3., 0., 0., 0., 0., 0., 0., 113.,
       22., 54., 0., 0., 0., 0., 0., 100., 63., 177., 10., 0., 0., 0.,
       0., 5., 52., 95., 5., 0., 0., 0., 1., 0., 1., 0., 0., 0., 0., 0.,
       0., 31., 13., 32., 0., 0., 0., 0., 0., 27., 26., 177., 1., 0., 0.,
       0., 0., 1., 22., 76., 4., 0., 0., 0., 0., 0., 0., 48., 5., 0., 0.,
       0., 0., 0., 3., 119., 6., 0., 0., 0., 0., 0., 4., 150., 9., 0.,
       0., 0., 0., 0., 14., 37., 2., 1., 2., 0., 0., 0., 1., 42., 27.,
       0., 0., 0., 0., 0., 3., 114., 30., 0., 0., 0., 0., 3., 31., 150.,
       40., 0., 0., 0., 0., 1., 38., 50., 6., 0., 0., 1., 1., 0., 2.,
       22., 13., 0., 0., 0., 0., 79., 137., 25., 5., 0., 0., 0., 0.,
       139., 150., 118., 2., 0., 0., 0., 0., 37., 150., 24., 1., 0., 0.,
       0., 0., 0., 12., 0., 0., 0., 0., 0., 0., 150., 150., 0., 0., 0.,
       0., 0., 0., 92., 119., 1., 0., 0., 0., 0., 0., 17., 38., 0., 0.,
       0., 0., 0., 0., 0., 1., 1., 157., 31., 0., 0., 0., 0., 0., 0.,
       157., 59., 0., 0., 0., 0., 0., 0., 41., 18., 0., 0., 1., 1., 0.,
       0., 2., 0., 0., 0., 0., 0., 0., 0., 111., 30., 0., 0., 0., 0., 0.,
       14., 157., 121., 0., 0., 0., 0., 0., 106., 157., 45., 0., 0., 0.,
       0., 1., 20., 18., 0., 0., 0., 0., 0., 0., 0., 36., 30., 0., 0.,
       0., 0., 0., 103., 54., 40., 0., 0., 0., 0., 11., 157., 52., 2.,
       0., 0., 0., 0., 60., 50., 3., 0., 0., 0., 0., 0., 7., 1., 39.,
       36., 0., 0., 0., 0., 0., 157., 24., 21., 0., 0., 0., 0., 39.,
       157., 1., 0., 0., 0., 0., 0., 94., 20., 0., 0., 0., 0., 0., 0.,
       5., 28., 0., 0., 0., 0., 0., 8., 81., 155., 73., 0., 0., 0., 0.,
       1., 37., 155., 124., 0., 0., 0., 0., 0., 0., 6., 3., 0., 0., 0.,
       0., 0., 0., 26., 0., 0., 0., 0., 0., 42., 101., 155., 16., 0., 0.,
       0., 0., 48., 70., 155., 76., 0., 0., 0., 0., 2., 17., 31., 6., 0.,
       0., 0., 0., 0., 0., 24., 4., 0., 0., 0., 0., 53., 94., 65., 6.,
       0., 0., 0., 1., 93., 71., 155., 7., 0., 0., 0., 0., 7., 100., 45.,
       1., 0., 0., 0., 0., 0., 7., 34., 6., 0., 0., 0., 0., 0., 19., 85.,
       9., 0., 0., 0., 0., 1., 60., 155., 1., 0., 0., 0., 0., 0., 82.,
       24., 1., 0., 0., 0., 0., 0., 6., 0., 86., 152., 11., 0., 0., 0.,
       0., 1., 152., 108., 0., 0., 0., 0., 0., 4., 71., 8., 0., 0., 0.,
       1., 0., 0., 0., 0., 0., 0., 0., 0., 0., 0., 32., 70., 33., 1., 0.,
       0., 0., 53., 152., 63., 0., 0., 0., 0., 1., 152., 152., 5., 0.,
       0., 0., 0., 4., 4., 1., 0., 0., 0., 0., 0., 0., 0., 5., 13., 6.,
       12., 6., 0., 0., 152., 38., 13., 1., 1., 0., 0., 26., 152., 23.,
       0., 0., 0., 0., 0., 86., 10., 0., 0., 0., 0., 0., 0., 6., 1., 1.,
       0., 7., 27., 3., 0., 0., 152., 24., 1., 3., 4., 0., 0., 15., 152.,
       40., 0., 0., 0., 0., 0., 41., 9., 2., 0., 0., 0., 0., 0., 3., 63.,
       25., 0., 0., 0., 0., 0., 9., 81., 74., 0., 0., 0., 0., 0., 1.,
       125., 33., 5., 0., 0., 0., 0., 42., 77., 26., 26., 1., 0., 0., 0.,
       25., 24., 47., 1., 0., 0., 0., 3., 24., 97., 84., 0., 0., 0., 0.,
       2., 28., 125., 52., 22., 21., 16., 8., 1., 26., 17., 111., 115.,
       28., 22., 14., 1., 3., 3., 0., 0., 0., 0., 20., 103., 67., 42.,
       2., 0., 0., 0., 1., 37., 125., 125., 4., 0., 3., 16., 43., 9.,
       125., 16., 29., 7., 5., 26., 125., 34., 11., 0., 0., 0., 0., 0.,
       101., 125., 14., 6., 0., 0., 0., 0., 16., 77., 125., 41., 2., 3.,
       0., 0., 7., 4., 104., 3., 1., 5., 1., 1., 50., 26., 4., 2., 0.,
       0., 0., 12., 88., 108., 16., 28., 2., 0., 0., 0., 5., 75., 136.,
       23., 3., 0., 0., 0., 0., 85., 136., 20., 0., 0., 0., 0., 0., 44.,
       136., 0., 0., 0., 1., 10., 58., 136., 21., 25., 31., 15., 38.,
       64., 16., 130., 115., 136., 90., 11., 9., 3., 0., 31., 92., 42.,
       18., 0., 0., 0., 0., 19., 59., 4., 8., 0., 3., 43., 11., 33., 6.,
       33., 5., 2., 25., 136., 61., 30., 45., 136., 23., 2., 4., 6., 5.,
       10., 100., 42., 26., 0., 0., 0., 0., 0., 1., 4., 11., 0., 0., 8.,
       7., 0., 0., 4., 1., 0., 0., 16., 47., 23., 19., 27., 1., 0., 0.,
       0., 2., 8., 33., 3., 1., 0., 0., 0., 0., 0., 0., 0., 2., 82., 20.,
       0., 0., 0., 0., 0., 16., 127., 33., 0., 0., 0., 0., 6., 7., 47.,
       51., 0., 0., 0., 2., 4., 1., 1., 1., 0., 0., 0., 3., 0., 19.,
       127., 127., 15., 0., 0., 0., 11., 104., 127., 12., 0., 0., 0., 1.,
       92., 110., 65., 12., 0., 0., 0., 8., 20., 8., 0., 0., 0., 0., 0.,
       6., 2., 80., 95., 91., 120., 30., 5., 1., 127., 127., 62., 0., 0.,
       1., 1., 17., 127., 42., 3., 0., 0., 0., 0., 52., 6., 4., 0., 0.,
       0., 0., 0., 1., 4., 13., 2., 3., 42., 118., 49., 8., 127., 41.,
