%YAML:1.0
tag: !!opencv-matrix
   rows: 2
   cols: 128
   dt: f
   data: [ 0., 0., 0., 0., 0., 0., 0., 0., 0., 0., 0., 0., 0., 0., 10.,
       8., 0., 0., 0., 0., 0., 0., 86., 51., 0., 0., 0., 0., 0., 0.,
       148., 64., 12., 1., 0., 0., 0., 0., 0., 1., 111., 3., 0., 0., 0.,
       0., 45., 154., 23., 0., 0., 0., 0., 0., 155., 155., 0., 0., 0.,
       0., 0., 0., 155., 102., 36., 6., 0., 0., 0., 0., 0., 0., 155.,
       42., 0., 0., 0., 0., 2., 38., 155., 14., 0., 0., 0., 0., 20., 48.,
       1., 0., 0., 0., 0., 0., 11., 7., 26., 1., 0., 0., 0., 0., 0., 2.,
       155., 10., 0., 0., 0., 0., 0., 19., 155., 5., 0., 0., 0., 0., 0.,
       8., 1., 0., 0., 0., 0., 0., 0., 0., 0., 0., 0., 0., 0., 0., 0.,
       0., 26., 0., 0., 0., 0., 0., 30., 105., 15., 0., 0., 0., 0., 35.,
       155., 155., 0., 0., 0., 0., 5., 99., 155., 35., 10., 3., 0., 0.,
       0., 0., 0., 0., 155., 20., 0., 0., 0., 0., 2., 100., 149., 6., 0.,
       0., 1., 13., 42., 123., 0., 0., 0., 36., 58., 74., 66., 1., 19.,
       3., 0., 0., 0., 0., 0., 1., 155., 37., 1., 0., 0., 0., 0., 20.,
       129., 71., 32., 3., 1., 0., 0., 5., 0., 10., 26., 65., 119., 10.,
       0., 0., 0., 0., 0., 0., 0., 0., 0., 0., 11., 2., 0., 0., 0., 0.,
       0., 2., 6., 18., 18., 5., 0., 0., 0., 1., 0., 6., 42., 72., 10.,
       2., 0., 0. ]
