%YAML:1.0
tag: !!opencv-matrix
   rows: 20
   cols: 128
   dt: f
   data: [ 48., 25., 10., 75., 6., 0., 0., 0., 195., 96., 3., 2., 0., 0.,
       0., 1., 85., 21., 0., 0., 0., 0., 0., 9., 1., 1., 0., 0., 0., 0.,
       0., 3., 58., 11., 2., 21., 3., 1., 2., 5., 195., 57., 0., 0., 0.,
       0., 0., 8., 154., 33., 0., 0., 0., 0., 0., 3., 3., 11., 0., 0.,
       0., 0., 0., 0., 51., 10., 3., 1., 1., 0., 2., 9., 195., 20., 0.,
       0., 0., 0., 0., 25., 170., 8., 0., 0., 0., 0., 0., 9., 6., 9., 0.,
       0., 0., 0., 1., 3., 52., 1., 1., 2., 0., 0., 2., 15., 195., 0.,
       0., 0., 0., 0., 0., 56., 111., 0., 0., 0., 0., 0., 0., 19., 6.,
       0., 0., 0., 0., 0., 1., 5., 0., 0., 0., 0., 0., 0., 3., 30., 176.,
       3., 0., 0., 0., 0., 2., 63., 188., 20., 0., 0., 0., 0., 0., 7.,
       31., 2., 0., 2., 4., 0., 0., 1., 1., 0., 0., 0., 0., 0., 12., 77.,
       160., 9., 0., 0., 0., 0., 3., 53., 188., 39., 0., 0., 0., 0., 0.,
       3., 45., 12., 1., 0., 2., 1., 0., 0., 1., 1., 0., 0., 0., 1., 8.,
       26., 151., 4., 0., 0., 0., 0., 0., 9., 188., 7., 0., 0., 0., 0.,
       0., 8., 56., 7., 0., 0., 0., 0., 0., 1., 0., 0., 0., 1., 1., 1.,
       2., 1., 125., 1., 0., 1., 1., 1., 0., 12., 188., 1., 0., 0., 0.,
       0., 0., 31., 39., 1., 0., 0., 0., 0., 1., 7., 1., 2., 3., 21., 3.,
       2., 0., 0., 147., 55., 1., 0., 0., 0., 0., 1., 177., 89., 0., 0.,
       0., 0., 0., 0., 21., 5., 0., 0., 0., 0., 0., 1., 2., 1., 0., 1.,
       2., 4., 1., 1., 164., 19., 0., 0., 0., 1., 1., 4., 177., 43., 0.,
       0., 0., 0., 0., 5., 46., 8., 1., 0., 0., 0., 0., 0., 1., 1., 1.,
       2., 1., 2., 1., 2., 162., 4., 1., 0., 0., 1., 2., 28., 177., 6.,
       0., 0., 0., 0., 0., 61., 40., 9., 2., 0., 0., 0., 0., 5., 1., 1.,
       1., 2., 2., 1., 1., 1., 156., 2., 0., 0., 0., 0., 1., 70., 177.,
       0., 0., 0., 0., 0., 0., 101., 16., 0., 2., 5., 0., 0., 0., 7.,
       47., 36., 17., 68., 3., 0., 0., 0., 190., 104., 3., 1., 0., 0.,
       0., 0., 87., 18., 0., 0., 0., 0., 0., 5., 2., 1., 0., 0., 0., 0.,
       0., 3., 79., 12., 2., 30., 3., 0., 0., 1., 190., 53., 0., 0., 0.,
       0., 0., 1., 154., 29., 0., 0., 0., 0., 0., 0., 3., 9., 0., 0., 0.,
       0., 0., 0., 78., 6., 1., 3., 1., 0., 0., 9., 190., 10., 0., 0.,
       0., 0., 0., 22., 170., 5., 0., 0., 0., 0., 0., 8., 7., 7., 0., 0.,
       0., 0., 0., 3., 72., 1., 0., 0., 0., 0., 0., 15., 190., 0., 0.,
       0., 0., 0., 0., 56., 106., 0., 0., 0., 0., 0., 0., 22., 4., 0.,
       0., 0., 0., 0., 0., 7., 74., 27., 1., 0., 0., 0., 0., 1., 157.,
       99., 0., 0., 0., 0., 0., 0., 75., 25., 1., 0., 0., 0., 0., 0., 3.,
       4., 2., 0., 0., 0., 0., 1., 61., 13., 1., 0., 0., 10., 13., 5.,
       157., 60., 0., 0., 0., 0., 1., 7., 157., 19., 0., 0., 0., 0., 0.,
       2., 5., 2., 0., 0., 0., 0., 1., 3., 16., 0., 0., 0., 0., 57.,
       157., 28., 157., 4., 0., 0., 0., 2., 89., 155., 141., 4., 0., 0.,
       0., 0., 1., 36., 4., 0., 0., 0., 0., 0., 1., 8., 0., 0., 0., 0.,
       0., 28., 157., 6., 12., 0., 0., 0., 0., 2., 120., 92., 15., 0.,
       0., 0., 0., 0., 4., 45., 1., 0., 0., 0., 0., 0., 0., 5., 1., 0.,
       0., 0., 0., 0., 2., 26., 172., 2., 0., 0., 0., 0., 1., 56., 186.,
       17., 0., 0., 0., 0., 0., 7., 44., 4., 0., 2., 2., 0., 0., 0., 1.,
       0., 0., 0., 0., 0., 11., 76., 160., 4., 0., 0., 0., 0., 2., 61.,
       186., 33., 0., 0., 0., 0., 0., 3., 63., 13., 0., 0., 1., 1., 0.,
       0., 1., 0., 0., 0., 0., 0., 9., 36., 149., 1., 0., 0., 0., 0., 1.,
       11., 186., 6., 0., 0., 0., 0., 0., 7., 78., 6., 0., 0., 0., 0.,
       0., 1., 0., 0., 0., 0., 0., 0., 2., 2., 118., 0., 0., 0., 0., 0.,
       0., 14., 186., 0., 0., 0., 0., 0., 0., 35., 53., 0., 0., 0., 0.,
       0., 0., 8., 65., 51., 0., 0., 0., 0., 0., 0., 191., 156., 0., 0.,
       0., 0., 0., 0., 55., 23., 0., 0., 0., 0., 0., 0., 0., 0., 0., 0.,
       0., 0., 0., 0., 58., 13., 1., 0., 0., 1., 0., 0., 191., 63., 0.,
       0., 0., 0., 0., 2., 144., 19., 0., 0., 0., 0., 0., 5., 3., 0., 0.,
       0., 0., 0., 0., 3., 60., 2., 1., 2., 1., 2., 1., 6., 191., 3., 0.,
       0., 0., 0., 0., 44., 158., 0., 0., 0., 0., 0., 0., 22., 1., 0.,
       0., 0., 0., 0., 2., 9., 65., 6., 1., 0., 0., 0., 0., 19., 191.,
       0., 0., 0., 0., 0., 0., 93., 90., 3., 0., 0., 0., 0., 0., 19., 2.,
       2., 0., 0., 0., 0., 0., 1., 23., 33., 14., 17., 0., 0., 0., 0.,
       174., 137., 7., 2., 0., 0., 0., 0., 59., 27., 0., 0., 0., 0., 0.,
       1., 6., 2., 0., 0., 0., 0., 0., 2., 27., 27., 42., 112., 0., 0.,
       0., 0., 174., 104., 17., 8., 0., 0., 0., 3., 153., 12., 0., 0.,
       0., 0., 0., 12., 3., 0., 0., 0., 0., 0., 0., 5., 74., 6., 12.,
       62., 0., 0., 0., 9., 174., 7., 2., 1., 0., 0., 0., 56., 157., 7.,
       0., 0., 0., 0., 0., 12., 2., 3., 0., 0., 0., 0., 0., 0., 87., 0.,
       1., 3., 1., 0., 0., 36., 174., 0., 0., 0., 0., 0., 0., 115., 72.,
       2., 0., 0., 0., 0., 0., 23., 4., 2., 0., 0., 0., 0., 0., 2., 2.,
       7., 0., 0., 0., 0., 1., 1., 72., 2., 0., 0., 0., 0., 1., 20.,
       186., 0., 0., 0., 0., 0., 0., 110., 74., 1., 0., 0., 0., 0., 0.,
       31., 3., 24., 0., 0., 0., 0., 0., 0., 151., 11., 1., 0., 0., 0.,
       0., 9., 186., 5., 0., 0., 0., 0., 0., 41., 74., 2., 0., 0., 0.,
       0., 0., 7., 4., 17., 1., 0., 1., 1., 0., 0., 149., 36., 0., 0.,
       0., 0., 0., 0., 186., 56., 0., 0., 0., 0., 0., 1., 79., 7., 0.,
       0., 0., 0., 1., 3., 2., 2., 0., 0., 1., 1., 53., 19., 59., 17.,
       0., 0., 0., 0., 80., 70., 186., 42., 0., 0., 0., 0., 20., 97.,
       73., 8., 0., 0., 0., 0., 1., 13., 1., 0., 0., 0., 0., 0., 52.,
       44., 168., 29., 0., 0., 0., 0., 39., 95., 168., 67., 0., 0., 0.,
       0., 0., 16., 22., 6., 0., 0., 0., 0., 0., 0., 0., 0., 0., 0., 0.,
       0., 88., 63., 121., 5., 0., 0., 0., 0., 38., 60., 168., 34., 0.,
       0., 0., 0., 0., 11., 49., 9., 0., 0., 0., 0., 0., 0., 0., 0., 8.,
       4., 0., 0., 5., 3., 116., 12., 14., 4., 0., 0., 1., 8., 168., 9.,
       0., 0., 0., 0., 0., 28., 55., 6., 0., 0., 0., 0., 0., 2., 0., 1.,
       85., 52., 0., 0., 0., 0., 140., 44., 83., 25., 0., 0., 0., 30.,
       168., 15., 1., 0., 0., 0., 0., 71., 28., 1., 0., 0., 0., 0., 0.,
       9., 0., 1., 18., 0., 0., 0., 4., 0., 6., 4., 16., 0., 0., 1., 6.,
       3., 89., 3., 1., 0., 0., 0., 5., 124., 49., 0., 0., 0., 0., 0.,
       5., 132., 0., 8., 151., 0., 0., 0., 0., 0., 40., 46., 146., 0.,
       0., 0., 0., 1., 164., 45., 14., 0., 0., 0., 0., 62., 70., 0., 0.,
       0., 0., 0., 0., 34., 0., 2., 33., 0., 0., 0., 0., 0., 106., 22.,
       30., 0., 0., 0., 0., 1., 164., 38., 2., 0., 0., 0., 0., 10., 71.,
       5., 0., 0., 0., 0., 0., 4., 0., 5., 99., 0., 0., 0., 0., 0., 40.,
       46., 99., 0., 0., 0., 0., 0., 164., 164., 16., 0., 0., 0., 0., 0.,
       64., 50., 0., 0., 0., 0., 0., 0., 4., 1., 0., 0., 0., 0., 105.,
       30., 161., 53., 0., 0., 0., 0., 40., 71., 161., 78., 0., 0., 0.,
       0., 0., 5., 9., 3., 0., 0., 0., 0., 0., 0., 0., 0., 0., 0., 0.,
       0., 87., 21., 161., 11., 0., 0., 0., 0., 37., 58., 161., 50., 0.,
       0., 0., 0., 0., 12., 27., 4., 0., 0., 0., 0., 0., 0., 0., 0., 0.,
       0., 0., 0., 116., 24., 83., 1., 0., 0., 0., 0., 83., 107., 161.,
       6., 0., 0., 0., 0., 2., 86., 37., 1., 0., 0., 0., 0., 0., 3., 0.,
       1., 23., 3., 0., 0., 32., 7., 82., 10., 11., 0., 0., 0., 16., 41.,
       161., 0., 0., 0., 0., 0., 0., 68., 20., 0., 0., 0., 0., 0., 0.,
       4., 0., 8., 34., 0., 0., 4., 16., 0., 4., 11., 22., 0., 0., 7.,
       35., 3., 35., 4., 1., 0., 0., 4., 57., 109., 12., 0., 0., 0., 0.,
       0., 64., 151., 0., 26., 105., 0., 0., 0., 0., 0., 50., 69., 90.,
       0., 0., 0., 0., 2., 151., 32., 5., 0., 0., 0., 0., 89., 56., 0.,
       0., 0., 0., 0., 1., 70., 0., 20., 81., 0., 0., 0., 0., 0., 112.,
       71., 46., 0., 0., 0., 0., 2., 151., 63., 1., 0., 0., 0., 0., 23.,
       64., 6., 0., 0., 0., 0., 0., 8., 0., 25., 104., 0., 0., 0., 0.,
       0., 35., 129., 88., 0., 0., 0., 0., 0., 151., 151., 4., 0., 0.,
