%YAML:1.0
tag: !!opencv-matrix
   rows: 24
   cols: 128
   dt: f
   data: [ 4., 17., 1., 0., 0., 0., 0., 0., 78., 12., 1., 0., 0., 0., 0.,
       10., 190., 1., 0., 0., 0., 0., 0., 82., 87., 0., 0., 0., 0., 0.,
       0., 29., 4., 20., 5., 0., 0., 0., 0., 0., 150., 22., 3., 0., 0.,
       0., 0., 5., 190., 3., 0., 0., 0., 0., 0., 42., 88., 0., 0., 0.,
       0., 0., 0., 16., 2., 20., 6., 0., 0., 0., 0., 0., 168., 34., 1.,
       0., 0., 0., 0., 0., 190., 17., 0., 0., 0., 0., 0., 4., 89., 1.,
       0., 0., 0., 0., 1., 8., 1., 9., 8., 1., 0., 0., 0., 0., 101., 44.,
       5., 0., 0., 0., 0., 0., 190., 75., 0., 0., 0., 0., 0., 0., 77.,
       14., 0., 0., 0., 0., 0., 1., 0., 1., 7., 7., 0., 0., 0., 0., 123.,
       59., 3., 2., 0., 0., 0., 0., 176., 79., 0., 0., 0., 0., 0., 1.,
       33., 4., 0., 0., 0., 1., 3., 6., 0., 4., 27., 5., 0., 0., 0., 0.,
       141., 35., 15., 2., 0., 0., 0., 1., 176., 55., 0., 0., 0., 0., 0.,
       4., 64., 14., 0., 0., 0., 1., 1., 2., 0., 4., 30., 12., 0., 0.,
       0., 0., 176., 21., 18., 2., 0., 0., 0., 19., 176., 6., 0., 0., 0.,
       0., 0., 51., 70., 5., 0., 0., 0., 0., 0., 3., 5., 3., 29., 10.,
       0., 0., 0., 0., 176., 8., 8., 2., 0., 0., 0., 52., 176., 0., 0.,
       0., 0., 0., 0., 72., 37., 2., 1., 2., 0., 0., 0., 4., 2., 0., 0.,
       0., 0., 3., 28., 7., 178., 41., 0., 0., 0., 0., 10., 23., 178.,
       84., 0., 0., 0., 0., 0., 1., 17., 5., 1., 0., 0., 1., 0., 0., 0.,
       0., 0., 0., 0., 0., 61., 18., 172., 13., 0., 0., 0., 0., 29., 46.,
       178., 58., 0., 0., 0., 0., 0., 9., 46., 5., 0., 0., 0., 0., 3.,
       3., 0., 0., 0., 0., 0., 1., 129., 6., 83., 1., 0., 0., 0., 1.,
       98., 59., 178., 14., 0., 0., 0., 0., 3., 45., 61., 7., 0., 0., 0.,
       0., 1., 1., 0., 0., 0., 0., 0., 1., 30., 3., 50., 0., 0., 0., 0.,
       0., 24., 22., 178., 6., 0., 0., 0., 0., 1., 14., 53., 4., 0., 0.,
       0., 0., 0., 1., 5., 0., 0., 0., 0., 0., 3., 78., 25., 0., 0., 0.,
       0., 0., 20., 150., 159., 0., 0., 0., 0., 0., 3., 159., 95., 0.,
       0., 0., 0., 0., 0., 41., 22., 0., 0., 0., 0., 0., 1., 114., 110.,
       0., 0., 0., 0., 0., 1., 87., 159., 0., 0., 0., 0., 0., 0., 63.,
       91., 1., 0., 0., 0., 0., 0., 14., 53., 9., 0., 0., 0., 0., 0.,
       24., 125., 18., 0., 0., 0., 0., 0., 9., 159., 41., 0., 0., 0., 0.,
       0., 4., 82., 17., 2., 0., 0., 0., 0., 1., 32., 17., 0., 0., 0.,
       0., 0., 0., 69., 37., 0., 0., 0., 0., 0., 0., 159., 79., 0., 0.,
       0., 0., 0., 0., 82., 26., 0., 0., 0., 0., 0., 1., 30., 1., 0., 0.,
       0., 0., 3., 77., 64., 1., 0., 0., 0., 0., 4., 72., 176., 0., 0.,
       0., 0., 0., 1., 134., 67., 1., 0., 0., 0., 0., 0., 38., 65., 9.,
       0., 0., 0., 0., 0., 11., 161., 18., 0., 0., 0., 0., 0., 14., 176.,
       3., 0., 0., 0., 0., 0., 47., 63., 6., 2., 0., 0., 0., 0., 8., 58.,
       5., 0., 0., 0., 0., 0., 4., 176., 9., 0., 0., 0., 0., 0., 9.,
       176., 16., 0., 0., 0., 0., 0., 6., 64., 3., 0., 0., 0., 0., 0.,
       7., 48., 4., 0., 0., 0., 0., 1., 10., 112., 7., 0., 0., 0., 0.,
       6., 37., 176., 38., 0., 0., 0., 0., 2., 34., 58., 7., 0., 0., 0.,
       0., 0., 4., 45., 4., 0., 0., 0., 0., 0., 4., 151., 7., 0., 0., 0.,
       0., 0., 8., 151., 9., 0., 0., 0., 0., 0., 8., 25., 2., 0., 0., 0.,
       0., 0., 6., 56., 4., 0., 0., 0., 0., 4., 21., 151., 10., 0., 0.,
       0., 0., 14., 67., 151., 34., 0., 0., 0., 0., 3., 51., 36., 3., 0.,
       0., 0., 0., 1., 4., 10., 0., 0., 0., 0., 0., 151., 151., 20., 0.,
       0., 0., 0., 0., 151., 151., 85., 2., 0., 0., 0., 0., 50., 151.,
       12., 0., 0., 0., 0., 0., 0., 5., 0., 0., 0., 0., 0., 0., 133.,
       69., 0., 0., 0., 0., 0., 0., 67., 52., 0., 0., 0., 0., 0., 0., 9.,
       9., 0., 0., 0., 0., 0., 0., 0., 0., 0., 147., 78., 0., 0., 0., 0.,
       0., 1., 100., 57., 0., 0., 0., 0., 0., 1., 24., 13., 0., 0., 0.,
       0., 0., 0., 0., 0., 0., 0., 0., 0., 0., 0., 147., 80., 0., 0., 0.,
       0., 0., 20., 147., 147., 0., 0., 0., 0., 0., 96., 147., 45., 0.,
       0., 0., 0., 2., 6., 4., 0., 0., 0., 0., 0., 0., 0., 55., 21., 0.,
       0., 0., 0., 0., 147., 91., 22., 0., 0., 0., 0., 14., 147., 40.,
       2., 0., 0., 0., 0., 56., 19., 1., 0., 0., 0., 0., 0., 4., 4., 35.,
       20., 0., 0., 0., 0., 0., 147., 25., 5., 0., 0., 0., 0., 59., 147.,
       0., 0., 0., 0., 0., 0., 87., 9., 0., 0., 0., 0., 0., 0., 3., 0.,
       0., 0., 0., 0., 0., 119., 21., 151., 7., 0., 0., 0., 0., 69., 77.,
       191., 38., 0., 0., 0., 0., 1., 25., 47., 5., 0., 0., 0., 0., 0.,
       2., 0., 0., 0., 0., 0., 0., 105., 14., 105., 0., 0., 0., 0., 0.,
       69., 66., 191., 22., 0., 0., 0., 0., 1., 29., 72., 8., 0., 0., 0.,
       0., 0., 0., 0., 0., 0., 0., 0., 1., 44., 4., 87., 0., 0., 0., 0.,
       0., 24., 36., 191., 5., 0., 0., 0., 0., 0., 17., 75., 3., 0., 0.,
       0., 0., 0., 0., 1., 0., 0., 0., 0., 1., 23., 9., 55., 0., 0., 0.,
       0., 1., 20., 28., 191., 1., 0., 0., 0., 0., 0., 37., 46., 1., 0.,
       0., 0., 0., 0., 3., 59., 6., 0., 0., 0., 0., 0., 6., 146., 18.,
       0., 0., 0., 0., 0., 1., 146., 26., 0., 0., 0., 0., 0., 1., 29.,
       3., 0., 0., 0., 0., 0., 2., 65., 7., 0., 0., 0., 0., 2., 17.,
       146., 14., 0., 0., 0., 0., 8., 65., 146., 45., 0., 0., 0., 0., 2.,
       49., 41., 6., 0., 0., 0., 0., 0., 1., 15., 0., 0., 0., 0., 0.,
       146., 146., 22., 0., 0., 0., 0., 0., 146., 146., 75., 2., 0., 0.,
       0., 0., 38., 146., 10., 0., 0., 0., 0., 0., 0., 2., 0., 0., 0.,
       0., 0., 0., 144., 101., 0., 0., 0., 0., 0., 0., 72., 67., 0., 0.,
       0., 0., 0., 0., 7., 8., 0., 0., 0., 0., 0., 0., 0., 0., 0., 144.,
       69., 0., 0., 0., 0., 0., 0., 122., 66., 0., 0., 0., 0., 0., 0.,
       29., 16., 0., 0., 0., 0., 0., 0., 0., 0., 0., 0., 0., 0., 0., 0.,
       144., 76., 0., 0., 0., 0., 0., 22., 144., 144., 0., 0., 0., 0.,
       0., 85., 144., 40., 0., 0., 0., 0., 2., 3., 2., 0., 0., 0., 0.,
       0., 0., 0., 58., 27., 0., 0., 0., 0., 0., 144., 97., 19., 0., 0.,
       0., 0., 14., 144., 35., 1., 0., 0., 0., 0., 55., 13., 0., 0., 0.,
       0., 0., 0., 4., 8., 46., 18., 0., 0., 0., 0., 0., 144., 26., 4.,
       0., 0., 0., 0., 62., 144., 0., 0., 0., 0., 0., 0., 92., 8., 0.,
       0., 0., 0., 0., 0., 3., 138., 30., 0., 0., 0., 0., 0., 6., 138.,
       105., 0., 0., 0., 0., 0., 2., 138., 94., 0., 0., 0., 1., 2., 1.,
       6., 2., 0., 0., 0., 4., 6., 1., 138., 35., 0., 0., 0., 0., 14.,
       57., 138., 29., 0., 0., 0., 0., 32., 62., 138., 50., 0., 0., 0.,
       0., 5., 34., 22., 6., 0., 0., 0., 1., 2., 1., 22., 1., 0., 0., 0.,
       0., 138., 138., 20., 0., 0., 0., 0., 0., 138., 138., 76., 1., 0.,
       0., 0., 1., 70., 108., 10., 2., 0., 0., 0., 0., 0., 3., 0., 0.,
       0., 0., 0., 1., 62., 67., 0., 0., 0., 0., 0., 2., 54., 11., 0.,
       0., 0., 0., 0., 1., 16., 4., 0., 0., 0., 0., 0., 0., 0., 0., 3.,
       3., 35., 4., 0., 0., 0., 5., 2., 7., 46., 1., 0., 0., 0., 5., 0.,
       5., 13., 1., 0., 0., 0., 0., 0., 0., 0., 0., 0., 0., 0., 0., 0.,
       7., 150., 40., 0., 0., 0., 0., 11., 97., 150., 1., 0., 0., 0., 0.,
       73., 121., 63., 0., 0., 0., 0., 5., 10., 3., 0., 0., 0., 0., 0.,
       2., 0., 31., 149., 9., 0., 0., 0., 0., 104., 89., 110., 0., 0.,
       0., 0., 5., 150., 49., 6., 0., 0., 0., 0., 48., 25., 1., 0., 0.,
       0., 0., 0., 11., 0., 40., 150., 0., 0., 0., 0., 0., 150., 125.,
       85., 0., 0., 0., 0., 1., 150., 56., 0., 0., 0., 0., 0., 11., 17.,
       1., 0., 0., 0., 0., 1., 3., 14., 1., 0., 0., 0., 0., 21., 76.,
       146., 107., 0., 0., 0., 0., 4., 32., 146., 102., 0., 0., 0., 0.,
       0., 0., 1., 0., 0., 0., 0., 0., 0., 0., 19., 0., 0., 0., 0., 0.,
       38., 86., 146., 26., 0., 0., 0., 0., 45., 65., 146., 71., 0., 0.,
       0., 0., 2., 17., 15., 1., 0., 0., 0., 0., 0., 1., 7., 1., 1., 0.,
       0., 0., 102., 116., 52., 2., 1., 0., 0., 3., 146., 74., 146., 5.,
       0., 0., 0., 0., 13., 111., 34., 0., 0., 0., 0., 0., 0., 7., 18.,
       6., 2., 0., 0., 0., 5., 27., 61., 6., 5., 0., 0., 0., 9., 46.,
