%YAML:1.0
tag: !!opencv-matrix
   rows: 20
   cols: 128
   dt: f
   data: [ 0., 1., 24., 9., 0., 1., 0., 0., 64., 10., 17., 1., 0., 0.,
       0., 13., 184., 12., 2., 0., 0., 0., 0., 78., 93., 1., 0., 0., 0.,
       0., 0., 32., 1., 0., 1., 1., 1., 7., 8., 1., 134., 4., 0., 0., 0.,
       1., 3., 16., 184., 10., 0., 0., 0., 0., 0., 55., 98., 5., 0., 0.,
       0., 0., 0., 12., 0., 1., 2., 5., 5., 5., 4., 0., 111., 26., 1.,
       1., 1., 2., 2., 3., 184., 91., 0., 0., 0., 0., 0., 0., 96., 29.,
       1., 0., 0., 0., 0., 0., 7., 6., 2., 1., 1., 4., 3., 1., 38., 19.,
       1., 2., 2., 8., 5., 1., 184., 157., 0., 0., 0., 0., 0., 0., 98.,
       77., 0., 0., 0., 0., 0., 0., 4., 8., 6., 2., 2., 1., 0., 1., 66.,
       2., 4., 3., 2., 1., 0., 20., 188., 0., 0., 0., 0., 0., 0., 115.,
       95., 1., 0., 0., 0., 0., 0., 39., 6., 3., 2., 0., 3., 1., 1., 7.,
       133., 1., 1., 0., 0., 0., 5., 22., 188., 0., 0., 0., 0., 0., 0.,
       40., 108., 0., 0., 0., 0., 0., 0., 15., 12., 4., 0., 0., 2., 2.,
       1., 3., 123., 20., 0., 0., 0., 0., 2., 8., 188., 41., 0., 0., 0.,
       0., 0., 7., 109., 7., 0., 0., 0., 0., 0., 5., 5., 1., 0., 0., 1.,
       1., 0., 3., 55., 27., 1., 1., 1., 0., 0., 2., 188., 128., 0., 0.,
       0., 0., 0., 0., 89., 54., 0., 0., 0., 0., 0., 0., 2., 0., 1., 1.,
       1., 1., 0., 2., 42., 1., 1., 4., 0., 0., 0., 20., 188., 0., 0.,
       0., 0., 0., 0., 154., 88., 0., 0., 0., 0., 0., 0., 67., 1., 1.,
       2., 1., 3., 5., 4., 1., 115., 2., 2., 2., 0., 1., 2., 19., 188.,
       1., 0., 0., 0., 0., 0., 62., 102., 0., 0., 0., 0., 0., 0., 14.,
       5., 1., 0., 2., 5., 4., 5., 2., 130., 11., 1., 4., 8., 2., 2., 5.,
       188., 41., 0., 0., 0., 0., 0., 16., 92., 12., 0., 0., 0., 0., 0.,
       3., 3., 3., 2., 3., 5., 1., 0., 0., 67., 22., 0., 3., 8., 5., 2.,
       1., 188., 119., 0., 0., 0., 0., 0., 0., 80., 40., 1., 0., 0., 0.,
       0., 0., 7., 2., 1., 4., 1., 1., 1., 4., 39., 1., 1., 2., 7., 10.,
       2., 19., 186., 0., 0., 0., 0., 1., 0., 150., 89., 1., 0., 0., 0.,
       0., 0., 62., 3., 7., 4., 1., 0., 0., 0., 1., 94., 14., 9., 1., 1.,
       2., 1., 14., 186., 6., 0., 0., 0., 0., 0., 66., 89., 3., 0., 0.,
       0., 0., 0., 14., 1., 2., 2., 2., 1., 3., 5., 3., 108., 10., 3.,
       2., 0., 1., 3., 16., 186., 43., 0., 0., 0., 0., 0., 7., 84., 17.,
       0., 0., 0., 0., 0., 3., 1., 6., 4., 1., 0., 1., 38., 17., 37., 6.,
       3., 1., 0., 0., 69., 93., 186., 23., 0., 0., 0., 0., 22., 146.,
       65., 4., 0., 0., 0., 0., 2., 22., 1., 1., 1., 0., 1., 1., 0., 0.,
       94., 4., 1., 0., 1., 1., 1., 14., 174., 9., 0., 0., 0., 0., 0.,
       16., 57., 4., 2., 1., 0., 0., 0., 1., 1., 1., 1., 1., 2., 5., 1.,
       0., 133., 16., 0., 0., 1., 1., 0., 4., 174., 12., 1., 2., 0., 0.,
       0., 6., 58., 9., 40., 55., 4., 0., 0., 0., 0., 1., 1., 2., 3., 2.,
       0., 0., 112., 20., 0., 1., 2., 2., 0., 1., 174., 108., 1., 4., 8.,
       1., 0., 1., 39., 24., 26., 106., 135., 30., 0., 0., 0., 0., 0.,
       0., 3., 2., 0., 0., 22., 22., 0., 0., 1., 2., 0., 1., 116., 174.,
       0., 0., 2., 1., 0., 0., 35., 127., 1., 2., 73., 82., 0., 0., 0.,
       3., 2., 1., 2., 2., 0., 0., 121., 75., 1., 1., 3., 1., 1., 2.,
       190., 121., 0., 0., 0., 0., 0., 0., 32., 12., 1., 0., 0., 0., 0.,
       4., 2., 2., 4., 1., 1., 2., 2., 3., 142., 15., 2., 0., 1., 0., 2.,
       13., 190., 40., 0., 0., 0., 0., 0., 12., 76., 7., 0., 0., 0., 0.,
       0., 4., 1., 1., 1., 0., 2., 4., 1., 0., 157., 6., 2., 0., 0., 1.,
       1., 11., 190., 1., 0., 0., 0., 0., 0., 36., 69., 2., 1., 1., 0.,
       0., 0., 6., 0., 0., 0., 0., 0., 2., 1., 1., 131., 0., 0., 0., 0.,
       1., 1., 32., 190., 0., 0., 0., 0., 0., 0., 58., 39., 0., 0., 0.,
       0., 1., 1., 8., 38., 46., 3., 1., 1., 0., 0., 1., 190., 152., 0.,
       0., 0., 0., 0., 1., 86., 29., 0., 0., 0., 0., 0., 2., 2., 1., 0.,
       0., 0., 0., 0., 1., 52., 5., 1., 0., 0., 1., 0., 3., 190., 25.,
       0., 0., 0., 0., 0., 12., 176., 9., 1., 0., 0., 0., 0., 6., 2., 4.,
       2., 0., 0., 0., 0., 0., 52., 1., 0., 0., 0., 2., 1., 10., 190.,
       0., 0., 0., 0., 0., 0., 54., 153., 1., 1., 0., 0., 0., 1., 16.,
       3., 2., 1., 0., 0., 0., 2., 3., 60., 0., 0., 0., 0., 0., 0., 21.,
       190., 0., 0., 0., 0., 0., 0., 95., 79., 2., 0., 0., 0., 0., 1.,
       18., 2., 1., 0., 0., 0., 0., 1., 3., 85., 22., 0., 0., 1., 0., 0.,
       5., 101., 47., 46., 42., 29., 14., 0., 6., 1., 100., 129., 26.,
       18., 20., 0., 0., 5., 129., 39., 0., 0., 0., 0., 0., 44., 30., 0.,
       0., 1., 1., 0., 0., 129., 78., 1., 3., 18., 60., 14., 9., 18.,
       28., 14., 4., 15., 129., 82., 6., 47., 129., 7., 0., 0., 33., 67.,
       20., 29., 3., 0., 0., 0., 7., 6., 7., 129., 17., 0., 0., 0., 5.,
       6., 54., 71., 1., 0., 0., 0., 90., 93., 22., 7., 2., 0., 0., 0.,
       41., 129., 24., 15., 0., 0., 0., 0., 88., 63., 39., 129., 0., 0.,
       0., 0., 2., 12., 129., 30., 0., 0., 0., 0., 1., 3., 21., 0., 0.,
       0., 0., 0., 2., 9., 0., 5., 24., 17., 71., 59., 0., 0., 0., 98.,
       132., 18., 15., 3., 0., 0., 0., 22., 17., 4., 1., 0., 0., 0., 0.,
       0., 1., 13., 2., 0., 0., 0., 0., 26., 7., 2., 61., 132., 11., 1.,
       5., 132., 55., 12., 18., 11., 1., 0., 17., 49., 18., 109., 113.,
       0., 0., 0., 0., 2., 14., 132., 57., 0., 0., 0., 0., 13., 0., 0.,
       3., 132., 110., 25., 27., 113., 9., 18., 113., 18., 12., 18., 68.,
       9., 4., 82., 132., 5., 0., 0., 0., 33., 13., 86., 39., 0., 0., 0.,
       1., 0., 0., 61., 95., 20., 41., 13., 4., 1., 0., 17., 132., 24.,
       6., 9., 7., 1., 0., 1., 48., 6., 0., 0., 1., 21., 9., 1., 1., 0.,
       1., 0., 0., 114., 42., 2., 1., 0., 0., 0., 2., 54., 47., 89., 47.,
       18., 16., 2., 1., 2., 123., 123., 13., 5., 13., 3., 0., 4., 112.,
       29., 0., 0., 0., 0., 0., 60., 57., 0., 0., 0., 0., 0., 0., 123.,
       65., 4., 8., 13., 60., 40., 15., 18., 43., 17., 3., 5., 123.,
       123., 17., 34., 78., 7., 0., 0., 6., 75., 47., 47., 8., 0., 0.,
       0., 10., 22., 10., 123., 21., 0., 0., 0., 4., 12., 53., 60., 0.,
       0., 0., 0., 36., 119., 26., 1., 0., 0., 0., 0., 6., 102., 28.,
       12., 0., 0., 0., 0., 79., 120., 35., 123., 0., 0., 0., 0., 4.,
       28., 123., 30., 0., 0., 0., 0., 0., 2., 20., 0., 0., 0., 0., 0.,
       0., 4., 0., 1., 8., 9., 44., 33., 0., 0., 0., 64., 111., 17., 18.,
       4., 0., 0., 0., 31., 23., 1., 0., 0., 0., 0., 0., 0., 1., 2., 0.,
       0., 0., 0., 0., 13., 6., 5., 98., 127., 5., 1., 4., 127., 64.,
       17., 28., 18., 1., 1., 21., 71., 28., 109., 34., 0., 0., 0., 1.,
       1., 25., 127., 9., 0., 0., 0., 0., 8., 0., 2., 15., 127., 85.,
       18., 17., 99., 15., 45., 91., 12., 15., 16., 52., 12., 10., 127.,
       127., 0., 0., 0., 0., 60., 67., 127., 19., 0., 0., 0., 4., 0., 0.,
       87., 100., 23., 23., 5., 1., 1., 0., 26., 127., 6., 5., 4., 2.,
       2., 1., 15., 50., 0., 0., 0., 0., 115., 19., 4., 1., 0., 0., 0.,
       5., 19., 73., 8., 0., 0., 0., 0., 0., 142., 142., 1., 0., 0., 0.,
       0., 1., 62., 29., 0., 0., 0., 0., 0., 0., 1., 0., 0., 0., 0., 0.,
       0., 0., 38., 5., 0., 0., 1., 0., 0., 5., 142., 34., 8., 1., 0.,
       0., 0., 36., 108., 41., 68., 2., 0., 0., 0., 5., 0., 23., 22., 0.,
       0., 0., 0., 0., 41., 8., 0., 0., 2., 0., 0., 2., 142., 88., 27.,
       20., 7., 4., 1., 11., 23., 94., 142., 53., 23., 30., 5., 1., 7.,
       142., 91., 1., 0., 3., 2., 0., 8., 5., 0., 0., 1., 1., 1., 0.,
       142., 74., 0., 2., 4., 6., 4., 5., 71., 24., 10., 7., 14., 121.,
       87., 18., 26., 80., 9., 0., 0., 43., 103., 26., 4., 0., 0., 0.,
       15., 15., 4., 39., 36., 15., 4., 1., 1., 0., 27., 136., 55., 37.,
       2., 0., 0., 0., 65., 136., 16., 1., 0., 0., 0., 0., 6., 86., 2.,
       0., 0., 0., 25., 44., 136., 136., 51., 41., 13., 16., 105., 64.,
       59., 134., 136., 126., 9., 6., 15., 5., 2., 28., 33., 8., 0., 0.,
       0., 0., 0., 3., 0., 0., 0., 0., 11., 33., 136., 54., 22., 1., 0.,
       1., 129., 136., 45., 32., 136., 11., 0., 0., 12., 39., 19., 50.,
