%YAML:1.0
tag: !!opencv-matrix
   rows: 15
   cols: 128
   dt: f
   data: [ 0., 0., 0., 0., 0., 0., 70., 45., 0., 0., 3., 0., 0., 1.,
       133., 45., 1., 1., 1., 0., 0., 23., 133., 6., 0., 0., 0., 0., 0.,
       39., 127., 0., 0., 0., 51., 79., 1., 1., 101., 67., 10., 25.,
       133., 59., 0., 0., 79., 29., 118., 75., 43., 2., 0., 11., 114.,
       19., 20., 1., 0., 0., 0., 52., 133., 9., 0., 0., 58., 133., 1.,
       0., 2., 1., 72., 15., 67., 34., 0., 0., 0., 11., 133., 26., 8.,
       0., 0., 0., 0., 44., 49., 0., 0., 0., 0., 2., 7., 7., 1., 0., 1.,
       15., 1., 0., 0., 0., 92., 0., 0., 0., 0., 0., 0., 42., 133., 0.,
       0., 0., 0., 0., 0., 88., 21., 0., 0., 0., 0., 0., 0., 6., 28.,
       39., 2., 0., 0., 0., 0., 0., 149., 129., 0., 0., 0., 0., 0., 1.,
       65., 18., 0., 0., 0., 0., 0., 0., 0., 0., 0., 0., 0., 0., 0., 0.,
       43., 1., 0., 0., 0., 0., 0., 4., 149., 30., 10., 0., 0., 0., 0.,
       28., 98., 34., 53., 0., 0., 0., 0., 4., 0., 12., 13., 0., 0., 0.,
       0., 0., 41., 6., 0., 0., 0., 0., 0., 1., 149., 89., 63., 13., 5.,
       5., 1., 6., 16., 123., 149., 20., 8., 17., 3., 1., 4., 149., 95.,
       0., 0., 1., 0., 0., 10., 6., 0., 0., 0., 0., 0., 0., 114., 58.,
       3., 4., 4., 14., 10., 7., 43., 28., 26., 6., 8., 124., 93., 13.,
       39., 131., 17., 0., 0., 35., 78., 20., 0., 0., 0., 0., 0., 0., 0.,
       0., 78., 0., 0., 0., 0., 0., 0., 29., 156., 1., 0., 0., 0., 0.,
       0., 156., 23., 0., 0., 0., 0., 0., 3., 46., 0., 0., 0., 0., 0.,
       1., 8., 4., 133., 7., 0., 0., 0., 0., 19., 52., 156., 33., 0., 0.,
       0., 0., 4., 66., 32., 4., 0., 0., 0., 0., 0., 3., 0., 0., 0., 0.,
       0., 8., 156., 76., 19., 1., 0., 0., 0., 0., 156., 156., 100., 4.,
       0., 0., 0., 0., 56., 156., 12., 1., 0., 0., 0., 0., 0., 5., 0.,
       0., 0., 0., 0., 4., 155., 37., 0., 0., 0., 0., 0., 0., 81., 57.,
       0., 0., 0., 0., 0., 0., 12., 16., 0., 0., 0., 0., 0., 0., 0., 0.,
       107., 147., 3., 0., 0., 0., 0., 0., 16., 146., 30., 0., 0., 0.,
       0., 0., 0., 16., 13., 0., 0., 0., 0., 0., 0., 0., 0., 0., 0., 0.,
       0., 0., 10., 143., 16., 0., 0., 0., 0., 0., 20., 147., 147., 0.,
       0., 0., 0., 0., 106., 147., 59., 0., 0., 0., 0., 1., 10., 4., 0.,
       0., 0., 0., 0., 0., 0., 4., 2., 0., 0., 0., 0., 0., 122., 46.,
       17., 0., 0., 0., 0., 21., 147., 45., 4., 0., 0., 0., 0., 56., 27.,
       1., 0., 0., 0., 0., 0., 4., 1., 0., 0., 0., 0., 0., 4., 4., 124.,
       0., 0., 0., 0., 0., 2., 100., 147., 0., 0., 0., 0., 0., 0., 113.,
       10., 0., 0., 0., 0., 0., 0., 3., 18., 61., 11., 0., 0., 0., 0.,
       0., 143., 143., 2., 0., 0., 0., 0., 1., 84., 33., 0., 0., 0., 0.,
       0., 0., 0., 0., 0., 0., 0., 0., 0., 0., 36., 2., 0., 0., 0., 0.,
       0., 4., 143., 35., 4., 0., 0., 0., 0., 29., 143., 47., 31., 0.,
       0., 0., 0., 5., 0., 10., 8., 0., 0., 0., 0., 0., 39., 4., 0., 0.,
       0., 0., 0., 2., 143., 96., 46., 4., 2., 2., 1., 8., 25., 143.,
       143., 7., 4., 10., 4., 1., 8., 143., 50., 0., 0., 0., 0., 0., 13.,
       5., 0., 0., 0., 0., 1., 0., 134., 34., 4., 2., 2., 8., 12., 15.,
       42., 40., 28., 4., 4., 84., 110., 25., 57., 113., 8., 0., 0., 15.,
       57., 35., 0., 0., 0., 0., 0., 0., 0., 0., 80., 1., 0., 0., 0., 0.,
       0., 30., 155., 3., 0., 0., 0., 0., 1., 155., 30., 0., 0., 0., 0.,
       0., 7., 61., 0., 0., 0., 0., 0., 8., 11., 5., 126., 6., 0., 0.,
       0., 0., 19., 60., 155., 33., 0., 0., 0., 0., 3., 69., 42., 6., 0.,
       0., 0., 0., 0., 3., 0., 0., 0., 0., 0., 44., 155., 56., 16., 0.,
       0., 0., 0., 0., 155., 155., 83., 2., 0., 0., 0., 0., 53., 155.,
       8., 1., 0., 0., 0., 0., 0., 2., 0., 0., 0., 0., 0., 14., 155.,
       27., 0., 0., 0., 0., 0., 0., 94., 68., 0., 0., 0., 0., 0., 0.,
       12., 14., 0., 0., 0., 0., 0., 0., 0., 0., 120., 144., 2., 0., 0.,
       0., 0., 0., 34., 144., 32., 0., 0., 0., 0., 0., 0., 23., 16., 0.,
       0., 0., 0., 0., 0., 0., 0., 0., 0., 0., 0., 0., 11., 118., 10.,
       0., 0., 0., 0., 0., 26., 144., 123., 0., 0., 0., 0., 0., 100.,
       144., 47., 0., 0., 0., 0., 2., 5., 1., 0., 0., 0., 0., 0., 0., 1.,
       5., 1., 0., 0., 0., 0., 0., 134., 44., 10., 0., 0., 0., 0., 29.,
       144., 35., 2., 0., 0., 0., 0., 66., 23., 0., 0., 0., 0., 0., 0.,
       5., 1., 0., 0., 0., 0., 0., 35., 17., 100., 0., 0., 0., 0., 0.,
       21., 144., 144., 0., 0., 0., 0., 0., 0., 137., 11., 0., 0., 0.,
       0., 0., 0., 5., 6., 0., 0., 0., 5., 9., 4., 48., 76., 23., 1., 0.,
       1., 2., 10., 135., 127., 55., 0., 0., 0., 0., 14., 135., 14., 3.,
       0., 0., 0., 0., 1., 53., 2., 0., 0., 0., 9., 35., 135., 135., 55.,
       36., 2., 1., 50., 130., 77., 101., 135., 111., 1., 0., 8., 15.,
       5., 28., 44., 11., 0., 0., 0., 0., 0., 1., 0., 0., 0., 0., 2.,
       29., 135., 95., 10., 0., 0., 0., 39., 135., 85., 38., 123., 4.,
       0., 0., 3., 44., 49., 72., 15., 2., 0., 0., 0., 0., 0., 1., 0.,
       0., 0., 0., 0., 3., 6., 2., 0., 0., 0., 0., 0., 38., 11., 0., 0.,
       0., 0., 0., 0., 9., 8., 1., 0., 0., 0., 0., 0., 0., 0., 0., 0.,
       0., 0., 0., 0., 0., 0., 0., 0., 1., 1., 4., 1., 0., 0., 0., 5.,
       8., 2., 1., 0., 0., 0., 0., 2., 1., 0., 0., 0., 0., 0., 0., 0.,
       0., 0., 29., 21., 0., 0., 0., 11., 16., 35., 125., 52., 0., 0.,
       1., 125., 101., 38., 32., 1., 0., 0., 4., 32., 16., 4., 0., 0.,
       0., 0., 0., 0., 0., 71., 88., 64., 0., 0., 0., 41., 11., 25.,
       125., 125., 4., 0., 11., 125., 98., 125., 14., 4., 1., 0., 18.,
       20., 115., 125., 0., 0., 0., 0., 0., 0., 0., 125., 68., 7., 0.,
       0., 0., 3., 4., 119., 96., 28., 1., 0., 1., 12., 29., 125., 25.,
       1., 0., 0., 2., 103., 99., 81., 1., 0., 0., 0., 30., 19., 35., 1.,
       0., 0., 0., 0., 0., 54., 141., 56., 1., 0., 0., 0., 4., 48., 62.,
       118., 2., 0., 0., 17., 84., 17., 19., 13., 0., 0., 0., 10., 60.,
       2., 5., 0., 0., 0., 0., 14., 22., 98., 64., 0., 0., 0., 0., 57.,
       57., 141., 39., 0., 0., 0., 0., 22., 130., 35., 0., 0., 0., 0.,
       0., 13., 67., 27., 0., 0., 0., 0., 0., 51., 141., 17., 1., 0., 0.,
       0., 1., 141., 141., 116., 2., 0., 0., 0., 1., 90., 141., 25., 0.,
       0., 0., 0., 0., 0., 7., 70., 0., 0., 0., 0., 0., 26., 141., 14.,
       0., 0., 0., 0., 1., 43., 60., 0., 0., 0., 0., 0., 1., 15., 5., 0.,
       0., 0., 0., 0., 0., 0., 0., 18., 35., 18., 72., 40., 0., 0., 0.,
       67., 102., 26., 4., 0., 0., 0., 0., 3., 22., 20., 0., 0., 0., 0.,
       0., 0., 0., 0., 0., 0., 0., 0., 0., 19., 36., 60., 134., 88., 0.,
       0., 0., 51., 142., 142., 12., 1., 0., 0., 0., 92., 142., 94., 0.,
       0., 0., 0., 6., 9., 7., 1., 0., 0., 0., 0., 2., 0., 1., 94., 85.,
       4., 0., 0., 0., 129., 44., 79., 17., 0., 0., 0., 6., 142., 82.,
       8., 0., 0., 0., 0., 39., 31., 9., 0., 0., 0., 0., 0., 7., 0., 0.,
       4., 2., 0., 0., 0., 0., 60., 43., 1., 0., 0., 0., 0., 0., 142.,
       142., 5., 0., 0., 0., 0., 1., 17., 88., 11., 0., 0., 0., 0., 0.,
       7., 120., 154., 33., 3., 0., 0., 0., 23., 154., 31., 0., 0., 0.,
       0., 0., 0., 17., 6., 0., 0., 0., 0., 0., 0., 0., 0., 0., 0., 0.,
       0., 0., 5., 63., 14., 12., 9., 0., 0., 0., 39., 154., 57., 0., 0.,
       0., 0., 0., 148., 154., 24., 0., 0., 0., 0., 3., 12., 1., 0., 0.,
       0., 0., 0., 1., 0., 1., 0., 2., 1., 0., 0., 0., 125., 37., 3., 0.,
       0., 0., 0., 42., 154., 44., 1., 0., 0., 0., 0., 87., 37., 1., 0.,
       0., 0., 0., 0., 5., 1., 0., 0., 0., 0., 18., 16., 16., 97., 0.,
       0., 0., 0., 0., 8., 154., 154., 2., 0., 0., 0., 0., 0., 88., 5.,
       0., 0., 0., 0., 0., 0., 1., 0., 1., 81., 119., 64., 10., 0., 0.,
       44., 47., 137., 21., 3., 0., 0., 6., 137., 137., 24., 1., 0., 0.,
       0., 53., 19., 19., 1., 0., 0., 0., 0., 6., 0., 0., 0., 5., 137.,
       137., 33., 0., 100., 7., 2., 1., 6., 36., 88., 35., 137., 54., 0.,
       0., 0., 0., 13., 84., 10., 4., 0., 0., 0., 0., 0., 4., 0., 0., 0.,
       0., 42., 137., 70., 0., 10., 0., 0., 0., 0., 63., 137., 85., 39.,
       6., 0., 0., 0., 1., 90., 137., 0., 0., 0., 0., 0., 0., 0., 0., 0.,
