%YAML:1.0
tag: !!opencv-matrix
   rows: 57
   cols: 128
   dt: f
   data: [ 0., 0., 0., 0., 0., 0., 1., 0., 18., 0., 0., 0., 0., 0., 3.,
       30., 21., 0., 0., 0., 0., 44., 79., 68., 0., 0., 0., 0., 0., 80.,
       28., 1., 0., 0., 1., 0., 0., 0., 1., 0., 133., 0., 0., 0., 0., 0.,
       1., 22., 172., 0., 0., 0., 0., 67., 74., 110., 7., 0., 0., 0., 0.,
       172., 83., 9., 1., 0., 1., 0., 0., 0., 0., 1., 172., 1., 0., 0.,
       0., 0., 0., 4., 172., 0., 0., 0., 0., 8., 6., 20., 36., 0., 0.,
       0., 0., 149., 32., 7., 1., 0., 0., 0., 0., 0., 0., 1., 140., 1.,
       0., 0., 0., 0., 0., 2., 172., 0., 0., 0., 0., 0., 0., 3., 39., 1.,
       0., 0., 0., 7., 1., 1., 30., 3., 0., 0., 0., 0., 0., 1., 181.,
       26., 0., 0., 0., 0., 0., 10., 140., 9., 0., 0., 0., 0., 0., 3.,
       1., 0., 0., 0., 0., 0., 0., 0., 43., 2., 0., 0., 0., 0., 0., 7.,
       181., 58., 17., 0., 0., 0., 0., 41., 120., 47., 123., 0., 0., 0.,
       0., 8., 0., 8., 120., 0., 0., 0., 0., 0., 18., 14., 1., 0., 0.,
       0., 0., 1., 86., 161., 114., 0., 0., 0., 0., 2., 10., 74., 181.,
       0., 0., 0., 0., 0., 0., 23., 181., 0., 0., 0., 0., 0., 0., 1., 0.,
       0., 0., 0., 0., 0., 0., 8., 15., 0., 0., 0., 0., 0., 0., 4., 42.,
       0., 0., 0., 3., 1., 0., 3., 41., 0., 0., 0., 6., 0., 0., 0., 0.,
       0., 0., 0., 0., 1., 1., 0., 0., 0., 0., 0., 19., 14., 0., 0., 0.,
       0., 0., 1., 60., 5., 0., 0., 0., 0., 0., 0., 57., 20., 16., 0.,
       0., 0., 0., 0., 0., 7., 124., 2., 0., 0., 0., 0., 83., 152., 22.,
       0., 0., 0., 0., 1., 172., 85., 0., 0., 0., 0., 0., 0., 172., 90.,
       30., 2., 0., 0., 2., 2., 0., 1., 172., 35., 0., 0., 0., 0., 7.,
       37., 160., 12., 0., 0., 0., 0., 84., 41., 0., 0., 0., 0., 0., 0.,
       70., 16., 17., 1., 0., 0., 12., 3., 0., 0., 172., 39., 0., 0., 0.,
       0., 0., 0., 172., 21., 0., 0., 0., 0., 0., 0., 1., 0., 0., 0., 0.,
       0., 0., 0., 1., 11., 62., 0., 0., 0., 0., 0., 0., 10., 55., 0.,
       0., 0., 0., 0., 0., 8., 16., 10., 45., 0., 0., 0., 0., 0., 0.,
       34., 145., 0., 0., 0., 0., 42., 145., 0., 0., 0., 0., 0., 14.,
       96., 145., 0., 0., 0., 0., 0., 64., 120., 64., 16., 57., 0., 0.,
       1., 2., 3., 1., 45., 145., 0., 0., 0., 0., 6., 33., 0., 0., 0.,
       0., 0., 100., 30., 40., 0., 0., 0., 0., 10., 145., 31., 4., 13.,
       72., 0., 0., 26., 6., 1., 0., 39., 145., 0., 0., 1., 0., 0., 0.,
       0., 0., 6., 36., 0., 101., 0., 0., 0., 0., 1., 20., 33., 145., 0.,
       0., 11., 80., 1., 0., 39., 2., 0., 0., 24., 145., 5., 1., 0., 0.,
       0., 0., 0., 10., 1., 0., 0., 95., 12., 0., 0., 0., 0., 0., 0.,
       149., 34., 0., 0., 0., 0., 0., 0., 21., 3., 0., 0., 0., 0., 0.,
       0., 0., 0., 0., 0., 15., 8., 46., 5., 76., 6., 0., 0., 0., 0.,
       60., 34., 149., 26., 0., 0., 0., 0., 8., 43., 37., 4., 1., 0., 0.,
       0., 0., 1., 0., 0., 24., 5., 2., 13., 149., 24., 7., 0., 51., 6.,
       0., 0., 149., 74., 73., 5., 88., 8., 0., 0., 53., 112., 14., 3.,
       116., 14., 0., 0., 0., 4., 0., 0., 149., 44., 5., 1., 21., 2., 0.,
       0., 149., 32., 0., 0., 15., 3., 1., 1., 149., 30., 0., 0., 2., 2.,
       0., 0., 149., 25., 0., 0., 0., 0., 0., 3., 24., 1., 0., 32., 152.,
       0., 4., 3., 16., 0., 0., 28., 152., 20., 100., 3., 2., 0., 0., 2.,
       82., 137., 35., 0., 0., 0., 0., 0., 0., 18., 0., 30., 152., 16.,
       3., 5., 30., 0., 10., 91., 152., 0., 0., 6., 59., 3., 89., 131.,
       55., 0., 0., 1., 28., 32., 18., 6., 0., 0., 0., 0., 0., 5., 0.,
       5., 48., 10., 19., 0., 0., 0., 95., 40., 64., 0., 0., 0., 0., 9.,
       152., 46., 8., 0., 0., 0., 0., 32., 34., 1., 0., 0., 0., 0., 0.,
       3., 0., 0., 0., 2., 12., 0., 0., 0., 118., 0., 0., 0., 0., 0., 0.,
       18., 152., 0., 0., 0., 0., 0., 0., 42., 18., 0., 0., 0., 0., 0.,
       0., 3., 0., 0., 43., 5., 0., 0., 0., 0., 109., 33., 26., 2., 0.,
       0., 0., 0., 146., 41., 1., 0., 92., 12., 0., 0., 2., 0., 0., 0.,
       146., 27., 0., 0., 0., 0., 0., 0., 0., 0., 45., 6., 109., 9., 0.,
       0., 0., 0., 53., 35., 146., 24., 0., 0., 73., 22., 6., 39., 7.,
       0., 0., 0., 146., 93., 37., 2., 0., 0., 0., 0., 0., 0., 146., 41.,
       14., 0., 0., 0., 0., 0., 146., 99., 67., 1., 0., 0., 9., 23., 77.,
       138., 2., 0., 0., 0., 21., 91., 124., 8., 0., 0., 0., 0., 0., 0.,
       59., 8., 0., 0., 0., 0., 0., 0., 51., 9., 0., 0., 0., 0., 0., 0.,
       15., 9., 0., 0., 0., 0., 0., 2., 10., 1., 0., 33., 130., 0., 0.,
       0., 1., 0., 21., 98., 130., 0., 0., 0., 0., 0., 102., 119., 26.,
       0., 0., 0., 0., 0., 12., 6., 0., 0., 0., 0., 0., 0., 0., 2., 7.,
       0., 0., 27., 122., 0., 64., 21., 10., 0., 0., 15., 97., 19., 130.,
       40., 1., 0., 0., 0., 12., 34., 36., 4., 0., 0., 0., 0., 0., 1.,
       0., 19., 86., 0., 0., 38., 130., 0., 7., 19., 68., 0., 0., 35.,
       130., 26., 82., 27., 17., 0., 0., 2., 64., 104., 19., 4., 0., 0.,
       0., 0., 0., 8., 0., 34., 130., 0., 0., 0., 1., 0., 4., 69., 130.,
       0., 0., 1., 5., 1., 73., 130., 58., 0., 0., 0., 3., 4., 27., 18.,
       0., 1., 0., 0., 0., 0., 0., 0., 9., 5., 0., 0., 0., 0., 0., 1.,
       32., 5., 0., 0., 0., 0., 0., 7., 19., 6., 0., 0., 0., 0., 0., 0.,
       32., 27., 0., 1., 0., 0., 0., 0., 95., 117., 23., 0., 0., 0., 11.,
       32., 135., 53., 1., 0., 0., 0., 63., 103., 82., 28., 23., 0., 0.,
       1., 3., 4., 63., 135., 76., 0., 0., 0., 0., 0., 23., 95., 135.,
       0., 0., 0., 93., 19., 68., 26., 12., 0., 0., 8., 135., 28., 8.,
       13., 69., 0., 0., 23., 7., 1., 2., 49., 135., 0., 0., 1., 0., 0.,
       0., 25., 135., 0., 0., 0., 112., 0., 0., 2., 11., 0., 0., 16.,
       135., 0., 0., 11., 77., 0., 0., 28., 2., 0., 0., 24., 135., 0.,
       0., 0., 33., 10., 0., 0., 6., 1., 0., 0., 181., 72., 0., 0., 0.,
       0., 0., 3., 107., 17., 0., 0., 0., 0., 0., 1., 0., 0., 0., 0., 0.,
       0., 0., 0., 42., 2., 0., 2., 5., 0., 0., 5., 181., 48., 12., 0.,
       0., 0., 0., 35., 124., 40., 82., 0., 0., 0., 0., 6., 0., 8., 70.,
       0., 0., 0., 0., 0., 20., 12., 0., 0., 0., 0., 0., 1., 111., 169.,
       115., 0., 0., 0., 0., 4., 14., 98., 181., 0., 0., 0., 0., 0., 0.,
       41., 181., 0., 0., 0., 0., 0., 0., 1., 0., 0., 0., 0., 0., 0., 2.,
       11., 19., 0., 0., 0., 2., 8., 1., 8., 56., 0., 0., 1., 47., 17.,
       0., 7., 62., 0., 0., 5., 55., 0., 0., 0., 0., 0., 0., 0., 0., 1.,
       0., 1., 1., 0., 0., 0., 20., 11., 0., 0., 4., 0., 0., 0., 55., 8.,
       0., 0., 1., 1., 0., 0., 56., 45., 19., 0., 0., 0., 0., 3., 1., 9.,
       121., 1., 0., 0., 0., 0., 106., 154., 15., 0., 0., 0., 0., 0.,
       171., 91., 0., 0., 0., 0., 0., 0., 171., 142., 41., 2., 0., 0.,
       29., 30., 3., 1., 171., 24., 0., 0., 0., 0., 10., 40., 118., 6.,
       0., 0., 0., 0., 80., 37., 0., 0., 0., 0., 0., 0., 44., 17., 25.,
       2., 0., 0., 93., 14., 0., 0., 171., 31., 0., 0., 0., 0., 0., 0.,
       133., 11., 0., 0., 0., 0., 0., 0., 0., 0., 0., 0., 0., 0., 0., 0.,
       0., 11., 46., 0., 0., 0., 1., 0., 49., 57., 57., 0., 0., 0., 0.,
       0., 139., 75., 7., 0., 0., 0., 0., 0., 19., 4., 0., 1., 0., 0.,
       0., 0., 0., 0., 0., 0., 0., 25., 106., 0., 65., 6., 0., 0., 0.,
       13., 83., 15., 139., 26., 0., 0., 0., 0., 11., 28., 35., 5., 3.,
       44., 0., 0., 0., 1., 0., 10., 42., 0., 0., 43., 139., 0., 7., 7.,
       29., 0., 0., 40., 139., 22., 75., 3., 17., 42., 0., 3., 77., 89.,
       13., 1., 14., 139., 0., 0., 0., 4., 0., 40., 139., 0., 0., 1., 4.,
       0., 0., 46., 139., 1., 0., 2., 14., 0., 0., 9., 139., 105., 0.,
       0., 8., 3., 0., 0., 17., 139., 0., 0., 0., 0., 0., 0., 13., 4.,
       0., 2., 0., 0., 0., 1., 29., 6., 1., 58., 1., 0., 0., 4., 12., 2.,
       3., 140., 5., 0., 0., 0., 0., 0., 12., 140., 2., 0., 0., 0., 140.,
       81., 5., 0., 0., 0., 10., 26., 140., 42., 0., 1., 0., 0., 75.,
       89., 72., 4., 16., 44., 0., 1., 8., 3., 0., 6., 140., 99., 0., 0.,
       0., 0., 54., 65., 63., 0., 0., 0., 77., 16., 69., 11., 0., 0., 0.,
       7., 140., 24., 7., 4., 27., 0., 0., 24., 17., 1., 0., 29., 140.,
