%YAML:1.0
tag: !!opencv-matrix
   rows: 122
   cols: 128
   dt: f
   data: [ 8., 0., 0., 0., 8., 87., 70., 25., 1., 1., 6., 6., 1., 16.,
       118., 83., 1., 6., 8., 2., 3., 103., 118., 18., 0., 1., 3., 5.,
       17., 118., 56., 6., 26., 44., 33., 13., 5., 6., 13., 16., 12.,
       16., 36., 117., 34., 0., 19., 16., 66., 67., 40., 25., 8., 24.,
       10., 4., 13., 10., 4., 24., 27., 80., 37., 11., 93., 118., 46.,
       39., 6., 0., 2., 4., 50., 34., 38., 118., 52., 0., 0., 4., 118.,
       42., 15., 61., 17., 0., 0., 20., 27., 44., 34., 118., 31., 0., 0.,
       1., 30., 26., 19., 30., 9., 34., 47., 12., 39., 44., 34., 70.,
       12., 26., 39., 9., 59., 75., 41., 85., 15., 8., 13., 7., 22., 49.,
       28., 118., 24., 11., 14., 4., 20., 7., 44., 59., 10., 25., 20.,
       16., 52., 9., 34., 32., 10., 54., 36., 44., 67., 5., 6., 6., 8.,
       84., 58., 66., 6., 1., 3., 5., 6., 79., 90., 92., 120., 9., 5.,
       1., 4., 37., 35., 65., 61., 5., 0., 0., 43., 120., 46., 31., 120.,
       24., 0., 1., 4., 36., 23., 37., 11., 2., 6., 11., 11., 41., 46.,
       31., 120., 9., 1., 0., 3., 37., 37., 41., 40., 11., 6., 1., 30.,
       108., 36., 15., 69., 4., 6., 40., 7., 20., 37., 68., 9., 6., 50.,
       120., 22., 1., 0., 2., 10., 8., 26., 56., 26., 27., 12., 6., 7.,
       43., 120., 26., 1., 7., 7., 1., 0., 8., 120., 120., 6., 2., 8.,
       5., 0., 4., 25., 120., 43., 7., 3., 1., 4., 4., 10., 64., 72.,
       67., 19., 3., 67., 46., 8., 14., 10., 6., 3., 5., 60., 59., 6.,
       6., 1., 0., 0., 0., 88., 83., 2., 0., 0., 0., 0., 1., 14., 19.,
       86., 133., 26., 0., 0., 0., 133., 78., 25., 26., 4., 1., 0., 4.,
       63., 41., 7., 15., 19., 11., 6., 15., 123., 92., 3., 1., 1., 1.,
       2., 36., 75., 15., 25., 71., 91., 0., 0., 6., 133., 15., 5., 1.,
       1., 1., 1., 39., 81., 1., 0., 0., 4., 13., 22., 94., 67., 2., 1.,
       3., 1., 1., 8., 133., 89., 1., 0., 40., 43., 0., 0., 44., 133.,
       5., 2., 1., 0., 0., 0., 73., 111., 45., 5., 1., 0., 0., 1., 27.,
       77., 18., 1., 6., 10., 4., 0., 25., 49., 20., 9., 16., 14., 1.,
       0., 0., 34., 10., 3., 1., 34., 45., 17., 7., 8., 1., 0., 0., 18.,
       92., 137., 43., 5., 0., 0., 0., 1., 14., 137., 121., 83., 39.,
       15., 12., 1., 6., 7., 10., 103., 35., 11., 2., 1., 2., 4., 11.,
       137., 16., 2., 1., 0., 1., 77., 111., 19., 3., 6., 53., 26., 11.,
       137., 72., 50., 3., 1., 2., 6., 31., 21., 24., 117., 9., 0., 0.,
       0., 1., 2., 31., 137., 68., 34., 12., 0., 0., 0., 18., 18., 19.,
       50., 137., 42., 0., 1., 3., 10., 29., 41., 27., 7., 4., 1., 1.,
       65., 76., 8., 0., 0., 0., 0., 7., 34., 56., 66., 15., 2., 0., 0.,
       3., 0., 4., 46., 100., 53., 2., 0., 0., 106., 54., 1., 0., 0., 0.,
       0., 4., 134., 29., 0., 0., 0., 0., 0., 1., 134., 12., 0., 0., 0.,
       0., 0., 2., 109., 4., 0., 0., 0., 10., 5., 11., 119., 3., 0., 0.,
       0., 0., 6., 84., 134., 9., 0., 0., 0., 0., 7., 42., 134., 33., 0.,
       0., 0., 0., 0., 12., 134., 37., 3., 0., 0., 1., 0., 1., 11., 2.,
       0., 0., 0., 0., 73., 134., 28., 4., 2., 0., 0., 0., 71., 131.,
       134., 39., 9., 0., 0., 0., 7., 69., 64., 79., 69., 8., 0., 0., 0.,
       0., 7., 33., 39., 1., 0., 0., 12., 25., 5., 35., 94., 1., 0., 0.,
       11., 21., 16., 61., 76., 0., 0., 0., 1., 10., 3., 28., 93., 17.,
       1., 3., 5., 3., 4., 4., 12., 46., 23., 57., 23., 5., 21., 7., 7.,
       56., 34., 119., 51., 12., 126., 31., 2., 3., 2., 9., 12., 20.,
       126., 22., 0., 0., 0., 0., 0., 0., 3., 0., 45., 62., 20., 40.,
       18., 4., 9., 8., 42., 123., 39., 75., 22., 4., 126., 47., 10.,
       20., 6., 9., 6., 13., 126., 18., 0., 0., 0., 0., 0., 1., 9., 11.,
       5., 30., 20., 68., 41., 0., 8., 5., 15., 84., 49., 126., 31., 7.,
       126., 13., 6., 9., 7., 19., 9., 48., 126., 1., 0., 0., 0., 0., 0.,
       21., 13., 23., 14., 32., 52., 13., 0., 2., 24., 12., 23., 106.,
       94., 40., 4., 10., 126., 19., 10., 8., 2., 2., 2., 35., 126., 0.,
       0., 0., 0., 0., 0., 26., 66., 19., 41., 15., 0., 0., 0., 44., 31.,
       14., 47., 27., 24., 20., 4., 16., 11., 3., 2., 2., 21., 98., 120.,
       14., 0., 0., 0., 0., 2., 92., 120., 3., 41., 30., 114., 50., 14.,
       26., 5., 10., 120., 60., 90., 27., 1., 2., 2., 23., 82., 13., 2.,
       0., 0., 11., 30., 40., 0., 1., 0., 27., 43., 49., 46., 6., 11.,
       3., 9., 11., 17., 120., 60., 10., 120., 68., 7., 2., 1., 32., 51.,
       37., 46., 120., 56., 10., 0., 1., 2., 5., 1., 12., 35., 120., 49.,
       1., 1., 2., 0., 0., 0., 0., 0., 119., 51., 0., 6., 12., 2., 0.,
       0., 93., 68., 5., 2., 38., 49., 19., 7., 51., 19., 0., 2., 7.,
       35., 120., 38., 43., 7., 1., 0., 0., 25., 119., 0., 0., 0., 0.,
       1., 1., 36., 119., 14., 8., 8., 2., 53., 15., 48., 58., 7., 11.,
       20., 30., 24., 2., 3., 13., 9., 47., 98., 39., 16., 14., 52.,
       119., 17., 6., 4., 3., 112., 26., 26., 39., 8., 28., 59., 42.,
       82., 9., 0., 2., 3., 84., 96., 47., 107., 23., 0., 2., 2., 12.,
       45., 29., 17., 4., 4., 33., 24., 67., 119., 25., 119., 20., 2.,
       1., 0., 25., 84., 63., 62., 12., 5., 1., 0., 94., 52., 20., 47.,
       7., 6., 34., 11., 12., 29., 37., 1., 0., 0., 1., 2., 36., 92.,
       37., 18., 3., 2., 13., 19., 60., 79., 18., 17., 13., 98., 62.,
       14., 7., 10., 5., 0., 3., 119., 88., 7., 1., 5., 3., 17., 76.,
       51., 9., 13., 7., 13., 10., 13., 108., 40., 0., 0., 10., 72., 21.,
       10., 16., 2., 0., 21., 63., 44., 22., 0., 0., 1., 1., 31., 120.,
       90., 1., 12., 41., 46., 18., 80., 96., 10., 9., 120., 120., 39.,
       2., 2., 7., 7., 34., 79., 34., 69., 35., 0., 7., 9., 7., 14., 29.,
       53., 16., 1., 41., 32., 2., 4., 0., 0., 0., 40., 120., 19., 9.,
       79., 41., 74., 13., 23., 48., 17., 32., 65., 45., 120., 40., 1.,
       1., 0., 24., 71., 23., 35., 13., 1., 1., 0., 66., 0., 0., 0., 0.,
       37., 120., 0., 0., 4., 3., 13., 8., 46., 120., 15., 4., 96., 31.,
       35., 9., 5., 30., 17., 31., 36., 27., 116., 33., 1., 0., 0., 19.,
       0., 1., 23., 15., 8., 50., 57., 18., 47., 19., 45., 17., 11., 87.,
       28., 23., 128., 21., 9., 0., 0., 1., 15., 115., 11., 0., 0., 0.,
       1., 9., 86., 42., 5., 0., 0., 0., 14., 61., 57., 57., 50., 0., 0.,
       0., 74., 128., 30., 23., 128., 18., 1., 0., 3., 10., 6., 49., 43.,
       9., 5., 11., 6., 4., 11., 10., 7., 4., 50., 21., 18., 8., 3., 18.,
       18., 2., 37., 35., 101., 64., 4., 7., 128., 92., 40., 6., 7., 12.,
       3., 11., 21., 41., 109., 33., 1., 0., 0., 0., 1., 5., 128., 96.,
       0., 0., 0., 0., 5., 17., 128., 48., 7., 1., 0., 1., 7., 74., 115.,
       12., 1., 0., 0., 0., 0., 26., 128., 27., 0., 0., 0., 0., 55., 78.,
       2., 0., 0., 0., 0., 3., 31., 124., 26., 0., 0., 0., 0., 3., 1.,
       72., 31., 20., 4., 1., 0., 0., 0., 1., 3., 78., 66., 15., 10., 0.,
       15., 97., 28., 6., 7., 5., 2., 2., 14., 124., 65., 6., 2., 1., 1.,
       3., 99., 124., 37., 7., 3., 1., 3., 12., 17., 5., 4., 25., 19.,
       23., 51., 9., 20., 122., 48., 71., 52., 4., 0., 0., 99., 124., 7.,
       2., 1., 2., 5., 22., 124., 48., 1., 0., 1., 0., 2., 38., 38., 16.,
       2., 27., 29., 18., 10., 5., 35., 70., 13., 39., 86., 34., 0., 0.,
       124., 124., 3., 0., 1., 0., 0., 1., 65., 124., 27., 1., 0., 0.,
       0., 2., 18., 123., 12., 0., 2., 8., 8., 0., 24., 16., 66., 87.,
       39., 23., 3., 5., 103., 21., 4., 3., 2., 2., 2., 23., 131., 13.,
       0., 0., 0., 0., 2., 51., 53., 9., 0., 0., 0., 4., 36., 29., 131.,
       37., 73., 33., 1., 0., 0., 61., 126., 28., 6., 3., 2., 5., 10.,
       48., 131., 46., 3., 1., 0., 1., 3., 35., 73., 25., 30., 6., 0.,
       0., 0., 3., 131., 2., 1., 3., 1., 0., 1., 131., 58., 1., 0., 0.,
       1., 4., 53., 131., 66., 6., 4., 2., 1., 5., 45., 131., 14., 9.,
       41., 31., 29., 36., 6., 10., 75., 17., 3., 1., 1., 1., 1., 98.,
       131., 14., 0., 1., 1., 0., 3., 79., 22., 2., 25., 28., 19., 10.,
       8., 44., 0., 11., 57., 16., 23., 37., 1., 1., 133., 56., 0., 0.,
       0., 2., 6., 7., 115., 9., 0., 0., 0., 2., 14., 35., 123., 15., 0.,
