%YAML:1.0
tag: !!opencv-matrix
   rows: 41
   cols: 128
   dt: f
   data: [ 42., 3., 8., 73., 4., 0., 1., 93., 171., 69., 28., 55., 2.,
       0., 0., 5., 105., 15., 0., 0., 0., 0., 0., 1., 0., 0., 0., 0., 0.,
       0., 0., 0., 25., 5., 14., 171., 6., 0., 2., 25., 171., 22., 9.,
       40., 1., 0., 0., 15., 158., 2., 0., 0., 0., 0., 0., 7., 1., 0.,
       0., 0., 0., 0., 0., 0., 45., 2., 6., 70., 8., 0., 0., 1., 171.,
       23., 1., 2., 0., 0., 0., 8., 159., 10., 0., 0., 0., 0., 0., 3.,
       1., 0., 0., 0., 0., 0., 0., 0., 40., 0., 0., 1., 17., 1., 0., 3.,
       171., 0., 0., 0., 0., 0., 0., 23., 125., 0., 0., 0., 0., 0., 0.,
       8., 1., 0., 0., 0., 0., 0., 0., 0., 33., 3., 0., 0., 41., 11., 0.,
       0., 190., 28., 0., 0., 0., 0., 0., 0., 130., 9., 0., 0., 0., 0.,
       0., 0., 0., 0., 0., 0., 0., 0., 0., 0., 39., 1., 0., 2., 88., 9.,
       0., 0., 190., 7., 0., 0., 0., 0., 0., 17., 172., 3., 0., 0., 0.,
       0., 0., 8., 1., 0., 0., 0., 0., 0., 0., 0., 40., 1., 0., 6., 87.,
       1., 0., 0., 190., 10., 0., 0., 0., 0., 0., 7., 170., 4., 0., 0.,
       0., 0., 0., 3., 0., 0., 0., 0., 0., 0., 0., 0., 34., 0., 0., 9.,
       52., 0., 0., 2., 190., 1., 0., 0., 0., 0., 0., 33., 119., 1., 0.,
       0., 0., 0., 0., 12., 0., 0., 0., 0., 0., 0., 0., 0., 26., 0., 0.,
       0., 0., 0., 0., 33., 142., 20., 11., 10., 0., 0., 0., 80., 74.,
       96., 15., 5., 0., 0., 0., 3., 14., 8., 0., 0., 0., 0., 0., 0.,
       21., 0., 0., 13., 1., 0., 8., 148., 57., 17., 21., 147., 7., 0.,
       1., 74., 148., 63., 21., 30., 0., 0., 0., 3., 52., 4., 0., 0., 0.,
       0., 0., 1., 1., 0., 10., 148., 3., 0., 13., 92., 87., 11., 16.,
       148., 5., 0., 0., 9., 148., 14., 3., 7., 0., 0., 0., 17., 53., 1.,
       0., 0., 0., 0., 0., 3., 1., 0., 5., 105., 51., 1., 0., 2., 97.,
       4., 3., 25., 1., 0., 0., 2., 148., 15., 0., 0., 0., 0., 0., 6.,
       42., 2., 0., 0., 0., 0., 0., 1., 0., 0., 0., 0., 0., 80., 43., 0.,
       90., 18., 0., 0., 0., 22., 8., 1., 146., 64., 0., 0., 0., 0., 0.,
       0., 30., 7., 0., 0., 0., 0., 0., 0., 2., 92., 17., 0., 2., 144.,
       52., 0., 66., 12., 2., 0., 11., 146., 23., 8., 146., 31., 0., 0.,
       1., 13., 4., 9., 62., 5., 0., 0., 0., 0., 0., 1., 12., 146., 22.,
       0., 2., 13., 4., 1., 43., 114., 6., 0., 24., 146., 10., 7., 146.,
       19., 0., 0., 5., 52., 15., 38., 69., 5., 0., 0., 0., 0., 0., 4.,
       13., 26., 0., 0., 0., 2., 3., 0., 91., 129., 0., 0., 2., 12., 5.,
       4., 103., 21., 0., 0., 1., 12., 13., 71., 30., 0., 0., 0., 0., 0.,
       0., 12., 13., 0., 0., 0., 0., 0., 0., 2., 142., 0., 0., 2., 6.,
       0., 0., 36., 56., 1., 0., 51., 141., 0., 0., 9., 92., 0., 0., 12.,
       34., 0., 0., 44., 29., 1., 0., 0., 1., 0., 0., 2., 142., 3., 0.,
       2., 20., 0., 0., 29., 55., 1., 0., 25., 142., 1., 0., 10., 142.,
       0., 0., 3., 28., 0., 0., 47., 28., 3., 0., 0., 3., 1., 0., 0.,
       142., 19., 0., 4., 24., 0., 0., 2., 63., 6., 0., 25., 142., 0.,
       0., 4., 142., 5., 0., 2., 19., 0., 0., 33., 17., 2., 0., 0., 7.,
       3., 0., 0., 142., 28., 0., 1., 16., 1., 0., 0., 53., 10., 0., 5.,
       142., 12., 0., 0., 142., 14., 0., 1., 15., 2., 0., 1., 54., 49.,
       0., 0., 0., 5., 2., 0., 120., 87., 1., 0., 54., 29., 0., 0., 4.,
       1., 0., 0., 147., 74., 0., 0., 0., 0., 0., 0., 13., 4., 0., 1.,
       48., 7., 0., 0., 3., 18., 3., 1., 147., 26., 0., 1., 42., 14., 0.,
       7., 23., 1., 0., 4., 147., 56., 0., 3., 3., 0., 0., 0., 34., 7.,
       1., 42., 34., 0., 0., 0., 5., 7., 1., 11., 147., 9., 0., 13., 41.,
       1., 0., 37., 25., 3., 0., 44., 147., 10., 8., 24., 8., 0., 0., 1.,
       25., 4., 10., 147., 38., 0., 0., 0., 1., 1., 0., 37., 115., 0.,
       0., 13., 42., 5., 3., 85., 6., 0., 0., 22., 99., 15., 30., 127.,
       3., 0., 0., 0., 2., 1., 19., 147., 2., 1., 16., 147., 5., 0., 0.,
       0., 101., 16., 28., 124., 8., 0., 0., 21., 40., 4., 3., 83., 121.,
       0., 0., 12., 1., 1., 0., 34., 36., 0., 0., 0., 25., 4., 9., 147.,
       11., 0., 0., 1., 147., 11., 7., 24., 26., 4., 0., 40., 40., 2.,
       0., 33., 147., 12., 0., 12., 5., 8., 1., 10., 34., 0., 0., 0.,
       33., 8., 1., 45., 4., 0., 0., 0., 147., 61., 0., 3., 22., 1., 0.,
       3., 42., 15., 0., 6., 147., 31., 0., 1., 3., 18., 3., 1., 49., 9.,
       0., 0., 12., 4., 0., 1., 0., 0., 0., 0., 147., 76., 0., 0., 3.,
       1., 0., 0., 56., 33., 0., 0., 114., 88., 1., 0., 0., 5., 2., 0.,
       55., 54., 0., 0., 4., 0., 0., 1., 17., 1., 0., 2., 130., 0., 0.,
       2., 11., 1., 0., 61., 83., 0., 1., 78., 130., 0., 0., 24., 0., 0.,
       0., 28., 73., 0., 0., 0., 14., 2., 0., 4., 17., 0., 0., 3., 130.,
       30., 0., 3., 22., 4., 0., 54., 56., 10., 0., 40., 130., 66., 0.,
       15., 0., 0., 0., 11., 50., 28., 0., 0., 6., 6., 1., 12., 20., 0.,
       0., 0., 118., 130., 1., 3., 8., 2., 0., 1., 41., 130., 1., 0.,
       94., 130., 0., 0., 0., 1., 0., 0., 70., 130., 0., 0., 0., 0., 0.,
       6., 15., 3., 3., 1., 19., 58., 0., 1., 2., 8., 8., 1., 103., 130.,
       0., 0., 15., 24., 1., 0., 20., 12., 0., 0., 99., 111., 0., 0., 0.,
       0., 0., 6., 1., 0., 0., 0., 4., 0., 0., 16., 6., 0., 0., 53., 22.,
       0., 1., 21., 2., 0., 1., 144., 15., 0., 2., 144., 21., 0., 0.,
       80., 9., 1., 3., 26., 1., 0., 0., 1., 127., 3., 2., 9., 5., 0.,
       1., 144., 32., 1., 3., 144., 67., 0., 2., 144., 0., 0., 7., 144.,
       15., 0., 0., 4., 22., 3., 1., 16., 4., 6., 1., 1., 144., 39., 1.,
       5., 16., 1., 0., 19., 56., 11., 0., 60., 144., 8., 0., 7., 0., 0.,
       0., 25., 54., 3., 0., 0., 11., 1., 0., 0., 7., 14., 3., 3., 144.,
       13., 0., 1., 13., 3., 0., 27., 49., 4., 0., 19., 144., 4., 0., 6.,
       0., 0., 0., 4., 50., 1., 0., 0., 29., 4., 0., 0., 42., 9., 0., 1.,
       153., 35., 0., 0., 0., 0., 0., 2., 68., 9., 0., 0., 2., 0., 0.,
       0., 0., 0., 0., 2., 130., 6., 0., 0., 27., 2., 0., 0., 83., 16.,
       0., 3., 153., 20., 0., 0., 0., 0., 0., 11., 112., 5., 0., 0., 3.,
       0., 0., 2., 0., 0., 0., 10., 153., 2., 0., 0., 26., 2., 0., 0.,
       111., 26., 0., 1., 153., 12., 0., 0., 1., 0., 0., 8., 116., 2.,
       0., 1., 5., 0., 0., 3., 0., 0., 0., 16., 153., 0., 0., 0., 22.,
       0., 0., 0., 123., 16., 0., 1., 153., 5., 0., 0., 1., 0., 0., 8.,
       87., 2., 0., 0., 5., 0., 0., 3., 0., 0., 0., 5., 153., 4., 0., 0.,
       27., 5., 0., 0., 60., 5., 0., 0., 151., 40., 0., 0., 0., 4., 5.,
       5., 58., 6., 0., 0., 0., 80., 52., 5., 0., 0., 0., 0., 42., 151.,
       41., 0., 24., 2., 0., 5., 85., 3., 0., 3., 151., 18., 0., 0., 0.,
       0., 0., 18., 113., 4., 0., 0., 2., 4., 1., 4., 0., 0., 0., 1.,
       148., 42., 1., 0., 24., 3., 0., 1., 89., 11., 0., 2., 151., 25.,
       0., 0., 0., 0., 0., 9., 115., 7., 0., 0., 3., 0., 0., 2., 0., 0.,
       0., 11., 151., 2., 0., 0., 20., 1., 0., 0., 89., 8., 0., 3., 151.,
       4., 0., 0., 0., 0., 0., 24., 89., 1., 0., 1., 3., 0., 0., 7., 0.,
       0., 0., 20., 136., 0., 0., 0., 0., 0., 0., 1., 4., 0., 0., 0.,
       87., 0., 0., 0., 0., 0., 0., 6., 164., 2., 0., 1., 17., 1., 0.,
       11., 16., 0., 0., 6., 164., 7., 0., 1., 0., 0., 0., 0., 5., 0.,
       0., 0., 116., 3., 0., 0., 0., 0., 0., 2., 164., 15., 0., 1., 20.,
       1., 0., 3., 21., 1., 0., 7., 164., 15., 0., 0., 0., 0., 0., 0.,
       5., 0., 0., 0., 113., 2., 0., 0., 0., 0., 0., 3., 164., 9., 0.,
       3., 22., 0., 0., 5., 21., 1., 0., 24., 164., 1., 0., 0., 0., 0.,
       0., 0., 4., 0., 0., 0., 91., 1., 0., 0., 0., 0., 0., 5., 164., 3.,
       0., 2., 22., 1., 0., 18., 14., 0., 0., 14., 164., 2., 0., 1., 45.,
       4., 0., 1., 20., 0., 0., 0., 196., 33., 0., 0., 0., 0., 0., 0.,
       128., 8., 0., 0., 0., 0., 0., 0., 1., 0., 0., 0., 0., 0., 0., 0.,
       49., 3., 0., 5., 21., 0., 0., 0., 196., 17., 0., 0., 0., 0., 0.,
       5., 180., 2., 0., 0., 0., 0., 0., 5., 1., 0., 0., 0., 0., 0., 0.,
       0., 48., 2., 0., 5., 15., 0., 0., 1., 196., 13., 0., 0., 0., 0.,
       0., 12., 176., 2., 0., 0., 0., 0., 0., 7., 1., 0., 0., 0., 0., 0.,
