%YAML:1.0
tag: !!opencv-matrix
   rows: 121
   cols: 128
   dt: f
   data: [ 3., 2., 0., 0., 0., 0., 0., 0., 146., 89., 0., 0., 0., 0., 0.,
       0., 146., 105., 0., 0., 0., 0., 0., 0., 7., 4., 0., 0., 0., 0.,
       0., 0., 0., 0., 0., 0., 0., 0., 0., 0., 136., 48., 0., 0., 0., 0.,
       0., 12., 146., 95., 0., 0., 0., 0., 0., 21., 30., 7., 0., 0., 0.,
       0., 0., 1., 0., 0., 0., 0., 0., 0., 17., 25., 71., 2., 0., 0., 0.,
       0., 19., 146., 146., 4., 0., 0., 0., 0., 1., 146., 20., 0., 0.,
       0., 0., 0., 0., 9., 0., 0., 0., 0., 0., 0., 146., 111., 5., 0.,
       0., 0., 0., 0., 95., 146., 14., 0., 0., 0., 0., 0., 5., 110., 1.,
       0., 0., 0., 0., 0., 0., 2., 3., 0., 0., 0., 4., 1., 0., 7., 5.,
       0., 0., 0., 0., 14., 35., 29., 0., 0., 0., 0., 0., 36., 18., 1.,
       4., 0., 0., 0., 0., 2., 1., 32., 35., 3., 0., 1., 4., 0., 0., 9.,
       148., 9., 0., 0., 0., 39., 65., 86., 14., 0., 0., 0., 0., 148.,
       122., 22., 13., 0., 0., 0., 0., 37., 61., 148., 35., 5., 0., 1.,
       1., 0., 0., 0., 148., 28., 0., 0., 0., 6., 10., 20., 113., 2., 0.,
       0., 0., 139., 126., 28., 2., 0., 0., 0., 0., 36., 137., 141., 27.,
       0., 0., 0., 0., 0., 0., 5., 148., 2., 0., 0., 0., 0., 0., 46.,
       131., 0., 0., 0., 0., 4., 11., 21., 0., 0., 0., 0., 0., 2., 16.,
       7., 3., 37., 159., 0., 0., 0., 0., 0., 87., 147., 119., 0., 0.,
       0., 0., 0., 43., 31., 11., 34., 0., 0., 0., 0., 0., 0., 64., 127.,
       0., 0., 0., 0., 31., 11., 38., 0., 0., 0., 0., 2., 159., 50., 17.,
       13., 0., 0., 0., 13., 90., 18., 28., 159., 8., 0., 0., 1., 0., 0.,
       64., 159., 1., 0., 0., 0., 39., 2., 0., 0., 0., 0., 0., 2., 159.,
       50., 27., 66., 5., 0., 0., 5., 18., 12., 19., 159., 41., 0., 0.,
       0., 0., 0., 2., 51., 4., 0., 0., 0., 11., 6., 0., 0., 0., 0., 0.,
       0., 28., 39., 39., 32., 2., 0., 0., 0., 0., 2., 13., 52., 12., 0.,
       0., 1., 0., 0., 0., 1., 0., 0., 9., 7., 12., 1., 0., 1., 4., 0.,
       2., 13., 19., 1., 0., 0., 1., 47., 45., 35., 0., 0., 0., 0., 3.,
       53., 7., 0., 0., 0., 0., 0., 0., 1., 0., 1., 48., 12., 0., 1., 1.,
       0., 0., 5., 164., 24., 0., 0., 2., 94., 41., 48., 14., 0., 0., 0.,
       22., 164., 23., 9., 0., 0., 0., 0., 3., 40., 23., 74., 41., 4.,
       0., 0., 0., 0., 0., 1., 164., 17., 0., 0., 0., 20., 8., 28., 81.,
       0., 0., 0., 13., 164., 58., 18., 0., 0., 0., 0., 2., 93., 154.,
       164., 38., 0., 0., 0., 0., 0., 0., 18., 164., 0., 0., 0., 0., 0.,
       0., 99., 68., 0., 0., 0., 0., 29., 19., 21., 0., 0., 0., 0., 0.,
       12., 46., 25., 19., 1., 0., 0., 5., 0., 0., 0., 163., 12., 0., 0.,
       0., 0., 0., 6., 142., 2., 0., 2., 1., 0., 0., 4., 0., 0., 0., 62.,
       90., 0., 0., 0., 24., 1., 0., 1., 5., 0., 0., 1., 163., 45., 13.,
       0., 0., 0., 0., 17., 130., 30., 93., 78., 1., 0., 0., 5., 0., 0.,
       33., 163., 63., 0., 0., 0., 10., 3., 0., 0., 1., 0., 0., 0., 99.,
       128., 94., 1., 0., 0., 0., 1., 16., 50., 163., 110., 0., 0., 0.,
       0., 0., 0., 72., 163., 3., 0., 0., 0., 0., 0., 0., 0., 0., 0., 0.,
       0., 0., 4., 10., 0., 0., 0., 0., 0., 0., 1., 22., 3., 0., 0., 0.,
       0., 0., 0., 3., 2., 0., 0., 0., 0., 7., 43., 34., 0., 0., 0., 0.,
       0., 0., 5., 44., 0., 0., 0., 0., 0., 0., 8., 15., 0., 0., 0., 0.,
       0., 0., 1., 0., 0., 0., 0., 0., 0., 1., 146., 170., 0., 0., 0.,
       0., 0., 14., 73., 170., 1., 0., 0., 0., 0., 102., 150., 100., 0.,
       0., 0., 0., 1., 15., 7., 0., 0., 0., 0., 0., 0., 0., 23., 79., 0.,
       0., 0., 0., 0., 132., 41., 119., 0., 0., 0., 0., 9., 170., 51.,
       13., 0., 0., 0., 0., 32., 35., 1., 0., 0., 0., 0., 0., 3., 0., 0.,
       0., 0., 0., 0., 2., 0., 152., 0., 0., 0., 0., 0., 2., 25., 170.,
       0., 0., 0., 0., 0., 0., 45., 18., 0., 0., 0., 0., 0., 0., 2., 0.,
       0., 0., 0., 0., 0., 0., 0., 141., 4., 0., 0., 0., 0., 0., 23.,
       178., 8., 0., 0., 0., 0., 0., 82., 21., 0., 0., 0., 0., 0., 2.,
       13., 0., 0., 0., 0., 1., 3., 100., 3., 150., 15., 0., 0., 0., 0.,
       100., 43., 178., 41., 0., 0., 0., 0., 11., 48., 34., 3., 0., 0.,
       0., 0., 0., 1., 0., 0., 0., 0., 0., 3., 178., 16., 17., 0., 0.,
       0., 0., 0., 178., 84., 106., 2., 0., 0., 0., 0., 97., 155., 15.,
       0., 0., 0., 0., 0., 0., 7., 0., 0., 0., 0., 0., 0., 46., 2., 0.,
       0., 0., 0., 0., 0., 48., 4., 0., 0., 0., 0., 0., 0., 15., 8., 0.,
       0., 0., 0., 0., 0., 0., 1., 3., 5., 60., 23., 0., 0., 0., 0., 50.,
       21., 3., 2., 0., 0., 0., 3., 29., 6., 0., 0., 0., 0., 0., 1., 0.,
       0., 0., 0., 0., 0., 0., 0., 2., 5., 3., 0., 0., 0., 0., 0., 165.,
       90., 0., 0., 0., 0., 0., 11., 165., 78., 0., 0., 0., 0., 0., 21.,
       28., 1., 0., 0., 0., 0., 0., 2., 3., 0., 0., 0., 0., 0., 0., 10.,
       149., 6., 0., 0., 0., 0., 0., 165., 165., 10., 0., 0., 0., 0., 0.,
       165., 33., 0., 0., 0., 0., 0., 0., 12., 22., 0., 0., 0., 0., 0.,
       0., 101., 107., 0., 0., 0., 0., 0., 0., 165., 53., 0., 0., 0., 0.,
       0., 0., 165., 2., 0., 0., 0., 0., 0., 0., 4., 5., 3., 0., 0., 0.,
       0., 0., 0., 160., 136., 0., 0., 0., 0., 0., 0., 160., 143., 0.,
       0., 0., 0., 0., 0., 7., 4., 0., 0., 0., 0., 0., 0., 1., 0., 0.,
       0., 0., 0., 0., 0., 160., 63., 0., 0., 0., 0., 0., 21., 160.,
       130., 0., 0., 0., 0., 0., 33., 36., 8., 0., 0., 0., 0., 0., 2.,
       4., 0., 0., 0., 1., 13., 15., 16., 119., 2., 0., 0., 0., 0., 4.,
       160., 160., 4., 0., 0., 0., 0., 0., 160., 23., 0., 0., 0., 0., 0.,
       0., 7., 4., 0., 0., 0., 2., 24., 10., 6., 30., 0., 0., 0., 0., 0.,
       0., 46., 20., 0., 0., 0., 0., 0., 0., 23., 1., 0., 0., 0., 0., 0.,
       0., 0., 0., 13., 76., 0., 0., 1., 5., 0., 0., 12., 63., 0., 0.,
       2., 13., 0., 0., 12., 18., 0., 0., 4., 22., 0., 0., 1., 0., 0.,
       0., 5., 29., 0., 0., 62., 173., 0., 0., 0., 0., 0., 13., 131.,
       173., 0., 0., 0., 0., 0., 102., 173., 95., 0., 0., 0., 0., 1.,
       19., 11., 0., 0., 0., 0., 0., 0., 0., 10., 59., 0., 0., 0., 0.,
       0., 120., 50., 77., 0., 0., 0., 0., 13., 173., 58., 10., 0., 0.,
       0., 0., 43., 46., 2., 0., 0., 0., 0., 0., 5., 0., 0., 0., 0., 0.,
       0., 6., 2., 142., 0., 0., 0., 0., 0., 7., 33., 173., 0., 0., 0.,
       0., 0., 0., 62., 24., 0., 0., 0., 0., 0., 0., 4., 0., 0., 0., 0.,
       1., 0., 0., 0., 152., 18., 0., 0., 0., 0., 0., 0., 175., 42., 0.,
       0., 0., 0., 0., 0., 24., 3., 0., 0., 25., 3., 0., 0., 0., 0., 0.,
       0., 4., 4., 59., 6., 133., 10., 0., 0., 0., 0., 69., 44., 175.,
       33., 0., 0., 0., 0., 7., 50., 42., 3., 0., 0., 22., 3., 0., 1.,
       0., 0., 0., 0., 1., 5., 175., 40., 17., 0., 0., 0., 0., 0., 175.,
       122., 111., 1., 0., 0., 0., 0., 86., 175., 18., 0., 0., 0., 14.,
       2., 0., 9., 0., 0., 0., 0., 0., 0., 76., 8., 0., 0., 0., 0., 0.,
       0., 68., 11., 0., 0., 0., 0., 0., 0., 19., 14., 0., 0., 0., 0.,
       7., 1., 0., 1., 0., 0., 29., 4., 0., 0., 0., 0., 114., 27., 17.,
       1., 0., 0., 0., 0., 155., 52., 0., 0., 0., 0., 0., 0., 30., 4.,
       0., 0., 0., 0., 0., 0., 0., 0., 0., 0., 0., 0., 26., 9., 109., 9.,
       0., 0., 0., 0., 46., 33., 155., 34., 0., 0., 0., 0., 5., 39., 53.,
       4., 0., 0., 0., 0., 0., 1., 30., 41., 5., 0., 0., 0., 86., 76.,
       31., 40., 4., 0., 0., 0., 155., 145., 127., 7., 0., 0., 0., 0.,
       70., 155., 26., 0., 0., 0., 0., 0., 0., 13., 14., 103., 33., 0.,
       0., 0., 2., 7., 16., 155., 45., 0., 0., 0., 19., 21., 18., 155.,
       4., 0., 0., 0., 13., 24., 3., 8., 0., 0., 0., 0., 0., 2., 0., 15.,
       52., 0., 0., 2., 5., 0., 0., 6., 51., 0., 0., 2., 15., 0., 0.,
       11., 19., 0., 0., 0., 17., 1., 0., 2., 0., 0., 0., 0., 7., 2., 0.,
       74., 156., 0., 0., 0., 0., 0., 11., 71., 156., 0., 0., 0., 0., 0.,
       94., 152., 104., 0., 0., 0., 0., 2., 20., 12., 0., 0., 0., 0., 0.,
       1., 0., 14., 63., 0., 0., 1., 6., 0., 98., 33., 87., 0., 0., 0.,
       2., 18., 156., 44., 11., 0., 0., 0., 0., 51., 42., 2., 0., 0., 0.,
       0., 0., 6., 0., 0., 0., 0., 0., 27., 156., 0., 59., 0., 0., 0.,
