%YAML:1.0
tag: !!opencv-matrix
   rows: 95
   cols: 128
   dt: f
   data: [ 0., 0., 0., 0., 1., 0., 0., 0., 121., 2., 0., 0., 0., 0., 0.,
       3., 174., 6., 0., 0., 0., 0., 0., 7., 58., 2., 0., 0., 6., 15.,
       0., 2., 0., 0., 0., 0., 1., 1., 0., 0., 155., 3., 0., 0., 0., 1.,
       0., 3., 174., 7., 0., 0., 0., 0., 0., 11., 75., 4., 5., 2., 1.,
       1., 0., 2., 0., 0., 0., 0., 0., 0., 0., 0., 139., 11., 0., 0., 0.,
       0., 0., 2., 174., 95., 30., 2., 0., 0., 0., 3., 36., 26., 139.,
       54., 0., 0., 0., 1., 0., 0., 0., 0., 0., 0., 0., 0., 37., 28., 1.,
       0., 0., 0., 0., 0., 59., 122., 115., 10., 0., 0., 0., 0., 1., 12.,
       174., 75., 0., 0., 0., 0., 0., 0., 0., 0., 5., 0., 0., 0., 18.,
       0., 0., 0., 0., 0., 2., 23., 22., 0., 0., 0., 0., 0., 113., 113.,
       0., 0., 0., 0., 0., 2., 145., 16., 0., 0., 0., 0., 7., 0., 0., 0.,
       129., 0., 0., 0., 0., 0., 0., 21., 145., 4., 0., 0., 0., 0., 50.,
       145., 22., 2., 3., 0., 0., 2., 145., 35., 0., 0., 0., 0., 7., 0.,
       0., 0., 125., 22., 0., 0., 0., 0., 0., 1., 145., 145., 60., 0.,
       0., 0., 0., 3., 20., 36., 145., 4., 0., 0., 2., 2., 0., 0., 0.,
       0., 5., 0., 0., 0., 14., 23., 2., 0., 0., 0., 0., 0., 17., 102.,
       111., 0., 0., 0., 0., 0., 0., 14., 145., 2., 0., 0., 0., 0., 2.,
       2., 1., 0., 1., 9., 76., 39., 22., 12., 7., 0., 0., 0., 46., 149.,
       63., 16., 4., 0., 0., 0., 2., 149., 8., 1., 0., 0., 0., 0., 0.,
       7., 5., 22., 79., 40., 51., 16., 39., 24., 31., 131., 149., 0.,
       0., 0., 14., 64., 124., 149., 53., 0., 0., 0., 0., 18., 20., 9.,
       0., 0., 0., 0., 0., 0., 0., 2., 22., 31., 126., 0., 0., 0., 111.,
       32., 47., 1., 1., 0., 0., 8., 149., 38., 5., 0., 0., 0., 0., 29.,
       42., 1., 0., 0., 0., 0., 0., 3., 0., 0., 1., 24., 65., 0., 0., 0.,
       124., 0., 0., 0., 0., 0., 0., 13., 149., 0., 0., 0., 0., 0., 0.,
       35., 24., 0., 0., 0., 0., 0., 0., 3., 3., 27., 151., 13., 0., 0.,
       0., 0., 33., 129., 145., 16., 2., 1., 0., 1., 3., 9., 100., 55.,
       7., 6., 5., 0., 0., 0., 14., 2., 0., 0., 1., 0., 44., 25., 81.,
       3., 0., 0., 0., 0., 151., 73., 18., 3., 2., 6., 11., 21., 44., 4.,
       9., 12., 8., 36., 120., 21., 0., 0., 1., 0., 0., 1., 24., 1., 34.,
       1., 0., 0., 0., 0., 118., 35., 151., 6., 0., 0., 0., 0., 36.,
       111., 105., 0., 0., 0., 0., 2., 43., 33., 0., 0., 0., 0., 0., 0.,
       9., 1., 1., 0., 0., 0., 0., 0., 151., 42., 42., 0., 0., 0., 0.,
       0., 121., 139., 23., 0., 0., 0., 0., 0., 3., 29., 0., 0., 0., 0.,
       0., 0., 0., 0., 0., 3., 4., 2., 0., 0., 0., 0., 0., 1., 20., 39.,
       0., 0., 0., 0., 4., 29., 44., 15., 0., 0., 0., 0., 5., 11., 2.,
       0., 0., 0., 0., 0., 0., 65., 113., 41., 0., 0., 0., 0., 11., 14.,
       112., 141., 0., 0., 0., 0., 141., 89., 77., 45., 0., 0., 0., 9.,
       50., 12., 0., 0., 0., 0., 0., 4., 0., 71., 141., 52., 19., 4., 0.,
       0., 94., 34., 140., 141., 0., 0., 0., 3., 141., 74., 14., 9., 0.,
       0., 0., 30., 43., 23., 5., 0., 0., 0., 0., 6., 0., 2., 24., 21.,
       51., 6., 2., 0., 51., 51., 16., 5., 0., 0., 2., 9., 95., 141.,
       26., 0., 0., 0., 7., 14., 15., 141., 38., 2., 0., 0., 1., 5., 0.,
       0., 1., 6., 52., 21., 24., 2., 50., 9., 2., 0., 0., 5., 16., 52.,
       92., 15., 7., 0., 0., 0., 27., 142., 18., 6., 1., 0., 0., 0., 36.,
       142., 0., 0., 0., 4., 19., 55., 142., 69., 96., 2., 0., 0., 0.,
       142., 136., 36., 142., 26., 0., 0., 0., 8., 13., 77., 42., 5., 0.,
       0., 0., 0., 5., 25., 0., 0., 0., 0., 0., 44., 111., 63., 12., 0.,
       0., 0., 0., 142., 108., 15., 142., 9., 0., 0., 0., 42., 75., 89.,
       49., 4., 0., 0., 0., 0., 0., 10., 4., 4., 0., 0., 0., 3., 3., 3.,
       0., 0., 0., 0., 0., 40., 21., 1., 5., 0., 0., 0., 0., 14., 45.,
       30., 5., 0., 0., 0., 0., 0., 1., 10., 0., 0., 0., 0., 77., 3., 0.,
       0., 77., 1., 0., 0., 0., 0., 0., 12., 132., 3., 0., 0., 0., 0.,
       34., 83., 15., 0., 0., 0., 0., 0., 109., 24., 0., 0., 0., 0., 93.,
       18., 18., 0., 102., 3., 0., 0., 0., 0., 24., 14., 132., 16., 0.,
       0., 0., 0., 1., 12., 40., 7., 3., 0., 0., 0., 2., 2., 0., 0., 1.,
       16., 33., 81., 132., 0., 30., 4., 20., 32., 7., 21., 132., 31.,
       132., 90., 95., 4., 0., 0., 8., 29., 13., 89., 117., 0., 0., 0.,
       0., 0., 0., 0., 7., 132., 35., 19., 22., 0., 0., 1., 58., 109.,
       6., 6., 6., 0., 1., 30., 116., 8., 0., 0., 0., 0., 0., 92., 107.,
       0., 0., 0., 0., 0., 0., 0., 0., 17., 47., 12., 23., 4., 20., 2.,
       1., 0., 0., 9., 13., 21., 52., 9., 8., 0., 0., 0., 45., 140., 10.,
       10., 6., 0., 0., 0., 69., 115., 0., 0., 0., 6., 8., 49., 140.,
       66., 58., 1., 0., 0., 3., 140., 67., 17., 140., 11., 0., 0., 0.,
       14., 11., 65., 28., 2., 0., 0., 0., 0., 11., 22., 0., 0., 11., 2.,
       1., 29., 48., 27., 10., 0., 11., 5., 11., 140., 30., 9., 140., 8.,
       14., 2., 1., 53., 34., 50., 30., 5., 34., 3., 0., 0., 0., 2., 0.,
       0., 140., 21., 0., 0., 0., 0., 0., 0., 140., 36., 4., 16., 3., 1.,
       7., 5., 140., 28., 1., 9., 8., 9., 2., 3., 140., 21., 0., 0., 0.,
       0., 0., 0., 1., 2., 1., 2., 0., 0., 0., 1., 6., 31., 6., 62., 2.,
       0., 4., 7., 12., 17., 10., 143., 12., 1., 1., 0., 0., 0., 0.,
       143., 13., 0., 0., 37., 59., 36., 1., 0., 0., 0., 14., 11., 41.,
       143., 5., 0., 0., 0., 143., 46., 40., 54., 2., 36., 8., 12., 17.,
       1., 0., 0., 0., 143., 23., 5., 0., 72., 143., 53., 8., 6., 0., 0.,
       76., 19., 71., 143., 1., 0., 0., 2., 143., 63., 11., 11., 0., 0.,
       0., 19., 23., 19., 8., 0., 0., 43., 4., 3., 0., 3., 19., 13., 41.,
       12., 0., 0., 26., 29., 10., 7., 0., 0., 1., 3., 57., 143., 48.,
       0., 0., 0., 9., 11., 10., 121., 63., 0., 0., 0., 5., 9., 0., 1.,
       0., 1., 0., 0., 0., 0., 0., 0., 10., 35., 5., 1., 0., 0., 2., 6.,
       20., 28., 125., 68., 8., 1., 0., 0., 0., 0., 61., 78., 112., 20.,
       0., 27., 51., 32., 1., 0., 0., 0., 13., 11., 37., 140., 13., 0.,
       0., 0., 140., 49., 48., 68., 8., 18., 17., 14., 21., 1., 0., 0.,
       3., 25., 126., 29., 0., 78., 140., 62., 9., 7., 0., 0., 73., 19.,
       74., 140., 6., 0., 0., 2., 140., 68., 12., 17., 0., 0., 0., 17.,
       28., 23., 10., 0., 0., 0., 1., 3., 0., 5., 30., 15., 53., 20., 0.,
       0., 27., 27., 17., 12., 0., 0., 1., 3., 67., 140., 53., 0., 0.,
       0., 8., 11., 11., 130., 73., 0., 0., 0., 6., 11., 0., 0., 0., 14.,
       47., 15., 25., 4., 33., 3., 1., 0., 0., 9., 13., 34., 68., 11.,
       9., 0., 0., 0., 55., 141., 10., 9., 4., 0., 0., 0., 66., 130., 0.,
       0., 0., 7., 10., 64., 141., 80., 87., 4., 0., 0., 2., 141., 75.,
       20., 141., 25., 0., 0., 0., 13., 11., 63., 25., 3., 0., 0., 0.,
       0., 7., 19., 0., 0., 0., 0., 1., 37., 58., 34., 16., 1., 2., 7.,
       13., 141., 39., 12., 141., 14., 3., 2., 2., 55., 38., 62., 34.,
       5., 0., 0., 0., 0., 0., 4., 0., 0., 0., 14., 6., 1., 1., 1., 0.,
       6., 39., 141., 37., 19., 4., 1., 16., 123., 111., 35., 4., 9., 8.,
       15., 7., 79., 31., 0., 0., 0., 0., 2., 0., 0., 0., 16., 53., 16.,
       30., 6., 35., 3., 1., 0., 0., 12., 17., 32., 82., 11., 8., 0., 0.,
       0., 55., 149., 11., 9., 4., 2., 10., 2., 73., 137., 0., 0., 0.,
       7., 9., 67., 149., 93., 84., 3., 0., 0., 2., 149., 88., 21., 149.,
       26., 0., 0., 0., 18., 13., 67., 32., 3., 0., 14., 42., 1., 8.,
       19., 0., 0., 0., 0., 0., 37., 61., 38., 14., 0., 0., 0., 6., 149.,
       47., 12., 149., 9., 0., 0., 0., 71., 60., 75., 37., 3., 0., 29.,
       82., 0., 0., 6., 0., 0., 0., 0., 1., 1., 1., 1., 0., 0., 0., 0.,
       2., 34., 12., 1., 7., 0., 0., 0., 1., 19., 37., 24., 4., 0., 0.,
       38., 110., 0., 1., 5., 0., 0., 0., 1., 0., 0., 83., 146., 0., 1.,
       13., 33., 1., 0., 37., 65., 8., 27., 32., 17., 0., 0., 5., 9., 5.,
       7., 0., 0., 0., 0., 0., 0., 1., 38., 61., 41., 1., 0., 7., 14.,
       17., 13., 50., 146., 4., 0., 0., 1., 146., 71., 54., 59., 0., 0.,
       0., 10., 34., 5., 0., 0., 0., 0., 0., 4., 0., 84., 146., 69., 9.,
