%YAML:1.0
tag: !!opencv-matrix
   rows: 102
   cols: 128
   dt: f
   data: [ 0., 19., 23., 0., 0., 0., 0., 0., 26., 125., 37., 0., 0., 0.,
       0., 1., 13., 23., 1., 3., 45., 13., 0., 0., 0., 0., 0., 6., 153.,
       110., 1., 0., 22., 40., 15., 0., 0., 0., 0., 6., 153., 153., 22.,
       0., 0., 0., 1., 24., 84., 27., 2., 16., 21., 5., 0., 2., 0., 0.,
       0., 41., 153., 72., 1., 0., 14., 2., 0., 0., 0., 0., 17., 37.,
       153., 7., 0., 0., 0., 0., 34., 153., 60., 2., 0., 4., 22., 16.,
       4., 29., 0., 0., 0., 69., 153., 12., 0., 0., 0., 3., 8., 0., 0.,
       0., 8., 7., 16., 52., 31., 0., 0., 0., 18., 55., 18., 21., 1., 0.,
       19., 11., 1., 8., 0., 0., 0., 7., 153., 34., 0., 0., 2., 23., 64.,
       6., 0., 0., 2., 9., 10., 113., 64., 5., 1., 0., 0., 1., 3., 11.,
       7., 21., 39., 3., 0., 0., 0., 0., 5., 145., 145., 20., 0., 0.,
       15., 46., 49., 2., 0., 0., 0., 7., 145., 145., 49., 1., 0., 0.,
       0., 40., 69., 25., 0., 2., 44., 17., 1., 2., 0., 0., 0., 9., 145.,
       145., 1., 0., 6., 1., 0., 0., 0., 0., 1., 12., 145., 11., 0., 0.,
       0., 0., 8., 138., 70., 15., 0., 0., 5., 9., 4., 19., 1., 0., 0.,
       0., 145., 145., 3., 2., 0., 0., 0., 0., 0., 0., 0., 0., 5., 1.,
       9., 2., 0., 0., 8., 22., 15., 24., 26., 2., 0., 1., 5., 20., 3.,
       8., 1., 0., 43., 50., 2., 2., 1., 6., 9., 4., 4., 3., 0., 0., 3.,
       4., 3., 2., 5., 3., 3., 7., 23., 1., 1., 1., 0., 0., 1., 139.,
       59., 0., 0., 0., 0., 0., 0., 155., 4., 2., 1., 1., 2., 10., 11.,
       2., 44., 5., 1., 0., 2., 6., 8., 19., 155., 21., 0., 0., 0., 0.,
       1., 155., 93., 13., 0., 0., 0., 0., 0., 155., 2., 3., 4., 2., 5.,
       18., 5., 1., 33., 21., 6., 5., 5., 6., 4., 2., 155., 155., 1., 0.,
       0., 1., 1., 20., 79., 155., 0., 0., 0., 0., 0., 14., 0., 0., 0.,
       0., 22., 95., 2., 1., 1., 6., 4., 2., 3., 12., 11., 2., 17., 114.,
       5., 3., 2., 5., 10., 2., 53., 155., 5., 1., 1., 0., 0., 2., 0.,
       0., 0., 20., 14., 1., 1., 2., 2., 0., 1., 1., 0., 1., 3., 8., 3.,
       0., 1., 1., 0., 1., 38., 75., 0., 0., 0., 0., 0., 15., 140., 43.,
       2., 3., 1., 2., 16., 2., 0., 1., 48., 3., 2., 6., 1., 1., 1., 17.,
       140., 5., 0., 0., 0., 0., 38., 140., 34., 1., 0., 0., 1., 52.,
       140., 129., 3., 2., 0., 0., 30., 26., 0., 0., 66., 16., 0., 2.,
       2., 1., 0., 3., 140., 140., 0., 0., 0., 0., 1., 27., 127., 82.,
       1., 1., 5., 18., 15., 22., 1., 0., 0., 0., 63., 72., 0., 0., 13.,
       10., 0., 0., 2., 3., 1., 1., 140., 140., 0., 0., 0., 0., 0., 0.,
       95., 140., 36., 7., 1., 0., 0., 0., 0., 0., 0., 6., 99., 1., 1.,
       1., 5., 1., 2., 2., 1., 1., 3., 14., 9., 0., 0., 2., 0., 1., 76.,
       86., 1., 0., 0., 0., 0., 7., 140., 15., 0., 1., 2., 6., 125., 0.,
       0., 1., 79., 4., 2., 2., 1., 1., 1., 21., 140., 8., 0., 0., 0.,
       0., 58., 140., 26., 5., 5., 1., 0., 8., 140., 55., 3., 1., 0., 4.,
       121., 1., 0., 2., 85., 18., 0., 1., 2., 2., 2., 3., 140., 140.,
       43., 0., 0., 0., 0., 9., 28., 57., 140., 12., 0., 1., 6., 5., 3.,
       2., 0., 2., 95., 1., 0., 1., 14., 13., 1., 1., 1., 0., 3., 3.,
       21., 94., 71., 4., 0., 0., 1., 1., 0., 17., 140., 14., 0., 0., 0.,
       0., 0., 0., 0., 3., 105., 2., 0., 0., 65., 1., 0., 0., 1., 1., 0.,
       5., 115., 0., 0., 0., 35., 40., 5., 31., 8., 2., 0., 0., 76., 45.,
       1., 1., 0., 0., 0., 3., 136., 2., 0., 0., 96., 7., 1., 0., 2., 0.,
       0., 3., 142., 3., 0., 0., 43., 43., 5., 26., 8., 1., 0., 0., 141.,
       95., 2., 4., 0., 0., 0., 1., 132., 8., 0., 0., 97., 4., 0., 0.,
       2., 3., 0., 3., 142., 6., 0., 0., 34., 24., 2., 13., 17., 0., 0.,
       0., 142., 88., 1., 4., 0., 0., 0., 1., 105., 4., 0., 0., 70., 2.,
       0., 1., 2., 3., 0., 1., 142., 5., 0., 0., 15., 10., 0., 6., 27.,
       0., 0., 0., 142., 77., 1., 3., 0., 0., 1., 0., 80., 47., 4., 1.,
       9., 1., 1., 1., 2., 1., 3., 13., 15., 0., 0., 0., 0., 9., 76.,
       63., 0., 0., 1., 0., 0., 43., 115., 6., 0., 0., 0., 4., 137., 13.,
       0., 0., 77., 4., 3., 7., 6., 2., 2., 12., 137., 6., 1., 0., 0.,
       4., 60., 129., 25., 3., 9., 8., 2., 82., 137., 35., 0., 0., 0.,
       2., 137., 7., 0., 0., 71., 15., 1., 1., 6., 2., 3., 6., 137.,
       129., 64., 5., 0., 0., 1., 10., 27., 31., 137., 105., 1., 7., 9.,
       5., 0., 0., 2., 48., 112., 5., 0., 0., 6., 14., 2., 4., 5., 1.,
       0., 2., 12., 71., 73., 9., 1., 0., 0., 2., 1., 7., 114., 44., 1.,
       0., 0., 2., 2., 0., 0., 0., 108., 3., 1., 1., 92., 2., 0., 0., 1.,
       0., 0., 7., 135., 9., 0., 9., 6., 0., 0., 9., 29., 6., 0., 101.,
       117., 0., 0., 0., 0., 0., 1., 1., 133., 5., 0., 1., 110., 8., 2.,
       1., 1., 0., 0., 4., 135., 34., 4., 33., 17., 0., 0., 2., 15., 7.,
       3., 135., 135., 0., 0., 0., 0., 1., 1., 5., 135., 5., 0., 0.,
       110., 6., 1., 1., 1., 0., 0., 7., 135., 37., 12., 60., 25., 0.,
       0., 5., 3., 3., 4., 126., 103., 0., 0., 1., 0., 1., 0., 1., 121.,
       9., 1., 0., 62., 14., 1., 0., 2., 1., 2., 4., 53., 37., 27., 54.,
       12., 0., 0., 1., 3., 0., 3., 50., 36., 1., 0., 5., 27., 1., 2.,
       4., 2., 1., 0., 1., 129., 10., 1., 4., 2., 0., 0., 1., 58., 7.,
       1., 89., 126., 0., 0., 0., 1., 0., 0., 47., 81., 0., 0., 0., 32.,
       1., 0., 0., 3., 8., 10., 2., 129., 13., 1., 11., 11., 0., 1., 6.,
       45., 7., 1., 117., 129., 0., 0., 0., 1., 1., 0., 32., 50., 0., 1.,
       0., 11., 0., 0., 0., 0., 79., 129., 13., 129., 7., 1., 15., 21.,
       21., 80., 61., 16., 4., 1., 68., 129., 47., 13., 2., 2., 0., 0.,
       7., 21., 15., 16., 2., 0., 1., 14., 4., 0., 42., 94., 1., 2., 3.,
       15., 1., 5., 56., 115., 13., 0., 1., 1., 2., 20., 129., 102., 1.,
       0., 0., 0., 0., 1., 77., 129., 2., 0., 15., 133., 5., 0., 1., 1.,
       0., 5., 57., 130., 12., 2., 2., 9., 2., 1., 4., 133., 56., 8., 0.,
       6., 3., 0., 3., 133., 7., 0., 0., 0., 1., 20., 25., 104., 3., 1.,
       0., 0., 0., 133., 67., 43., 7., 19., 12., 2., 7., 16., 3., 56.,
       50., 133., 53., 2., 3., 1., 5., 109., 9., 13., 6., 0., 0., 36.,
       3., 2., 1., 1., 1., 0., 1., 133., 7., 0., 0., 12., 12., 1., 9.,
       41., 0., 0., 0., 133., 121., 2., 6., 1., 2., 0., 0., 46., 29., 0.,
       1., 30., 1., 0., 0., 1., 2., 0., 2., 133., 1., 0., 0., 2., 4., 1.,
       7., 55., 0., 0., 0., 124., 91., 1., 6., 1., 0., 0., 0., 72., 48.,
       1., 2., 0., 0., 1., 2., 1., 25., 135., 0., 15., 1., 3., 3., 1.,
       25., 135., 35., 135., 2., 1., 0., 0., 1., 24., 110., 44., 0., 1.,
       13., 12., 6., 0., 10., 0., 0., 135., 82., 3., 17., 57., 0., 19.,
       36., 135., 59., 3., 15., 50., 8., 135., 78., 24., 2., 1., 1., 9.,
       35., 39., 2., 1., 7., 22., 20., 2., 5., 1., 1., 111., 44., 0., 0.,
       0., 0., 105., 21., 70., 19., 0., 0., 0., 14., 135., 25., 5., 1.,
       1., 0., 0., 34., 44., 2., 6., 15., 6., 7., 1., 3., 1., 1., 2., 1.,
       0., 0., 48., 28., 65., 0., 0., 0., 0., 0., 67., 104., 135., 0.,
       0., 0., 1., 1., 6., 108., 16., 0., 1., 8., 13., 15., 2., 6., 0.,
       5., 134., 45., 0., 0., 0., 0., 15., 79., 100., 9., 0., 0., 0., 0.,
       11., 20., 2., 0., 0., 0., 0., 0., 0., 1., 0., 0., 0., 0., 0., 1.,
       21., 22., 147., 91., 0., 0., 0., 0., 147., 147., 89., 9., 0., 0.,
       0., 2., 109., 24., 1., 0., 0., 0., 0., 1., 2., 1., 0., 0., 0., 0.,
       0., 1., 37., 4., 15., 5., 0., 0., 79., 56., 147., 4., 1., 0., 0.,
       0., 24., 132., 121., 2., 0., 0., 0., 0., 0., 19., 2., 1., 0., 0.,
       0., 0., 0., 1., 1., 0., 0., 0., 0., 0., 147., 98., 43., 0., 0.,
       0., 0., 0., 92., 147., 20., 0., 0., 0., 0., 0., 2., 27., 0., 0.,
       0., 0., 0., 0., 1., 2., 1., 86., 145., 0., 0., 0., 1., 1., 28.,
       145., 82., 0., 0., 0., 0., 1., 16., 26., 1., 0., 0., 0., 0., 0.,
       2., 1., 0., 0., 0., 0., 0., 0., 37., 73., 107., 0., 0., 2., 9.,
       4., 145., 145., 28., 0., 0., 0., 0., 5., 113., 24., 0., 0., 0.,
       0., 0., 0., 3., 4., 0., 0., 0., 0., 0., 0., 29., 1., 0., 0., 0.,
       58., 145., 32., 145., 2., 0., 0., 0., 3., 52., 134., 110., 3., 0.,
