%YAML:1.0
tag: !!opencv-matrix
   rows: 97
   cols: 128
   dt: f
   data: [ 2., 1., 1., 3., 19., 1., 1., 1., 86., 2., 0., 0., 0., 0., 2.,
       3., 172., 2., 0., 0., 0., 0., 0., 4., 114., 1., 0., 0., 0., 0.,
       0., 3., 2., 1., 0., 1., 21., 6., 3., 1., 111., 4., 0., 0., 0., 1.,
       1., 5., 172., 1., 0., 0., 0., 0., 0., 15., 136., 3., 0., 0., 0.,
       0., 0., 4., 1., 0., 1., 4., 6., 5., 3., 1., 99., 11., 0., 0., 1.,
       5., 2., 4., 172., 114., 5., 0., 0., 0., 0., 7., 74., 87., 42., 0.,
       0., 0., 0., 1., 2., 1., 2., 3., 0., 0., 0., 0., 20., 19., 1., 3.,
       1., 1., 0., 0., 53., 172., 53., 0., 0., 0., 0., 0., 4., 129.,
       172., 0., 0., 0., 0., 0., 1., 1., 0., 5., 99., 0., 0., 1., 73.,
       1., 0., 1., 4., 1., 0., 9., 160., 0., 0., 0., 0., 1., 19., 81.,
       40., 1., 0., 23., 20., 59., 86., 28., 2., 0., 0., 6., 113., 0.,
       0., 1., 115., 1., 0., 1., 4., 1., 0., 7., 160., 11., 4., 12., 0.,
       0., 0., 21., 58., 10., 7., 160., 48., 2., 1., 3., 1., 0., 0., 3.,
       104., 1., 0., 1., 115., 6., 0., 1., 3., 1., 0., 13., 160., 62.,
       30., 63., 4., 0., 0., 12., 11., 9., 16., 160., 50., 0., 0., 0.,
       1., 1., 0., 6., 69., 0., 0., 0., 35., 23., 3., 0., 0., 1., 1., 3.,
       39., 71., 69., 47., 1., 0., 0., 0., 0., 1., 18., 92., 15., 0., 0.,
       0., 0., 1., 0., 1., 81., 46., 2., 0., 10., 2., 1., 1., 2., 1., 2.,
       12., 12., 0., 0., 1., 1., 10., 87., 59., 0., 0., 1., 0., 0., 46.,
       106., 4., 0., 0., 0., 3., 135., 6., 0., 0., 88., 3., 0., 1., 4.,
       0., 0., 15., 135., 9., 2., 0., 0., 9., 76., 135., 17., 3., 12.,
       12., 2., 102., 135., 24., 0., 0., 0., 7., 135., 3., 1., 1., 84.,
       15., 0., 1., 3., 1., 3., 5., 135., 135., 78., 11., 0., 0., 1., 7.,
       16., 24., 135., 120., 2., 8., 8., 3., 1., 0., 2., 45., 80., 1.,
       0., 1., 8., 12., 2., 1., 1., 0., 1., 2., 10., 55., 78., 14., 1.,
       0., 0., 0., 0., 4., 90., 47., 0., 0., 1., 2., 0., 0., 0., 1., 86.,
       54., 4., 0., 6., 2., 1., 0., 3., 2., 3., 10., 10., 0., 0., 0., 0.,
       7., 71., 58., 0., 1., 0., 0., 0., 41., 98., 6., 0., 0., 1., 2.,
       139., 7., 0., 0., 70., 7., 2., 1., 8., 0., 0., 11., 139., 5., 0.,
       0., 0., 6., 63., 129., 25., 3., 6., 5., 1., 98., 139., 32., 0.,
       0., 0., 5., 139., 3., 0., 0., 78., 9., 0., 1., 9., 0., 0., 5.,
       139., 112., 50., 4., 0., 0., 1., 8., 30., 32., 139., 81., 1., 10.,
       12., 4., 0., 0., 2., 45., 120., 0., 0., 1., 11., 11., 2., 1., 4.,
       0., 0., 4., 20., 72., 83., 7., 0., 1., 0., 0., 0., 8., 128., 49.,
       0., 0., 1., 1., 1., 1., 0., 1., 71., 6., 0., 0., 108., 10., 0.,
       1., 1., 0., 0., 0., 165., 22., 0., 1., 0., 0., 0., 0., 46., 4.,
       3., 56., 16., 0., 0., 0., 1., 1., 0., 3., 108., 6., 0., 0., 133.,
       8., 0., 2., 2., 1., 0., 1., 165., 32., 3., 14., 2., 0., 0., 0.,
       39., 10., 5., 165., 74., 0., 0., 0., 1., 0., 2., 23., 64., 3., 1.,
       2., 117., 6., 0., 1., 2., 4., 2., 6., 165., 64., 17., 57., 10.,
       0., 0., 2., 11., 9., 9., 165., 90., 0., 0., 0., 0., 0., 3., 9.,
       3., 3., 3., 0., 42., 21., 1., 3., 1., 1., 0., 0., 67., 82., 53.,
       54., 5., 0., 0., 0., 0., 2., 14., 104., 28., 0., 0., 0., 0., 3.,
       122., 38., 0., 0., 0., 0., 12., 64., 102., 8., 0., 0., 0., 0.,
       12., 18., 3., 0., 0., 0., 0., 0., 0., 0., 0., 0., 0., 0., 0., 0.,
       17., 20., 145., 98., 0., 0., 0., 1., 145., 145., 103., 13., 0.,
       0., 0., 2., 113., 23., 1., 0., 0., 0., 0., 1., 1., 0., 0., 0., 0.,
       0., 0., 0., 27., 3., 19., 7., 0., 0., 102., 55., 145., 7., 2., 0.,
       0., 0., 34., 145., 124., 1., 0., 0., 0., 0., 0., 20., 0., 0., 0.,
       0., 0., 0., 0., 0., 1., 1., 5., 0., 0., 0., 145., 84., 32., 1.,
       2., 0., 0., 0., 95., 145., 21., 0., 0., 0., 0., 0., 1., 21., 0.,
       0., 0., 0., 0., 0., 0., 0., 0., 69., 140., 0., 0., 0., 15., 5.,
       17., 113., 85., 0., 0., 0., 6., 3., 16., 17., 1., 0., 0., 0., 0.,
       1., 0., 0., 0., 0., 0., 0., 0., 0., 23., 72., 140., 1., 0., 5.,
       11., 2., 140., 140., 52., 0., 0., 0., 1., 5., 111., 24., 0., 0.,
       0., 0., 0., 1., 1., 0., 0., 0., 0., 0., 0., 0., 21., 3., 3., 0.,
       0., 82., 140., 22., 140., 4., 0., 0., 0., 8., 75., 140., 118., 1.,
       0., 0., 0., 0., 0., 20., 1., 0., 0., 0., 0., 0., 0., 0., 0., 86.,
       113., 0., 0., 28., 90., 7., 38., 85., 27., 0., 0., 4., 62., 83.,
       26., 7., 0., 0., 0., 0., 0., 17., 0., 0., 0., 0., 0., 0., 0., 0.,
       0., 16., 150., 3., 0., 0., 0., 0., 24., 112., 104., 0., 0., 0.,
       0., 0., 16., 20., 1., 0., 0., 0., 0., 1., 0., 0., 0., 0., 0., 0.,
       0., 0., 28., 30., 150., 4., 1., 1., 2., 2., 150., 141., 55., 0.,
       0., 0., 0., 3., 116., 18., 0., 0., 0., 0., 0., 0., 1., 0., 0., 0.,
       0., 0., 0., 0., 26., 1., 1., 0., 0., 3., 150., 35., 150., 2., 0.,
       0., 0., 0., 59., 150., 115., 1., 0., 0., 0., 0., 0., 17., 1., 0.,
       0., 0., 0., 0., 0., 0., 0., 0., 0., 0., 0., 1., 150., 16., 20.,
       0., 0., 0., 0., 0., 106., 100., 17., 0., 0., 0., 0., 0., 2., 20.,
       0., 0., 0., 0., 0., 0., 0., 0., 1., 1., 1., 0., 1., 18., 83., 21.,
       22., 8., 2., 0., 0., 0., 49., 142., 80., 13., 1., 0., 0., 0., 2.,
       142., 19., 1., 0., 0., 0., 0., 0., 13., 2., 10., 43., 52., 78.,
       35., 45., 13., 32., 121., 142., 5., 1., 0., 17., 60., 125., 142.,
       29., 0., 0., 0., 0., 24., 29., 9., 0., 0., 0., 0., 0., 1., 0., 1.,
       16., 60., 142., 0., 0., 0., 107., 34., 50., 5., 6., 0., 0., 14.,
       142., 43., 5., 0., 0., 0., 0., 34., 50., 2., 0., 0., 0., 0., 0.,
       4., 0., 0., 6., 54., 66., 0., 0., 0., 130., 0., 0., 0., 4., 0.,
       0., 15., 142., 0., 0., 0., 0., 0., 0., 39., 30., 0., 0., 0., 0.,
       0., 0., 4., 0., 0., 0., 42., 145., 0., 0., 0., 5., 0., 0., 14.,
       36., 0., 0., 6., 15., 0., 0., 0., 1., 2., 50., 82., 1., 1., 0.,
       0., 3., 56., 90., 18., 0., 0., 0., 2., 145., 5., 0., 0., 55., 1.,
       1., 3., 51., 0., 0., 10., 145., 5., 0., 0., 0., 3., 25., 128.,
       25., 2., 0., 3., 83., 105., 55., 36., 0., 0., 0., 0., 145., 7.,
       0., 0., 59., 9., 0., 0., 53., 2., 1., 2., 145., 121., 35., 2., 0.,
       0., 0., 5., 24., 36., 81., 79., 83., 6., 0., 2., 0., 0., 0., 0.,
       145., 5., 0., 0., 7., 7., 1., 1., 41., 2., 1., 1., 13., 63., 58.,
       1., 0., 0., 0., 0., 0., 13., 107., 35., 2., 0., 1., 0., 0., 0.,
       0., 0., 128., 14., 0., 0., 39., 2., 0., 0., 9., 1., 0., 10., 120.,
       1., 0., 0., 0., 0., 43., 109., 11., 0., 0., 0., 0., 0., 128., 45.,
       0., 0., 0., 1., 128., 32., 7., 0., 64., 3., 0., 1., 13., 4., 24.,
       15., 128., 17., 0., 0., 0., 0., 3., 28., 57., 10., 3., 0., 0., 0.,
       12., 11., 0., 0., 0., 5., 78., 128., 72., 1., 15., 1., 9., 28.,
       12., 31., 128., 27., 128., 69., 75., 8., 1., 1., 14., 32., 19.,
       98., 111., 0., 0., 0., 0., 0., 0., 0., 1., 95., 57., 30., 12., 0.,
       0., 0., 32., 128., 21., 9., 9., 0., 1., 16., 98., 23., 1., 0., 1.,
       0., 0., 79., 92., 0., 0., 0., 0., 0., 0., 4., 7., 3., 0., 0., 0.,
       0., 0., 1., 22., 40., 0., 0., 0., 0., 7., 33., 39., 14., 0., 0.,
       0., 0., 6., 8., 1., 0., 1., 1., 1., 1., 0., 74., 122., 40., 0.,
       0., 0., 0., 13., 19., 114., 140., 0., 0., 0., 0., 140., 96., 73.,
       42., 0., 0., 0., 9., 42., 12., 2., 2., 0., 0., 0., 3., 0., 74.,
       140., 47., 30., 8., 0., 0., 94., 40., 124., 140., 0., 0., 0., 2.,
       140., 103., 15., 9., 0., 0., 0., 23., 34., 32., 12., 2., 0., 0.,
       0., 4., 0., 2., 16., 27., 59., 10., 4., 0., 36., 44., 11., 5., 0.,
       1., 4., 14., 69., 140., 34., 0., 0., 0., 18., 25., 19., 140., 45.,
       5., 1., 0., 5., 12., 0., 0., 4., 9., 62., 28., 14., 2., 40., 12.,
       4., 1., 0., 4., 11., 41., 77., 21., 16., 0., 0., 0., 29., 138.,
       22., 11., 4., 0., 0., 0., 37., 138., 0., 0., 0., 9., 35., 41.,
       138., 75., 91., 3., 0., 0., 0., 138., 138., 31., 138., 29., 0.,
       0., 0., 10., 16., 85., 43., 5., 0., 0., 0., 0., 7., 32., 1., 0.,
       0., 0., 1., 32., 120., 86., 11., 0., 0., 0., 0., 138., 121., 16.,
