%YAML:1.0
tag: !!opencv-matrix
   rows: 139
   cols: 128
   dt: f
   data: [ 1., 1., 2., 2., 1., 0., 0., 0., 40., 0., 0., 2., 1., 0., 1.,
       20., 157., 0., 0., 0., 0., 0., 0., 157., 88., 0., 0., 0., 0., 0.,
       0., 101., 1., 1., 1., 0., 0., 0., 2., 1., 112., 3., 0., 0., 0.,
       0., 1., 21., 157., 7., 0., 0., 0., 0., 0., 79., 109., 2., 0., 0.,
       0., 0., 0., 25., 1., 3., 3., 1., 0., 0., 1., 2., 102., 26., 2.,
       1., 0., 0., 1., 1., 157., 100., 0., 0., 0., 0., 0., 1., 107., 34.,
       1., 0., 0., 0., 0., 1., 1., 1., 0., 1., 1., 1., 0., 3., 29., 21.,
       1., 1., 2., 1., 0., 1., 157., 157., 0., 0., 0., 0., 0., 0., 73.,
       148., 0., 0., 0., 0., 0., 0., 1., 13., 173., 56., 0., 0., 0., 0.,
       49., 123., 121., 5., 0., 0., 0., 0., 36., 32., 2., 0., 0., 0., 0.,
       0., 1., 0., 0., 0., 0., 1., 0., 0., 40., 28., 154., 46., 0., 0.,
       0., 2., 173., 95., 36., 2., 0., 0., 0., 9., 144., 10., 0., 0., 0.,
       0., 0., 4., 2., 0., 0., 0., 1., 1., 0., 0., 91., 3., 5., 2., 1.,
       1., 0., 6., 173., 1., 0., 0., 0., 0., 0., 39., 142., 2., 0., 0.,
       0., 0., 0., 8., 2., 1., 0., 0., 1., 0., 0., 0., 80., 0., 0., 0.,
       1., 1., 0., 8., 173., 0., 0., 0., 0., 0., 0., 29., 90., 1., 0.,
       0., 0., 0., 0., 8., 2., 2., 0., 0., 0., 0., 0., 0., 2., 2., 0.,
       10., 28., 0., 0., 0., 81., 4., 0., 0., 0., 0., 4., 25., 70., 1.,
       0., 0., 0., 82., 77., 58., 0., 0., 0., 0., 0., 152., 28., 1., 3.,
       0., 0., 6., 7., 0., 1., 2., 160., 11., 0., 0., 0., 0., 0., 5.,
       167., 12., 0., 0., 0., 44., 35., 47., 16., 0., 0., 0., 0., 167.,
       49., 11., 3., 2., 0., 1., 1., 0., 0., 1., 157., 5., 0., 0., 0.,
       0., 0., 4., 167., 5., 0., 0., 0., 3., 3., 18., 60., 0., 0., 0.,
       0., 103., 26., 9., 1., 1., 1., 1., 0., 1., 1., 1., 130., 1., 0.,
       0., 0., 0., 0., 24., 167., 0., 0., 0., 0., 0., 0., 60., 50., 0.,
       0., 0., 0., 3., 3., 10., 1., 1., 1., 1., 1., 0., 0., 0., 77., 1.,
       2., 0., 0., 0., 0., 18., 202., 0., 0., 0., 0., 0., 0., 92., 68.,
       1., 0., 0., 0., 0., 0., 19., 0., 1., 1., 1., 2., 1., 1., 1., 148.,
       3., 1., 0., 0., 0., 1., 12., 202., 3., 0., 0., 0., 0., 0., 34.,
       70., 1., 0., 0., 0., 0., 1., 8., 0., 1., 1., 1., 4., 4., 2., 1.,
       153., 8., 1., 0., 0., 0., 1., 5., 202., 34., 0., 0., 0., 0., 0.,
       6., 65., 11., 2., 0., 0., 0., 0., 1., 0., 0., 0., 0., 0., 43.,
       57., 0., 84., 12., 0., 0., 0., 14., 23., 3., 202., 70., 0., 0.,
       0., 0., 1., 2., 64., 14., 0., 0., 0., 0., 0., 1., 2., 4., 1., 0.,
       0., 0., 1., 2., 12., 1., 1., 2., 1., 1., 1., 10., 144., 0., 0.,
       0., 0., 0., 0., 154., 76., 0., 0., 0., 0., 4., 12., 154., 3., 3.,
       3., 1., 0., 0., 1., 3., 69., 4., 4., 3., 0., 0., 1., 16., 154.,
       4., 0., 0., 0., 0., 0., 136., 100., 1., 0., 0., 0., 0., 1., 60.,
       1., 2., 2., 1., 0., 1., 3., 2., 77., 16., 3., 1., 0., 0., 2., 3.,
       154., 105., 0., 0., 0., 0., 0., 8., 99., 42., 0., 0., 0., 0., 0.,
       6., 1., 1., 0., 0., 0., 1., 2., 2., 19., 12., 1., 0., 0., 2., 3.,
       1., 154., 154., 0., 0., 0., 0., 0., 0., 99., 126., 0., 0., 0., 0.,
       0., 0., 11., 89., 44., 0., 0., 0., 0., 1., 142., 142., 13., 0.,
       0., 0., 0., 0., 70., 51., 4., 4., 0., 0., 0., 0., 1., 1., 30.,
       22., 0., 0., 0., 0., 30., 6., 1., 0., 0., 0., 0., 3., 142., 48.,
       9., 4., 0., 0., 0., 19., 129., 30., 107., 133., 0., 0., 0., 3.,
       0., 0., 142., 142., 0., 0., 0., 0., 30., 7., 1., 1., 0., 0., 0.,
       3., 142., 72., 74., 35., 0., 0., 0., 13., 20., 17., 142., 142.,
       0., 0., 0., 1., 0., 0., 69., 104., 0., 0., 1., 2., 6., 6., 1., 0.,
       0., 0., 0., 1., 8., 23., 30., 14., 1., 0., 0., 0., 0., 1., 17.,
       29., 2., 1., 4., 1., 1., 0., 1., 3., 1., 1., 7., 2., 91., 50., 0.,
       0., 0., 0., 0., 0., 174., 139., 0., 0., 0., 0., 0., 0., 45., 23.,
       0., 0., 0., 0., 0., 0., 3., 2., 0., 0., 0., 0., 0., 0., 73., 22.,
       0., 0., 1., 4., 1., 1., 174., 88., 0., 0., 0., 0., 0., 1., 121.,
       20., 0., 0., 0., 0., 0., 1., 3., 3., 2., 0., 0., 0., 0., 0., 59.,
       1., 0., 0., 2., 5., 1., 39., 174., 8., 0., 0., 0., 0., 0., 117.,
       119., 5., 1., 0., 0., 0., 0., 16., 1., 5., 1., 0., 0., 0., 0., 1.,
       20., 0., 0., 0., 0., 0., 21., 174., 115., 0., 0., 0., 0., 0., 3.,
       174., 25., 1., 0., 0., 0., 0., 2., 28., 1., 1., 0., 0., 0., 0.,
       3., 3., 89., 44., 0., 0., 1., 1., 0., 0., 187., 123., 0., 0., 0.,
       0., 0., 0., 67., 21., 0., 0., 0., 0., 0., 1., 1., 1., 1., 0., 0.,
       0., 0., 0., 91., 9., 0., 0., 0., 2., 1., 3., 187., 53., 0., 0.,
       0., 0., 0., 5., 144., 17., 0., 0., 0., 0., 0., 1., 2., 2., 0., 0.,
       0., 0., 1., 2., 93., 1., 1., 1., 0., 0., 0., 13., 187., 2., 0.,
       0., 0., 0., 0., 53., 139., 4., 0., 0., 0., 0., 0., 15., 7., 3.,
       0., 0., 0., 0., 0., 2., 94., 0., 0., 0., 0., 0., 0., 35., 187.,
       0., 0., 0., 0., 0., 0., 117., 61., 0., 0., 0., 0., 0., 3., 29.,
       2., 0., 0., 0., 0., 0., 2., 4., 84., 38., 0., 0., 0., 0., 0., 0.,
       191., 120., 0., 0., 0., 0., 0., 0., 56., 17., 0., 0., 0., 0., 0.,
       1., 2., 1., 0., 0., 0., 0., 0., 1., 75., 17., 1., 0., 0., 0., 0.,
       1., 191., 68., 0., 0., 0., 0., 0., 3., 129., 11., 0., 0., 0., 0.,
       0., 1., 3., 1., 1., 0., 0., 0., 0., 0., 76., 1., 0., 0., 0., 0.,
       0., 12., 191., 6., 0., 0., 0., 0., 0., 65., 130., 3., 1., 0., 0.,
       0., 0., 10., 2., 2., 1., 0., 0., 0., 0., 0., 74., 0., 0., 0., 0.,
       1., 1., 58., 191., 0., 0., 0., 0., 0., 0., 154., 51., 1., 0., 0.,
       0., 0., 0., 18., 1., 2., 0., 0., 0., 1., 1., 1., 1., 34., 51., 2.,
       12., 1., 0., 0., 55., 146., 85., 0., 0., 0., 0., 0., 174., 147.,
       13., 0., 0., 0., 0., 0., 26., 6., 0., 0., 0., 0., 0., 1., 2., 2.,
       1., 1., 24., 1., 0., 0., 147., 15., 1., 0., 0., 0., 0., 2., 174.,
       18., 0., 0., 0., 0., 0., 9., 52., 1., 0., 0., 0., 0., 0., 4., 0.,
       0., 0., 3., 19., 1., 1., 0., 160., 1., 0., 0., 0., 0., 0., 16.,
       174., 0., 0., 0., 0., 0., 0., 40., 45., 1., 0., 0., 0., 0., 0.,
       4., 1., 0., 0., 2., 6., 0., 1., 1., 147., 0., 0., 0., 0., 0., 0.,
       34., 174., 0., 0., 0., 0., 0., 0., 62., 22., 0., 0., 0., 0., 0.,
       0., 5., 3., 0., 0., 2., 39., 8., 3., 5., 5., 0., 0., 0., 0., 13.,
       43., 20., 0., 0., 0., 0., 0., 24., 30., 2., 3., 0., 0., 0., 0.,
       2., 9., 50., 36., 6., 1., 14., 35., 0., 1., 7., 152., 11., 0., 0.,
       0., 35., 90., 81., 16., 0., 0., 0., 0., 144., 152., 25., 1., 0.,
       0., 0., 0., 12., 152., 152., 39., 5., 0., 8., 7., 1., 0., 1.,
       152., 26., 0., 0., 0., 3., 11., 20., 119., 3., 0., 0., 0., 37.,
       140., 27., 0., 0., 0., 0., 0., 5., 121., 58., 30., 0., 0., 0., 1.,
       1., 0., 9., 152., 1., 0., 0., 0., 0., 0., 61., 112., 0., 0., 0.,
       0., 0., 2., 21., 1., 0., 0., 0., 0., 0., 2., 2., 1., 1., 2., 0.,
       1., 0., 0., 0., 143., 21., 1., 0., 0., 0., 0., 0., 154., 43., 0.,
       0., 0., 0., 0., 0., 23., 6., 0., 0., 0., 0., 0., 0., 1., 0., 0.,
       0., 1., 0., 21., 12., 129., 11., 0., 0., 0., 0., 46., 41., 154.,
       33., 0., 0., 0., 0., 5., 42., 43., 4., 0., 0., 0., 0., 0., 3.,
       35., 45., 5., 0., 0., 0., 46., 64., 44., 73., 7., 0., 0., 0.,
       154., 154., 128., 19., 0., 0., 0., 0., 50., 154., 22., 2., 0., 0.,
       0., 0., 0., 8., 9., 69., 18., 0., 2., 3., 0., 2., 19., 154., 38.,
       0., 0., 0., 6., 14., 42., 154., 4., 0., 0., 0., 4., 15., 10., 14.,
       0., 0., 0., 0., 0., 2., 1., 1., 2., 0., 0., 0., 0., 1., 139., 21.,
       1., 0., 0., 0., 0., 0., 156., 43., 0., 0., 0., 0., 0., 0., 23.,
       3., 0., 0., 0., 0., 0., 0., 1., 0., 0., 0., 0., 1., 14., 13.,
       121., 10., 0., 0., 0., 1., 48., 44., 156., 37., 0., 0., 0., 0.,
       6., 46., 40., 5., 0., 0., 0., 0., 0., 2., 47., 37., 0., 0., 0.,
       2., 27., 60., 58., 72., 1., 0., 0., 0., 156., 156., 120., 14., 0.,
       0., 0., 0., 58., 156., 19., 1., 0., 0., 0., 0., 0., 9., 14., 65.,
       3., 0., 19., 34., 0., 2., 34., 156., 7., 0., 0., 0., 6., 14., 39.,
