%YAML:1.0
tag: !!opencv-matrix
   rows: 71
   cols: 128
   dt: f
   data: [ 34., 2., 0., 1., 3., 2., 5., 21., 20., 7., 0., 0., 0., 43.,
       50., 25., 34., 116., 0., 0., 0., 46., 15., 3., 83., 123., 0., 0.,
       0., 1., 2., 5., 64., 17., 0., 0., 4., 43., 2., 4., 123., 26., 0.,
       0., 0., 41., 40., 33., 21., 7., 0., 0., 0., 123., 123., 41., 95.,
       28., 0., 0., 0., 4., 50., 123., 24., 6., 0., 0., 10., 123., 13.,
       6., 123., 23., 0., 0., 0., 14., 18., 47., 92., 1., 0., 0., 0.,
       24., 123., 69., 2., 0., 0., 0., 0., 2., 74., 106., 11., 32., 0.,
       0., 3., 98., 36., 9., 92., 0., 0., 0., 0., 21., 56., 123., 72.,
       0., 0., 0., 0., 0., 7., 66., 1., 0., 0., 0., 0., 0., 7., 7., 14.,
       1., 0., 5., 15., 2., 4., 18., 9., 18., 1., 0., 0., 18., 35., 23.,
       15., 128., 8., 0., 0., 19., 16., 6., 77., 128., 2., 0., 0., 7.,
       2., 14., 56., 13., 0., 5., 2., 0., 0., 6., 107., 18., 0., 0., 0.,
       24., 58., 47., 20., 6., 0., 0., 0., 56., 128., 76., 85., 14., 0.,
       0., 0., 0., 44., 128., 33., 21., 1., 0., 0., 0., 1., 4., 128.,
       43., 0., 0., 0., 1., 8., 41., 114., 2., 0., 0., 0., 5., 115.,
       128., 2., 0., 0., 0., 0., 0., 51., 128., 9., 2., 0., 0., 0., 8.,
       80., 49., 128., 1., 0., 0., 0., 0., 19., 128., 112., 0., 0., 0.,
       0., 0., 2., 90., 4., 1., 0., 0., 0., 0., 2., 12., 3., 1., 1., 14.,
       125., 47., 2., 1., 52., 11., 0., 0., 6., 13., 17., 27., 31., 52.,
       1., 0., 0., 26., 84., 30., 83., 85., 1., 0., 0., 3., 27., 61., 1.,
       66., 12., 2., 23., 125., 15., 0., 72., 25., 0., 0., 1., 125., 44.,
       12., 125., 25., 0., 0., 0., 10., 73., 77., 30., 0., 0., 0., 0.,
       1., 58., 123., 2., 125., 15., 0., 0., 16., 4., 0., 20., 125., 6.,
       0., 0., 82., 62., 27., 125., 20., 0., 0., 0., 9., 37., 125., 30.,
       1., 0., 0., 0., 1., 4., 29., 3., 41., 2., 0., 0., 6., 30., 17.,
       12., 125., 7., 0., 0., 13., 20., 6., 31., 125., 12., 0., 0., 1.,
       2., 22., 5., 62., 6., 0., 1., 0., 0., 3., 22., 36., 74., 78., 0.,
       0., 5., 35., 121., 121., 18., 1., 0., 0., 1., 30., 30., 53., 7.,
       0., 0., 0., 0., 1., 1., 4., 1., 0., 0., 0., 0., 1., 7., 1., 9.,
       33., 0., 0., 50., 121., 57., 52., 99., 71., 0., 0., 7., 64., 94.,
       121., 59., 4., 0., 0., 0., 2., 32., 23., 1., 0., 0., 0., 0., 1.,
       0., 0., 47., 121., 0., 0., 13., 31., 76., 30., 66., 121., 0., 0.,
       0., 11., 121., 105., 39., 2., 0., 0., 0., 23., 39., 70., 42., 0.,
       0., 0., 0., 1., 0., 1., 21., 74., 1., 3., 34., 4., 28., 44., 14.,
       8., 0., 12., 22., 2., 28., 117., 119., 0., 0., 2., 0., 1., 31.,
       121., 82., 0., 0., 0., 0., 0., 21., 35., 57., 74., 0., 0., 5.,
       41., 113., 119., 21., 1., 0., 0., 1., 33., 13., 42., 16., 1., 0.,
       0., 0., 0., 1., 3., 0., 0., 0., 0., 0., 0., 5., 0., 8., 44., 0.,
       0., 35., 119., 46., 45., 101., 105., 0., 0., 7., 60., 112., 119.,
       64., 7., 0., 0., 0., 3., 26., 14., 1., 0., 0., 0., 1., 1., 0., 0.,
       32., 119., 0., 0., 9., 38., 76., 30., 49., 119., 0., 0., 0., 11.,
       119., 115., 71., 3., 0., 0., 0., 16., 23., 92., 72., 0., 0., 0.,
       0., 1., 0., 0., 16., 83., 1., 1., 44., 20., 19., 26., 11., 9., 1.,
       24., 54., 7., 14., 69., 113., 1., 3., 9., 1., 1., 60., 119., 66.,
       0., 0., 0., 0., 4., 4., 1., 2., 44., 142., 0., 0., 0., 142., 22.,
       6., 21., 53., 0., 0., 16., 117., 5., 1., 0., 0., 0., 0., 8., 0.,
       0., 1., 1., 0., 0., 0., 0., 12., 1., 10., 70., 142., 0., 0., 1.,
       142., 25., 1., 11., 54., 0., 0., 27., 110., 31., 4., 0., 0., 0.,
       0., 8., 1., 3., 1., 0., 0., 0., 0., 0., 15., 19., 27., 74., 133.,
       0., 0., 0., 119., 142., 19., 14., 31., 0., 0., 2., 105., 142.,
       16., 0., 0., 0., 0., 1., 11., 8., 0., 0., 0., 0., 0., 0., 26., 4.,
       1., 26., 111., 1., 0., 3., 93., 42., 6., 9., 24., 0., 1., 12.,
       142., 32., 1., 0., 0., 0., 0., 26., 20., 1., 0., 0., 0., 0., 0.,
       2., 29., 105., 93., 3., 0., 0., 0., 0., 54., 131., 74., 0., 0.,
       0., 0., 0., 34., 43., 1., 0., 0., 0., 0., 0., 2., 4., 0., 0., 0.,
       0., 0., 0., 25., 18., 40., 6., 18., 22., 4., 6., 131., 93., 26.,
       0., 0., 0., 0., 32., 98., 68., 89., 0., 0., 0., 0., 3., 2., 41.,
       22., 0., 0., 0., 0., 0., 29., 11., 0., 25., 63., 15., 7., 10.,
       101., 85., 109., 8., 1., 3., 5., 15., 35., 117., 131., 10., 0.,
       0., 0., 1., 100., 131., 36., 0., 0., 0., 0., 3., 2., 2., 0., 13.,
       14., 11., 99., 82., 2., 6., 16., 8., 41., 81., 63., 11., 83., 17.,
       20., 4., 11., 12., 1., 52., 131., 17., 5., 1., 0., 0., 0., 63.,
       0., 18., 21., 6., 74., 84., 2., 2., 0., 19., 69., 22., 5., 7.,
       29., 10., 51., 8., 11., 18., 3., 4., 27., 22., 105., 3., 0., 0.,
       0., 0., 25., 113., 16., 7., 31., 78., 75., 19., 2., 7., 103., 12.,
       1., 2., 5., 11., 109., 83., 31., 1., 0., 0., 0., 17., 131., 108.,
       75., 0., 0., 0., 0., 0., 45., 131., 19., 5., 14., 19., 1., 40.,
       72., 13., 131., 21., 0., 1., 0., 1., 32., 97., 104., 2., 0., 0.,
       0., 1., 85., 66., 1., 0., 0., 0., 0., 0., 26., 38., 5., 2., 0.,
       0., 0., 59., 131., 16., 44., 0., 0., 0., 0., 3., 108., 131., 30.,
       0., 0., 0., 0., 0., 2., 46., 1., 0., 0., 0., 0., 0., 2., 4., 2.,
       1., 1., 98., 52., 2., 6., 7., 128., 38., 0., 4., 4., 1., 11., 11.,
       127., 29., 0., 0., 56., 89., 3., 5., 4., 35., 10., 1., 64., 104.,
       1., 0., 7., 0., 0., 7., 50., 32., 25., 65., 95., 13., 0., 0., 0.,
       49., 69., 54., 128., 26., 0., 0., 13., 62., 15., 38., 9., 0., 1.,
       0., 32., 128., 31., 5., 10., 0., 0., 0., 13., 36., 80., 128., 14.,
       0., 0., 0., 0., 60., 128., 115., 90., 1., 0., 0., 0., 11., 79.,
       128., 10., 0., 0., 0., 0., 95., 50., 17., 44., 5., 0., 0., 0., 2.,
       47., 83., 0., 0., 0., 0., 0., 3., 64., 32., 1., 0., 0., 0., 0.,
       0., 31., 24., 1., 0., 0., 0., 0., 2., 5., 5., 0., 0., 47., 18.,
       0., 0., 97., 39., 1., 4., 35., 10., 0., 0., 120., 71., 9., 10.,
       11., 3., 0., 0., 120., 100., 2., 0., 1., 0., 0., 0., 120., 73.,
       0., 0., 120., 38., 0., 0., 57., 23., 15., 37., 120., 34., 0., 0.,
       34., 24., 120., 117., 36., 1., 0., 0., 19., 33., 44., 11., 0., 0.,
       0., 0., 19., 18., 5., 8., 98., 18., 1., 19., 24., 1., 72., 52.,
       51., 8., 0., 2., 1., 23., 120., 120., 7., 0., 0., 0., 0., 30.,
       61., 44., 0., 0., 0., 0., 0., 1., 1., 1., 1., 20., 54., 86., 37.,
       0., 10., 48., 17., 6., 21., 9., 1., 4., 100., 120., 11., 0., 0.,
       0., 0., 23., 100., 58., 0., 0., 0., 0., 0., 10., 0., 2., 65., 2.,
       0., 0., 122., 15., 20., 22., 58., 0., 0., 0., 122., 57., 122.,
       36., 6., 0., 0., 0., 11., 75., 20., 2., 0., 0., 0., 0., 0., 3.,
       0., 1., 122., 12., 0., 1., 66., 5., 21., 53., 122., 4., 0., 0.,
       59., 25., 122., 109., 22., 0., 0., 0., 5., 35., 28., 4., 0., 0.,
       0., 0., 0., 2., 0., 0., 69., 7., 0., 0., 122., 8., 24., 20., 71.,
       4., 0., 0., 122., 55., 122., 53., 9., 0., 0., 0., 15., 81., 31.,
       7., 0., 0., 0., 0., 0., 2., 1., 1., 122., 16., 0., 8., 20., 1.,
       43., 37., 122., 7., 0., 1., 8., 24., 122., 69., 15., 0., 0., 0.,
       1., 54., 27., 6., 0., 0., 0., 0., 0., 6., 27., 14., 31., 13., 0.,
       0., 49., 76., 126., 120., 22., 2., 0., 0., 2., 25., 47., 49., 0.,
       0., 0., 0., 0., 0., 2., 0., 0., 0., 0., 0., 0., 0., 24., 20.,
       125., 71., 0., 0., 8., 7., 136., 120., 44., 6., 0., 0., 0., 28.,
       136., 60., 1., 0., 0., 0., 0., 10., 5., 5., 1., 0., 0., 0., 0.,
       0., 33., 32., 21., 11., 5., 49., 28., 1., 122., 136., 37., 0., 2.,
       2., 0., 10., 88., 136., 19., 0., 0., 0., 0., 2., 24., 34., 1., 0.,
       0., 0., 0., 0., 0., 3., 2., 29., 96., 89., 19., 1., 40., 64., 14.,
       2., 21., 7., 3., 45., 136., 100., 3., 0., 0., 0., 0., 75., 76.,
       12., 0., 0., 0., 0., 0., 10., 3., 80., 78., 1., 7., 15., 1., 2.,
       26., 112., 64., 0., 0., 15., 20., 19., 113., 32., 4., 0., 0., 5.,
       34., 108., 42., 0., 0., 0., 0., 0., 1., 67., 38., 13., 5., 13.,
       61., 31., 1., 23., 128., 37., 6., 0., 0., 0., 18., 136., 122.,
