%YAML:1.0
tag: !!opencv-matrix
   rows: 140
   cols: 128
   dt: f
   data: [ 0., 18., 141., 9., 0., 0., 0., 0., 3., 10., 141., 60., 1., 1.,
       1., 3., 0., 1., 141., 141., 14., 14., 3., 1., 0., 0., 82., 127.,
       4., 8., 15., 0., 15., 13., 65., 15., 4., 1., 0., 1., 73., 18.,
       42., 4., 2., 9., 12., 43., 5., 2., 9., 20., 28., 109., 35., 12.,
       0., 0., 2., 6., 11., 58., 63., 0., 17., 5., 2., 3., 6., 50., 86.,
       15., 93., 21., 4., 3., 1., 3., 50., 46., 8., 7., 5., 16., 31.,
       27., 42., 5., 0., 0., 0., 1., 15., 30., 77., 6., 0., 0., 0., 0.,
       0., 71., 141., 5., 2., 0., 0., 0., 0., 25., 141., 20., 0., 0., 0.,
       0., 1., 8., 141., 5., 0., 0., 0., 0., 0., 1., 133., 13., 24., 0.,
       0., 0., 0., 40., 31., 17., 150., 0., 0., 0., 0., 3., 6., 37.,
       150., 3., 0., 0., 0., 0., 0., 4., 102., 4., 0., 0., 0., 0., 0.,
       1., 19., 0., 0., 0., 0., 20., 23., 16., 150., 16., 1., 0., 0., 2.,
       5., 52., 150., 55., 3., 0., 0., 0., 0., 8., 112., 26., 4., 0., 0.,
       0., 0., 1., 11., 1., 0., 0., 0., 4., 25., 10., 121., 104., 22.,
       0., 0., 0., 4., 15., 53., 150., 68., 0., 0., 0., 0., 0., 32.,
       132., 150., 12., 0., 0., 0., 0., 1., 0., 0., 0., 1., 1., 4., 4.,
       5., 23., 11., 1., 1., 0., 1., 1., 3., 97., 51., 0., 0., 0., 0.,
       0., 0., 44., 150., 13., 0., 0., 0., 0., 27., 0., 0., 0., 2., 41.,
       11., 16., 146., 0., 0., 0., 0., 2., 2., 47., 146., 1., 0., 0., 0.,
       0., 0., 10., 112., 1., 0., 0., 0., 0., 0., 6., 30., 0., 0., 0.,
       3., 33., 9., 17., 146., 16., 0., 0., 0., 2., 2., 54., 146., 41.,
       1., 0., 0., 0., 0., 12., 134., 19., 1., 0., 0., 0., 0., 2., 17.,
       1., 0., 0., 0., 10., 17., 10., 124., 116., 17., 0., 0., 0., 3.,
       13., 60., 146., 45., 0., 0., 0., 0., 1., 52., 139., 99., 4., 0.,
       0., 0., 0., 1., 0., 0., 0., 0., 0., 7., 5., 5., 28., 9., 0., 0.,
       0., 2., 4., 1., 123., 48., 0., 1., 0., 0., 0., 1., 76., 146., 6.,
       0., 0., 0., 0., 107., 3., 0., 0., 19., 1., 0., 1., 150., 8., 0.,
       0., 0., 0., 0., 0., 162., 8., 0., 0., 0., 0., 0., 0., 41., 1., 0.,
       0., 0., 0., 0., 0., 127., 3., 0., 0., 24., 3., 0., 3., 162., 9.,
       0., 0., 0., 0., 0., 1., 162., 13., 0., 0., 0., 0., 0., 1., 56.,
       2., 0., 0., 0., 0., 0., 0., 120., 4., 0., 0., 26., 2., 0., 4.,
       162., 7., 0., 0., 0., 0., 0., 4., 162., 13., 0., 0., 0., 0., 0.,
       1., 58., 3., 0., 0., 0., 0., 0., 0., 91., 3., 0., 0., 21., 2., 0.,
       3., 134., 7., 0., 0., 0., 0., 0., 2., 162., 14., 0., 0., 0., 0.,
       0., 0., 52., 3., 0., 0., 0., 0., 0., 0., 0., 0., 0., 1., 33., 4.,
       0., 0., 30., 1., 0., 0., 131., 12., 0., 0., 146., 15., 0., 0.,
       11., 1., 0., 1., 146., 32., 0., 0., 0., 0., 0., 2., 2., 1., 0.,
       0., 31., 7., 0., 0., 29., 2., 0., 0., 146., 19., 0., 0., 146., 8.,
       0., 0., 19., 2., 0., 6., 146., 5., 0., 0., 0., 0., 0., 9., 1., 2.,
       1., 3., 24., 2., 0., 0., 23., 2., 0., 4., 146., 13., 0., 0., 146.,
       14., 0., 1., 25., 2., 0., 4., 146., 15., 0., 0., 0., 0., 0., 2.,
       0., 0., 0., 3., 20., 0., 0., 0., 13., 2., 0., 5., 140., 4., 0.,
       0., 146., 21., 0., 1., 26., 1., 0., 0., 146., 15., 0., 0., 0., 0.,
       0., 0., 0., 0., 0., 19., 146., 1., 0., 0., 11., 0., 0., 9., 146.,
       3., 0., 2., 128., 0., 0., 2., 32., 1., 0., 20., 30., 0., 0., 0.,
       0., 0., 0., 6., 0., 0., 0., 31., 146., 0., 0., 0., 20., 0., 0.,
       28., 146., 1., 0., 2., 146., 1., 0., 3., 30., 1., 0., 19., 27.,
       0., 0., 0., 1., 1., 1., 7., 0., 0., 0., 41., 146., 0., 0., 0.,
       26., 0., 0., 29., 146., 0., 0., 2., 146., 1., 0., 2., 22., 0., 0.,
       7., 30., 2., 0., 0., 3., 1., 0., 0., 0., 0., 0., 7., 146., 7., 0.,
       0., 25., 0., 0., 13., 146., 1., 0., 1., 141., 1., 0., 2., 13., 0.,
       0., 7., 22., 1., 0., 0., 1., 1., 0., 1., 93., 3., 0., 1., 19., 0.,
       0., 2., 136., 3., 0., 0., 0., 0., 0., 7., 163., 0., 0., 0., 0.,
       0., 0., 13., 50., 1., 0., 0., 0., 0., 0., 2., 121., 1., 0., 1.,
       23., 1., 0., 3., 163., 2., 0., 0., 0., 0., 0., 4., 163., 1., 0.,
       0., 0., 0., 0., 9., 60., 0., 0., 0., 0., 0., 0., 2., 121., 0., 0.,
       1., 22., 1., 0., 4., 163., 0., 0., 0., 0., 0., 0., 6., 163., 0.,
       0., 0., 0., 0., 0., 12., 56., 0., 0., 0., 0., 0., 0., 3., 98., 1.,
       0., 1., 17., 0., 0., 1., 152., 1., 0., 0., 0., 0., 0., 2., 163.,
       0., 0., 0., 0., 0., 0., 5., 43., 0., 0., 0., 0., 0., 0., 1., 94.,
       0., 0., 0., 15., 0., 0., 9., 133., 0., 0., 0., 0., 0., 0., 11.,
       159., 0., 0., 0., 0., 0., 0., 21., 54., 0., 0., 0., 0., 0., 0.,
       4., 125., 0., 0., 1., 15., 0., 0., 9., 159., 0., 0., 0., 0., 0.,
       0., 12., 159., 0., 0., 0., 0., 0., 0., 27., 58., 0., 0., 0., 0.,
       0., 0., 6., 133., 0., 0., 2., 12., 0., 0., 5., 159., 0., 0., 0.,
       0., 0., 0., 11., 159., 0., 0., 0., 0., 0., 0., 24., 52., 0., 0.,
       0., 0., 0., 0., 3., 109., 0., 0., 1., 8., 0., 0., 6., 157., 0.,
       0., 0., 0., 0., 0., 12., 159., 0., 0., 0., 0., 0., 0., 21., 35.,
       0., 0., 0., 0., 0., 0., 2., 102., 12., 0., 1., 10., 1., 0., 0.,
       151., 15., 0., 0., 0., 0., 0., 0., 159., 23., 0., 0., 0., 0., 0.,
       0., 42., 4., 0., 0., 0., 0., 0., 0., 128., 9., 0., 0., 16., 2.,
       0., 1., 159., 12., 0., 0., 0., 0., 0., 1., 159., 25., 0., 0., 0.,
       0., 0., 0., 64., 5., 0., 0., 0., 0., 0., 0., 123., 8., 0., 0.,
       20., 3., 0., 1., 159., 10., 0., 0., 0., 0., 0., 2., 159., 27., 0.,
       0., 0., 0., 0., 0., 74., 6., 0., 0., 0., 0., 0., 0., 80., 18., 0.,
       1., 23., 1., 0., 0., 136., 22., 0., 0., 0., 0., 0., 0., 159., 27.,
       0., 0., 0., 0., 0., 0., 69., 7., 0., 0., 0., 0., 0., 0., 0., 0.,
       0., 7., 39., 1., 0., 0., 21., 0., 0., 16., 169., 2., 0., 4., 169.,
       0., 0., 3., 34., 1., 0., 37., 169., 0., 0., 0., 0., 0., 0., 37.,
       0., 0., 0., 15., 56., 0., 0., 0., 40., 1., 0., 34., 169., 2., 0.,
       5., 169., 3., 0., 4., 29., 1., 0., 43., 169., 25., 0., 0., 0., 0.,
       0., 28., 0., 0., 0., 5., 75., 7., 0., 0., 35., 8., 0., 28., 169.,
       10., 0., 0., 169., 40., 0., 4., 20., 1., 0., 4., 57., 16., 0., 0.,
       0., 0., 0., 1., 0., 0., 1., 1., 28., 10., 0., 0., 1., 1., 0., 1.,
       62., 18., 0., 0., 5., 4., 0., 0., 4., 1., 0., 0., 0., 0., 0., 0.,
       0., 0., 0., 0., 0., 0., 1., 1., 2., 2., 0., 0., 48., 2., 1., 1.,
       0., 1., 1., 30., 168., 0., 0., 0., 0., 0., 0., 168., 44., 0., 0.,
       0., 0., 1., 1., 101., 1., 1., 1., 0., 1., 2., 2., 2., 138., 5.,
       0., 0., 0., 1., 3., 19., 168., 18., 0., 0., 0., 0., 1., 68., 49.,
       2., 0., 0., 0., 8., 14., 22., 5., 2., 0., 0., 0., 0., 0., 5.,
       106., 21., 0., 0., 0., 0., 1., 10., 168., 119., 0., 0., 0., 0.,
       0., 2., 64., 41., 2., 3., 0., 3., 5., 1., 1., 2., 1., 0., 1., 0.,
       0., 1., 21., 31., 2., 0., 0., 0., 0., 0., 119., 168., 3., 0., 0.,
       0., 0., 0., 24., 168., 47., 2., 0., 0., 0., 0., 132., 0., 0., 0.,
       0., 0., 0., 8., 148., 0., 0., 0., 0., 0., 0., 18., 166., 1., 0.,
       0., 0., 0., 0., 5., 53., 1., 0., 0., 0., 0., 0., 2., 159., 0., 0.,
       0., 0., 0., 0., 30., 166., 3., 0., 0., 0., 0., 0., 24., 166., 15.,
       0., 0., 0., 0., 0., 2., 67., 3., 0., 0., 0., 0., 0., 2., 65., 0.,
       0., 0., 0., 0., 15., 98., 114., 5., 0., 0., 0., 0., 1., 32., 166.,
       47., 0., 0., 0., 0., 0., 2., 75., 12., 0., 0., 0., 0., 0., 0., 1.,
       0., 0., 0., 0., 0., 25., 30., 45., 6., 0., 0., 0., 0., 3., 12.,
       166., 63., 0., 0., 0., 0., 0., 1., 80., 20., 0., 0., 0., 0., 0.,
       1., 5., 89., 4., 0., 0., 0., 0., 0., 10., 26., 1., 2., 7., 2., 7.,
       7., 0., 0., 0., 2., 21., 9., 50., 49., 28., 0., 0., 0., 2., 2.,
       24., 132., 44., 47., 1., 0., 1., 17., 1., 1., 132., 33., 0., 0.,
       0., 1., 24., 74., 18., 1., 0., 0., 0., 1., 114., 132., 11., 0.,
       0., 0., 0., 0., 31., 132., 32., 7., 0., 0., 1., 121., 9., 5.,
       132., 37., 0., 0., 0., 5., 4., 37., 123., 6., 0., 0., 0., 0., 16.,
       127., 4., 0., 0., 0., 0., 0., 10., 90., 5., 0., 0., 0., 3., 132.,
