%YAML:1.0
tag: !!opencv-matrix
   rows: 143
   cols: 128
   dt: f
   data: [ 2., 2., 3., 3., 27., 2., 0., 1., 81., 2., 2., 2., 3., 1., 0.,
       3., 185., 11., 0., 0., 0., 0., 0., 8., 74., 6., 8., 9., 0., 0.,
       0., 2., 1., 1., 1., 2., 38., 6., 1., 2., 106., 7., 1., 1., 1., 1.,
       0., 4., 185., 10., 1., 2., 1., 0., 0., 20., 71., 8., 12., 127.,
       16., 0., 0., 1., 0., 0., 0., 1., 48., 6., 1., 1., 111., 2., 0.,
       0., 1., 4., 1., 9., 185., 3., 0., 3., 8., 3., 1., 14., 51., 1.,
       2., 83., 144., 61., 1., 3., 1., 1., 0., 1., 44., 2., 0., 1., 95.,
       4., 0., 3., 3., 0., 0., 2., 185., 2., 0., 0., 1., 3., 1., 15.,
       50., 0., 0., 0., 49., 110., 3., 5., 5., 2., 0., 0., 50., 25., 0.,
       2., 4., 1., 0., 1., 4., 11., 25., 16., 16., 0., 0., 2., 5., 18.,
       29., 54., 76., 1., 0., 0., 0., 0., 2., 143., 23., 6., 0., 13.,
       119., 8., 0., 6., 128., 17., 0., 0., 0., 14., 70., 91., 28., 1.,
       0., 0., 0., 36., 143., 143., 44., 0., 0., 0., 0., 0., 24., 143.,
       22., 6., 1., 44., 43., 0., 1., 2., 143., 35., 0., 0., 0., 0., 7.,
       40., 139., 4., 0., 0., 0., 1., 67., 100., 2., 0., 0., 0., 0., 0.,
       15., 57., 22., 0., 0., 8., 3., 1., 4., 21., 143., 0., 0., 0., 0.,
       0., 0., 129., 109., 0., 0., 0., 0., 0., 0., 51., 1., 0., 0., 0.,
       0., 0., 0., 5., 0., 80., 131., 1., 0., 0., 0., 0., 25., 131.,
       131., 0., 0., 0., 0., 0., 24., 103., 34., 5., 0., 0., 0., 0., 0.,
       3., 68., 30., 0., 0., 0., 0., 10., 25., 64., 1., 0., 5., 5., 6.,
       131., 113., 46., 2., 0., 0., 1., 30., 98., 80., 122., 117., 0.,
       0., 0., 3., 0., 1., 131., 131., 0., 0., 0., 0., 19., 4., 0., 1.,
       1., 3., 3., 5., 127., 70., 46., 19., 0., 0., 0., 14., 16., 21.,
       107., 131., 0., 0., 0., 1., 1., 2., 41., 85., 0., 1., 2., 1., 3.,
       3., 1., 1., 4., 2., 1., 2., 5., 23., 29., 12., 2., 0., 1., 2., 0.,
       3., 23., 33., 0., 0., 19., 18., 1., 4., 3., 3., 0., 2., 53., 15.,
       2., 2., 1., 3., 43., 3., 0., 1., 4., 1., 1., 3., 4., 5., 3., 8.,
       50., 0., 1., 1., 1., 1., 4., 138., 24., 0., 0., 0., 0., 0., 34.,
       138., 6., 2., 1., 1., 63., 21., 0., 2., 40., 3., 2., 6., 2., 2.,
       1., 9., 138., 5., 0., 0., 0., 0., 0., 112., 130., 3., 0., 0., 0.,
       0., 1., 95., 1., 1., 1., 1., 86., 93., 0., 0., 42., 12., 2., 7.,
       3., 6., 0., 1., 138., 134., 0., 0., 0., 0., 0., 7., 109., 128.,
       4., 0., 0., 0., 0., 4., 0., 0., 0., 0., 55., 138., 5., 0., 5., 5.,
       0., 0., 3., 87., 18., 0., 32., 136., 2., 0., 0., 7., 4., 0., 12.,
       138., 45., 0., 0., 0., 0., 0., 1., 0., 0., 0., 133., 30., 0., 1.,
       67., 2., 0., 1., 7., 2., 0., 3., 152., 6., 0., 0., 0., 0., 0., 8.,
       52., 1., 0., 0., 0., 0., 0., 6., 0., 0., 0., 0., 152., 50., 0.,
       1., 80., 5., 0., 0., 18., 6., 1., 4., 152., 17., 0., 0., 0., 0.,
       0., 8., 61., 9., 3., 0., 0., 0., 0., 3., 1., 1., 0., 0., 152.,
       80., 1., 0., 72., 8., 1., 0., 26., 15., 7., 21., 152., 10., 0.,
       0., 0., 0., 1., 52., 49., 13., 4., 0., 0., 0., 0., 7., 0., 0., 0.,
       0., 74., 142., 26., 0., 22., 1., 0., 0., 8., 57., 137., 78., 104.,
       0., 0., 0., 0., 0., 23., 146., 13., 0., 1., 9., 3., 1., 2., 15.,
       0., 2., 27., 15., 2., 46., 112., 0., 0., 9., 29., 0., 0., 58.,
       127., 0., 1., 4., 4., 0., 0., 60., 127., 1., 0., 0., 0., 0., 0.,
       47., 127., 0., 0., 12., 112., 89., 60., 3., 3., 0., 10., 98.,
       127., 3., 1., 5., 14., 0., 82., 116., 40., 0., 0., 11., 52., 7.,
       17., 4., 0., 0., 0., 27., 98., 4., 0., 1., 7., 14., 127., 48., 0.,
       0., 68., 26., 25., 1., 5., 5., 1., 7., 127., 46., 4., 0., 0., 0.,
       0., 22., 40., 5., 0., 0., 0., 0., 2., 4., 0., 0., 6., 14., 89.,
       94., 0., 0., 35., 18., 1., 2., 22., 36., 0., 1., 127., 127., 1.,
       0., 0., 0., 0., 1., 18., 62., 8., 0., 0., 0., 0., 0., 0., 1., 57.,
       128., 1., 0., 0., 0., 26., 41., 122., 58., 0., 0., 0., 0., 100.,
       82., 22., 2., 46., 4., 0., 0., 3., 1., 0., 1., 128., 21., 0., 0.,
       0., 1., 10., 96., 6., 0., 4., 5., 59., 10., 6., 9., 1., 1., 27.,
       24., 128., 26., 0., 0., 36., 5., 5., 33., 11., 1., 0., 0., 128.,
       28., 0., 1., 5., 0., 2., 9., 1., 0., 40., 128., 9., 0., 0., 0.,
       0., 0., 128., 128., 53., 0., 0., 0., 29., 11., 67., 121., 3., 0.,
       0., 0., 128., 38., 2., 5., 56., 0., 0., 0., 0., 0., 9., 128., 3.,
       0., 0., 0., 0., 0., 39., 51., 0., 0., 0., 0., 29., 9., 19., 10.,
       0., 0., 0., 0., 128., 27., 0., 0., 0., 0., 0., 103., 85., 1., 0.,
       0., 9., 0., 0., 9., 10., 2., 0., 10., 79., 0., 0., 0., 0., 0., 0.,
       136., 49., 0., 0., 0., 0., 0., 0., 136., 0., 1., 3., 30., 97., 3.,
       1., 0., 61., 2., 1., 3., 4., 3., 1., 18., 136., 9., 0., 0., 0.,
       0., 0., 136., 63., 6., 1., 0., 0., 0., 0., 63., 1., 1., 1., 3.,
       91., 59., 0., 1., 62., 16., 1., 1., 2., 3., 0., 2., 136., 136.,
       7., 0., 0., 0., 0., 5., 36., 93., 62., 3., 0., 0., 0., 1., 0., 0.,
       0., 0., 42., 136., 5., 0., 5., 11., 2., 0., 2., 65., 14., 0., 18.,
       136., 33., 0., 0., 4., 7., 0., 1., 92., 136., 6., 0., 0., 3., 1.,
       0., 0., 0., 1., 143., 8., 0., 1., 80., 3., 0., 1., 8., 1., 0., 1.,
       143., 10., 0., 1., 0., 0., 0., 0., 32., 4., 0., 55., 43., 0., 0.,
       0., 0., 0., 0., 3., 143., 4., 0., 0., 97., 7., 1., 2., 12., 0.,
       0., 0., 143., 19., 2., 11., 4., 0., 0., 0., 28., 6., 2., 133.,
       96., 0., 0., 0., 0., 0., 0., 1., 143., 4., 0., 0., 95., 2., 0.,
       0., 14., 0., 0., 4., 143., 25., 7., 38., 13., 0., 0., 3., 9., 5.,
       4., 143., 97., 0., 0., 0., 0., 0., 0., 0., 143., 8., 0., 0., 68.,
       4., 0., 0., 11., 0., 0., 6., 106., 28., 11., 50., 18., 0., 0., 2.,
       2., 1., 2., 76., 47., 0., 0., 1., 4., 1., 2., 2., 47., 19., 0.,
       3., 11., 14., 12., 5., 0., 0., 0., 9., 35., 2., 10., 14., 1., 0.,
       14., 148., 6., 0., 0., 0., 0., 12., 141., 139., 2., 2., 0., 1.,
       109., 32., 0., 1., 62., 3., 1., 1., 1., 0., 0., 16., 148., 3., 0.,
       0., 0., 0., 1., 148., 47., 0., 0., 0., 0., 4., 22., 81., 2., 2.,
       0., 0., 148., 52., 0., 0., 79., 15., 0., 0., 3., 2., 0., 2., 148.,
       69., 0., 0., 0., 0., 0., 9., 71., 17., 0., 0., 0., 0., 0., 4., 1.,
       0., 0., 0., 148., 54., 0., 0., 32., 10., 0., 0., 10., 3., 0., 1.,
       148., 84., 0., 0., 0., 0., 0., 0., 87., 27., 0., 0., 0., 0., 0.,
       1., 2., 1., 0., 0., 52., 12., 1., 1., 11., 5., 8., 1., 2., 3., 1.,
       11., 73., 1., 7., 3., 0., 0., 6., 140., 15., 0., 0., 0., 0., 1.,
       81., 140., 2., 2., 0., 0., 103., 26., 0., 0., 67., 4., 2., 1., 1.,
       2., 1., 15., 140., 10., 0., 0., 0., 0., 0., 116., 82., 9., 6., 4.,
       0., 0., 5., 59., 0., 0., 0., 0., 140., 36., 1., 1., 65., 13., 1.,
       0., 2., 1., 1., 5., 140., 140., 27., 0., 0., 0., 0., 2., 43., 57.,
       140., 53., 0., 0., 0., 0., 0., 0., 0., 0., 140., 37., 0., 0., 12.,
       11., 1., 1., 6., 1., 0., 1., 25., 91., 65., 4., 1., 0., 1., 1.,
       1., 20., 140., 45., 0., 0., 7., 3., 0., 4., 3., 1., 49., 21., 1.,
       1., 10., 22., 26., 6., 1., 0., 1., 11., 41., 2., 14., 17., 1., 0.,
       22., 132., 3., 0., 0., 1., 0., 7., 132., 132., 0., 1., 0., 1.,
       116., 32., 0., 0., 75., 2., 1., 1., 3., 1., 0., 21., 132., 6., 0.,
       0., 0., 0., 2., 132., 36., 2., 5., 9., 2., 2., 17., 61., 0., 0.,
       0., 1., 132., 41., 0., 0., 79., 21., 1., 3., 6., 1., 0., 1., 132.,
       132., 46., 4., 0., 0., 0., 5., 21., 27., 132., 87., 0., 0., 0.,
       1., 0., 0., 0., 1., 132., 41., 0., 0., 14., 11., 0., 1., 10., 2.,
       2., 4., 24., 78., 79., 8., 1., 1., 3., 3., 0., 8., 129., 54., 0.,
       0., 16., 9., 0., 0., 0., 91., 105., 0., 1., 1., 2., 1., 1., 20.,
       6., 1., 0., 3., 9., 1., 0., 0., 1., 1., 17., 87., 1., 0., 0., 0.,
       0., 7., 124., 77., 1., 1., 0., 18., 124., 29., 0., 0., 29., 4.,
       1., 1., 4., 3., 1., 13., 124., 11., 0., 0., 0., 0., 6., 124., 38.,
       6., 0., 0., 0., 4., 67., 103., 0., 0., 0., 0., 124., 124., 0., 0.,
       27., 14., 1., 1., 12., 35., 1., 1., 124., 124., 5., 0., 0., 0.,
