%YAML:1.0
tag: !!opencv-matrix
   rows: 101
   cols: 128
   dt: f
   data: [ 0., 0., 38., 39., 21., 42., 53., 7., 1., 0., 30., 56., 8.,
       38., 122., 18., 122., 1., 2., 14., 7., 36., 38., 72., 60., 1., 0.,
       31., 87., 0., 0., 26., 0., 11., 122., 27., 2., 25., 42., 4., 13.,
       10., 122., 110., 7., 15., 48., 10., 122., 18., 32., 24., 13., 16.,
       9., 51., 45., 0., 1., 39., 122., 0., 0., 14., 0., 7., 122., 16.,
       0., 0., 1., 0., 69., 23., 97., 36., 0., 0., 0., 1., 122., 89.,
       54., 14., 3., 0., 0., 17., 14., 9., 47., 113., 122., 0., 0., 3.,
       0., 0., 1., 0., 0., 0., 2., 0., 17., 17., 2., 0., 0., 0., 1., 1.,
       22., 72., 90., 7., 0., 0., 0., 0., 0., 4., 79., 62., 9., 0., 0.,
       0., 0., 0., 0., 1., 1., 0., 1., 0., 38., 0., 0., 1., 1., 1., 1.,
       15., 121., 1., 1., 6., 4., 0., 0., 105., 31., 10., 35., 56., 16.,
       0., 1., 33., 7., 0., 0., 0., 0., 4., 39., 43., 61., 1., 0., 0.,
       0., 33., 101., 29., 121., 20., 3., 14., 25., 3., 12., 29., 59.,
       14., 8., 64., 113., 0., 0., 2., 121., 18., 1., 0., 0., 2., 33.,
       93., 36., 16., 4., 0., 0., 108., 121., 48., 60., 18., 18., 31.,
       14., 104., 79., 18., 33., 31., 15., 89., 47., 47., 19., 1., 59.,
       108., 26., 0., 0., 0., 1., 4., 16., 121., 105., 0., 0., 16., 11.,
       3., 0., 72., 54., 1., 3., 83., 42., 0., 3., 15., 6., 3., 4., 121.,
       64., 1., 16., 0., 0., 1., 1., 1., 2., 9., 119., 0., 0., 1., 1.,
       0., 0., 105., 49., 4., 29., 57., 15., 0., 1., 64., 26., 42., 50.,
       22., 3., 1., 3., 4., 27., 0., 0., 0., 0., 41., 85., 23., 119., 7.,
       2., 7., 9., 6., 15., 44., 61., 8., 9., 88., 119., 0., 0., 6.,
       119., 16., 8., 19., 29., 5., 1., 23., 18., 10., 2., 0., 0., 105.,
       111., 28., 59., 15., 19., 23., 9., 104., 58., 20., 35., 24., 26.,
       119., 55., 39., 9., 1., 119., 89., 3., 9., 9., 8., 3., 4., 8.,
       119., 59., 0., 0., 16., 7., 1., 0., 53., 28., 2., 4., 104., 33.,
       0., 5., 9., 3., 9., 8., 119., 53., 1., 35., 85., 5., 0., 0., 62.,
       27., 2., 12., 0., 0., 1., 0., 0., 0., 10., 114., 0., 0., 1., 1.,
       0., 0., 123., 40., 5., 37., 46., 6., 0., 5., 117., 18., 41., 54.,
       13., 0., 3., 14., 9., 50., 4., 0., 0., 0., 0., 0., 10., 123., 30.,
       8., 12., 11., 0., 0., 58., 62., 10., 23., 119., 96., 0., 0., 18.,
       117., 21., 17., 28., 28., 3., 0., 42., 27., 9., 0., 0., 0., 0.,
       21., 27., 86., 90., 61., 20., 3., 8., 46., 16., 90., 30., 69.,
       92., 29., 10., 18., 8., 123., 24., 1., 4., 23., 23., 2., 20., 8.,
       0., 0., 0., 0., 0., 72., 123., 2., 3., 8., 2., 0., 42., 123., 47.,
       34., 7., 6., 4., 0., 95., 123., 12., 87., 58., 5., 0., 0., 16.,
       30., 10., 45., 0., 0., 0., 0., 0., 1., 95., 29., 2., 12., 6., 0.,
       0., 47., 119., 1., 16., 23., 4., 0., 11., 119., 28., 0., 5., 18.,
       2., 0., 44., 96., 0., 119., 1., 0., 2., 2., 0., 0., 79., 66., 9.,
       39., 89., 42., 0., 0., 44., 73., 63., 61., 40., 21., 3., 2., 8.,
       9., 40., 94., 58., 43., 8., 5., 1., 119., 14., 4., 8., 7., 12.,
       26., 24., 72., 18., 11., 85., 119., 0., 0., 2., 119., 39., 4.,
       15., 47., 20., 1., 15., 24., 14., 8., 15., 90., 92., 38., 24.,
       16., 9., 11., 9., 5., 83., 54., 8., 19., 19., 13., 71., 32., 84.,
       30., 1., 99., 119., 7., 6., 4., 21., 12., 2., 8., 54., 39., 4.,
       2., 30., 35., 8., 43., 23., 0., 0., 0., 0., 0., 0., 128., 109.,
       0., 2., 9., 3., 0., 2., 35., 21., 4., 16., 75., 100., 41., 6.,
       50., 34., 4., 3., 8., 30., 71., 56., 38., 5., 0., 0., 0., 0., 0.,
       6., 128., 53., 5., 0., 0., 0., 0., 32., 90., 26., 71., 7., 1.,
       26., 40., 18., 1., 0., 95., 14., 0., 10., 65., 27., 24., 10., 0.,
       0., 0., 0., 0., 1., 128., 128., 30., 0., 0., 0., 3., 24., 21.,
       50., 128., 19., 0., 0., 67., 35., 0., 0., 128., 24., 0., 0., 96.,
       16., 7., 2., 0., 0., 0., 0., 0., 0., 128., 32., 1., 0., 0., 0.,
       5., 50., 64., 27., 30., 2., 0., 0., 106., 81., 0., 0., 48., 7.,
       0., 0., 121., 20., 0., 0., 0., 0., 4., 0., 0., 0., 4., 10., 1.,
       0., 2., 0., 1., 10., 6., 59., 41., 0., 0., 0., 41., 78., 7., 51.,
       86., 0., 0., 0., 103., 86., 0., 0., 0., 0., 4., 0., 0., 0., 67.,
       2., 0., 0., 1., 0., 1., 31., 139., 16., 0., 0., 0., 0., 58., 139.,
       33., 12., 3., 0., 1., 3., 139., 139., 0., 0., 0., 0., 3., 1., 0.,
       0., 75., 28., 0., 0., 1., 0., 0., 2., 139., 139., 36., 0., 0., 0.,
       0., 20., 37., 139., 139., 1., 2., 2., 7., 13., 0., 0., 0., 0., 2.,
       1., 0., 0., 5., 13., 0., 0., 2., 1., 0., 3., 10., 106., 44., 0.,
       0., 0., 15., 33., 2., 86., 139., 0., 0., 0., 51., 39., 46., 10.,
       0., 9., 12., 1., 0., 23., 128., 48., 0., 0., 0., 2., 71., 105.,
       22., 8., 0., 32., 19., 5., 128., 81., 4., 0., 0., 128., 87., 18.,
       16., 24., 58., 15., 0., 2., 0., 0., 0., 8., 128., 90., 8., 9., 0.,
       0., 1., 31., 63., 33., 29., 128., 31., 1., 5., 7., 17., 49., 29.,
       52., 37., 40., 81., 19., 27., 20., 0., 0., 0., 1., 1., 3., 97.,
       128., 87., 24., 0., 0., 0., 8., 11., 45., 128., 128., 3., 0., 0.,
       1., 6., 128., 128., 16., 0., 1., 3., 2., 0., 3., 0., 0., 0., 1.,
       1., 0., 0., 20., 25., 3., 0., 1., 1., 0., 0., 3., 27., 20., 0.,
       1., 1., 0., 0., 25., 13., 2., 0., 1., 0., 0., 0., 0., 1., 1., 0.,
       0., 0., 3., 0., 0., 1., 1., 0., 2., 27., 18., 0., 0., 1., 1., 1.,
       19., 27., 2., 1., 0., 1., 1., 1., 3., 0., 0., 28., 0., 1., 1., 0.,
       0., 1., 21., 104., 1., 0., 0., 0., 23., 91., 123., 8., 0., 0., 0.,
       16., 123., 112., 22., 2., 1., 0., 0., 7., 82., 38., 0., 23., 0.,
       0., 0., 0., 1., 87., 111., 123., 23., 0., 0., 3., 19., 52., 97.,
       60., 16., 1., 16., 14., 123., 78., 10., 0., 0., 0., 45., 92.,
       123., 63., 0., 4., 0., 5., 45., 14., 4., 112., 88., 58., 56., 37.,
       81., 20., 14., 32., 22., 70., 61., 5., 60., 63., 11., 3., 1., 0.,
       0., 1., 123., 112., 18., 1., 0., 23., 1., 0., 0., 1., 0., 0., 11.,
       91., 23., 2., 0., 0., 0., 49., 128., 12., 19., 12., 0., 0., 0.,
       121., 129., 1., 3., 7., 1., 42., 76., 37., 59., 22., 16., 1., 0.,
       1., 0., 0., 1., 92., 129., 43., 0., 0., 0., 2., 16., 52., 129.,
       125., 0., 1., 2., 14., 33., 2., 36., 129., 14., 18., 24., 8., 8.,
       0., 3., 1., 1., 3., 0., 0., 0., 81., 43., 9., 0., 0., 0., 0., 7.,
       129., 37., 9., 0., 13., 13., 10., 55., 20., 6., 45., 27., 129.,
       74., 11., 13., 1., 0., 0., 1., 2., 0., 0., 0., 90., 6., 0., 0.,
       0., 0., 0., 28., 129., 32., 5., 0., 4., 6., 1., 68., 20., 10.,
       12., 0., 42., 125., 23., 7., 0., 0., 1., 2., 0., 0., 0., 0., 10.,
       0., 1., 1., 0., 0., 2., 19., 12., 0., 0., 0., 0., 10., 77., 82.,
       0., 0., 0., 0., 2., 75., 58., 6., 0., 0., 2., 1., 0., 0., 3., 3.,
       79., 1., 0., 0., 0., 0., 6., 49., 123., 19., 0., 0., 0., 26., 53.,
       123., 19., 4., 0., 0., 4., 123., 99., 14., 2., 0., 0., 0., 0., 0.,
       82., 83., 17., 0., 0., 2., 2., 3., 123., 123., 123., 49., 2., 10.,
       11., 18., 63., 81., 60., 43., 2., 25., 18., 38., 31., 2., 74., 6.,
       0., 0., 1., 3., 64., 123., 7., 2., 4., 78., 40., 5., 89., 94.,
       29., 62., 49., 123., 30., 10., 14., 10., 71., 97., 9., 16., 41.,
       11., 0., 0., 0., 0., 0., 1., 3., 0., 0., 0., 57., 2., 0., 0., 1.,
       0., 0., 25., 136., 11., 2., 8., 1., 2., 1., 123., 29., 2., 52.,
       54., 4., 33., 34., 21., 0., 0., 0., 1., 4., 0., 0., 0., 121., 13.,
       0., 0., 1., 0., 0., 9., 136., 48., 2., 21., 25., 12., 2., 35.,
       13., 3., 55., 113., 79., 78., 41., 4., 0., 0., 0., 0., 3., 0., 4.,
       5., 104., 6., 0., 0., 1., 0., 24., 31., 136., 69., 28., 0., 4.,
       12., 10., 45., 16., 18., 86., 2., 12., 92., 87., 6., 36., 2., 0.,
       0., 0., 0., 10., 47., 44., 10., 4., 0., 0., 1., 136., 110., 36.,
       50., 40., 0., 0., 6., 136., 22., 1., 15., 107., 0., 0., 9., 108.,
       0., 17., 3., 0., 0., 1., 0., 0., 1., 132., 62., 0., 0., 0., 0.,
       0., 26., 90., 51., 5., 55., 54., 15., 1., 20., 0., 0., 39., 116.,
