%YAML:1.0
tag: !!opencv-matrix
   rows: 123
   cols: 128
   dt: f
   data: [ 3., 7., 1., 1., 1., 0., 0., 0., 21., 1., 3., 12., 4., 0., 0.,
       19., 70., 1., 2., 1., 0., 0., 19., 136., 7., 0., 0., 0., 0., 0.,
       86., 136., 4., 11., 5., 2., 1., 0., 0., 4., 79., 4., 1., 1., 4.,
       1., 17., 43., 136., 27., 0., 0., 0., 0., 4., 109., 67., 13., 1.,
       0., 0., 0., 8., 55., 45., 4., 3., 4., 4., 0., 1., 50., 59., 4.,
       1., 2., 6., 10., 89., 136., 136., 135., 12., 9., 12., 11., 31.,
       25., 44., 136., 21., 0., 0., 0., 0., 1., 61., 38., 2., 1., 2., 0.,
       0., 15., 62., 77., 59., 38., 13., 6., 10., 31., 2., 67., 57.,
       101., 26., 6., 4., 1., 1., 136., 102., 3., 0., 0., 0., 0., 1., 0.,
       0., 0., 0., 0., 2., 3., 70., 0., 0., 0., 0., 0., 1., 34., 136.,
       0., 0., 0., 0., 0., 0., 136., 28., 0., 1., 18., 4., 1., 2., 35.,
       2., 0., 0., 0., 0., 0., 4., 15., 122., 2., 0., 0., 0., 0., 29.,
       55., 136., 23., 0., 1., 1., 0., 5., 41., 28., 4., 1., 80., 83.,
       1., 0., 4., 33., 0., 0., 0., 0., 0., 4., 106., 45., 0., 0., 0.,
       0., 3., 136., 136., 136., 12., 0., 0., 2., 4., 90., 94., 24., 3.,
       0., 14., 136., 44., 0., 7., 100., 3., 0., 0., 0., 0., 0., 136.,
       57., 3., 0., 0., 0., 3., 25., 132., 4., 0., 0., 0., 1., 5., 33.,
       20., 2., 0., 0., 0., 30., 50., 1., 4., 0., 0., 0., 0., 0., 0., 4.,
       4., 66., 0., 0., 0., 0., 0., 4., 33., 149., 0., 0., 0., 0., 0.,
       2., 149., 31., 0., 1., 2., 1., 26., 24., 51., 1., 0., 0., 0., 0.,
       0., 27., 57., 101., 1., 0., 0., 0., 13., 114., 54., 149., 27., 0.,
       0., 0., 2., 13., 44., 44., 8., 0., 14., 14., 2., 2., 5., 19., 0.,
       0., 0., 0., 0., 39., 149., 14., 0., 0., 0., 0., 88., 149., 122.,
       149., 17., 0., 0., 0., 35., 93., 83., 46., 11., 0., 13., 56., 4.,
       1., 11., 65., 28., 4., 0., 0., 0., 2., 149., 4., 5., 3., 3., 2.,
       31., 29., 34., 5., 0., 0., 0., 0., 22., 46., 26., 7., 0., 0., 0.,
       27., 15., 2., 13., 0., 0., 0., 0., 133., 65., 0., 0., 6., 0., 0.,
       1., 16., 5., 2., 17., 11., 0., 0., 0., 0., 1., 74., 85., 0., 0.,
       0., 0., 0., 14., 133., 14., 0., 0., 0., 10., 133., 19., 0., 0.,
       72., 1., 0., 1., 30., 4., 1., 24., 133., 10., 1., 0., 0., 0., 41.,
       133., 19., 5., 8., 0., 0., 14., 133., 34., 0., 0., 0., 54., 133.,
       0., 0., 0., 66., 20., 2., 4., 21., 0., 0., 2., 133., 133., 73.,
       0., 0., 0., 0., 4., 13., 52., 133., 0., 0., 0., 3., 2., 0., 0.,
       0., 56., 104., 0., 1., 0., 3., 10., 4., 4., 4., 1., 8., 3., 3.,
       45., 69., 1., 0., 2., 21., 2., 0., 18., 133., 2., 0., 4., 17., 0.,
       0., 1., 6., 79., 47., 0., 0., 1., 75., 61., 35., 59., 13., 0., 0.,
       0., 69., 18., 0., 0., 0., 1., 1., 3., 0., 0., 0., 0., 45., 5., 1.,
       0., 6., 5., 6., 154., 120., 0., 0., 0., 154., 43., 14., 63., 22.,
       0., 0., 5., 137., 5., 1., 1., 0., 0., 0., 6., 0., 1., 1., 1., 48.,
       5., 0., 0., 26., 6., 5., 154., 133., 0., 0., 0., 154., 27., 6.,
       24., 10., 0., 0., 3., 141., 7., 1., 1., 1., 1., 0., 3., 2., 2.,
       1., 1., 37., 4., 0., 1., 44., 2., 1., 98., 69., 0., 0., 1., 154.,
       3., 1., 3., 1., 0., 0., 10., 112., 0., 0., 0., 0., 1., 0., 5., 3.,
       0., 0., 0., 25., 3., 0., 2., 0., 0., 3., 3., 2., 3., 1., 0., 18.,
       2., 2., 0., 0., 1., 1., 16., 149., 0., 0., 0., 0., 0., 0., 160.,
       44., 0., 0., 1., 0., 0., 7., 160., 0., 1., 1., 1., 3., 4., 1., 0.,
       90., 1., 0., 0., 1., 2., 1., 22., 160., 4., 0., 0., 0., 0., 0.,
       130., 66., 1., 0., 1., 1., 0., 0., 36., 0., 3., 5., 2., 0., 0.,
       0., 0., 91., 23., 2., 0., 0., 0., 0., 1., 160., 119., 0., 0., 0.,
       0., 0., 6., 64., 31., 1., 1., 3., 0., 0., 1., 0., 2., 3., 3., 0.,
       0., 0., 0., 17., 22., 5., 1., 0., 0., 0., 0., 160., 160., 1., 0.,
       0., 0., 0., 0., 65., 137., 0., 0., 1., 0., 0., 0., 6., 139., 31.,
       0., 0., 1., 0., 0., 0., 95., 51., 0., 4., 50., 2., 0., 0., 15.,
       13., 0., 2., 139., 90., 0., 0., 1., 0., 0., 0., 35., 139., 30.,
       1., 138., 45., 0., 0., 0., 0., 0., 16., 139., 139., 0., 0., 0.,
       0., 1., 89., 139., 56., 0., 0., 5., 10., 5., 16., 12., 0., 0., 0.,
       3., 27., 5., 3., 7., 3., 1., 0., 0., 0., 0., 109., 42., 16., 1.,
       0., 0., 0., 7., 139., 56., 3., 0., 0., 0., 0., 31., 33., 6., 1.,
       4., 0., 0., 0., 5., 1., 1., 1., 0., 0., 0., 0., 0., 52., 32., 1.,
       1., 0., 0., 0., 0., 139., 139., 3., 0., 0., 0., 0., 1., 17., 49.,
       22., 56., 0., 0., 0., 0., 1., 0., 0., 0., 0., 0., 1., 4., 84., 1.,
       0., 0., 0., 0., 1., 17., 144., 2., 0., 0., 0., 0., 0., 60., 31.,
       0., 0., 54., 36., 0., 0., 10., 1., 2., 1., 0., 0., 0., 2., 8.,
       102., 7., 1., 0., 0., 0., 22., 46., 144., 31., 0., 1., 3., 0., 5.,
       46., 32., 5., 0., 49., 144., 9., 0., 2., 17., 0., 1., 0., 0., 0.,
       12., 135., 16., 0., 0., 0., 0., 0., 144., 144., 94., 3., 0., 0.,
       2., 1., 64., 144., 14., 1., 0., 1., 117., 73., 1., 11., 109., 7.,
       1., 0., 0., 0., 2., 144., 24., 7., 3., 0., 0., 0., 28., 123., 1.,
       2., 1., 0., 0., 0., 17., 19., 1., 1., 0., 0., 9., 36., 2., 2., 3.,
       0., 0., 0., 0., 0., 0., 3., 11., 1., 0., 0., 0., 0., 2., 16., 17.,
       0., 1., 0., 0., 0., 91., 106., 0., 1., 1., 0., 0., 4., 143., 35.,
       1., 0., 0., 0., 0., 1., 1., 3., 99., 2., 1., 0., 1., 2., 1., 18.,
       143., 4., 0., 0., 0., 0., 49., 143., 30., 2., 1., 0., 0., 5.,
       143., 60., 0., 0., 0., 0., 0., 1., 8., 1., 101., 12., 0., 0., 0.,
       3., 5., 7., 143., 143., 46., 0., 0., 0., 0., 8., 31., 98., 124.,
       1., 0., 0., 3., 3., 0., 4., 5., 0., 0., 0., 1., 0., 14., 18., 3.,
       0., 0., 0., 1., 2., 22., 107., 92., 0., 0., 0., 0., 0., 10., 143.,
       143., 0., 0., 0., 0., 0., 24., 3., 1., 0., 0., 0., 0., 13., 48.,
       11., 3., 1., 2., 14., 70., 84., 2., 2., 3., 2., 4., 67., 110.,
       48., 0., 1., 1., 0., 0., 18., 135., 73., 35., 14., 0., 0., 0., 0.,
       0., 8., 86., 131., 49., 2., 2., 5., 6., 19., 135., 36., 26., 4.,
       5., 21., 35., 135., 25., 0., 0., 0., 0., 21., 106., 135., 6., 11.,
       2., 0., 0., 0., 0., 2., 97., 48., 8., 0., 0., 0., 0., 1., 135.,
       120., 4., 0., 0., 0., 0., 32., 51., 52., 13., 0., 0., 1., 2., 16.,
       3., 6., 2., 0., 1., 1., 1., 1., 32., 28., 0., 0., 0., 0., 0., 2.,
       64., 135., 28., 0., 0., 0., 0., 0., 5., 135., 103., 0., 0., 0.,
       0., 0., 6., 6., 7., 2., 1., 0., 0., 2., 137., 70., 1., 1., 1., 0.,
       1., 35., 137., 137., 29., 0., 0., 0., 1., 14., 5., 73., 97., 14.,
       1., 0., 0., 0., 37., 8., 6., 3., 4., 0., 0., 5., 137., 40., 7.,
       4., 3., 3., 10., 130., 42., 112., 108., 73., 48., 8., 13., 42.,
       0., 79., 137., 47., 5., 0., 0., 0., 21., 15., 3., 3., 5., 1., 0.,
       0., 84., 137., 87., 12., 2., 1., 1., 7., 6., 29., 125., 137., 38.,
       1., 1., 2., 0., 4., 72., 51., 9., 0., 0., 0., 0., 1., 8., 4., 1.,
       0., 0., 0., 0., 15., 29., 3., 1., 0., 0., 0., 1., 12., 38., 10.,
       0., 0., 0., 0., 0., 2., 7., 10., 1., 0., 0., 0., 3., 2., 2., 1.,
       0., 0., 0., 3., 3., 2., 5., 4., 0., 0., 17., 22., 8., 3., 1., 0.,
       0., 4., 40., 21., 1., 2., 3., 1., 0., 1., 53., 68., 22., 6., 3.,
       1., 0., 0., 0., 10., 84., 15., 3., 1., 0., 4., 63., 131., 17., 5.,
       7., 5., 5., 61., 131., 99., 36., 0., 0., 0., 0., 5., 92., 131.,
       31., 14., 1., 0., 0., 0., 0., 3., 105., 131., 57., 2., 0., 1., 3.,
       22., 116., 105., 112., 16., 5., 14., 13., 29., 131., 39., 1., 0.,
       0., 1., 5., 100., 12., 5., 0., 0., 0., 0., 0., 3., 6., 34., 21.,
       0., 0., 0., 0., 1., 111., 122., 26., 0., 0., 0., 0., 0., 131.,
       131., 21., 0., 0., 0., 0., 0., 0., 0., 0., 0., 0., 1., 9., 7., 2.,
       1., 0., 0., 0., 2., 23., 18., 4., 1., 0., 0., 0., 10., 19., 6.,
       1., 2., 0., 0., 0., 4., 4., 1., 21., 0., 0., 0., 0., 1., 8., 29.,
       58., 4., 0., 1., 3., 19., 97., 132., 3., 2., 1., 3., 52., 132.,
       84., 17., 4., 4., 0., 0., 13., 28., 4., 4., 40., 1., 0., 0., 0.,
       0., 27., 82., 132., 30., 5., 8., 8., 13., 71., 116., 9., 9., 5.,
