%YAML:1.0
tag: !!opencv-matrix
   rows: 110
   cols: 128
   dt: f
   data: [ 1., 0., 0., 0., 1., 0., 0., 1., 88., 1., 0., 1., 1., 0., 0.,
       7., 198., 1., 0., 0., 0., 0., 0., 23., 82., 0., 0., 1., 2., 0.,
       0., 6., 0., 0., 0., 0., 1., 0., 0., 0., 132., 1., 0., 0., 2., 1.,
       0., 8., 198., 1., 0., 0., 0., 0., 0., 32., 86., 2., 0., 11., 14.,
       0., 0., 6., 0., 0., 0., 1., 1., 0., 0., 0., 146., 1., 0., 1., 2.,
       0., 0., 12., 198., 1., 0., 0., 0., 0., 0., 28., 74., 1., 0., 35.,
       49., 0., 0., 6., 0., 0., 0., 0., 1., 0., 0., 0., 133., 1., 0., 0.,
       1., 0., 0., 8., 198., 1., 0., 1., 1., 0., 0., 30., 43., 1., 0.,
       64., 90., 0., 0., 4., 1., 0., 0., 0., 27., 2., 0., 0., 80., 5.,
       0., 0., 1., 0., 0., 2., 144., 16., 0., 0., 0., 0., 6., 29., 39.,
       2., 0., 0., 0., 0., 30., 13., 0., 0., 0., 0., 36., 9., 26., 2.,
       81., 4., 0., 0., 1., 1., 34., 14., 144., 23., 0., 0., 0., 0., 3.,
       17., 66., 10., 4., 0., 0., 0., 0., 0., 0., 0., 2., 16., 14., 42.,
       144., 6., 19., 2., 23., 35., 7., 20., 144., 32., 144., 73., 104.,
       6., 0., 1., 16., 45., 23., 83., 144., 0., 0., 0., 0., 0., 0., 0.,
       15., 144., 25., 14., 32., 0., 0., 1., 77., 115., 5., 5., 7., 0.,
       1., 20., 130., 14., 0., 0., 1., 0., 0., 61., 129., 0., 0., 0., 0.,
       0., 2., 0., 0., 0., 58., 0., 0., 0., 10., 0., 0., 0., 0., 0., 1.,
       12., 17., 0., 0., 0., 0., 0., 85., 94., 0., 0., 0., 0., 0., 2.,
       150., 22., 2., 0., 0., 0., 73., 0., 0., 0., 84., 1., 0., 0., 1.,
       0., 0., 15., 150., 7., 0., 0., 0., 0., 53., 150., 38., 5., 6., 0.,
       0., 4., 150., 61., 2., 0., 0., 0., 72., 0., 0., 0., 84., 15., 0.,
       0., 1., 0., 0., 1., 150., 150., 57., 0., 0., 0., 0., 6., 35., 60.,
       150., 6., 0., 0., 4., 4., 2., 0., 0., 0., 55., 0., 0., 0., 9.,
       12., 1., 0., 0., 0., 0., 0., 17., 88., 87., 0., 0., 0., 0., 0.,
       0., 19., 150., 4., 0., 0., 0., 0., 0., 0., 0., 0., 71., 18., 0.,
       0., 16., 0., 0., 0., 0., 0., 2., 17., 22., 0., 0., 0., 0., 13.,
       98., 77., 0., 0., 0., 0., 0., 56., 123., 4., 1., 0., 0., 0., 132.,
       1., 0., 0., 106., 0., 0., 0., 1., 0., 0., 15., 133., 5., 1., 0.,
       0., 10., 67., 117., 17., 2., 11., 8., 0., 97., 133., 19., 1., 0.,
       0., 2., 130., 0., 0., 0., 101., 17., 0., 0., 0., 0., 0., 1., 133.,
       129., 83., 11., 0., 0., 1., 4., 15., 18., 133., 102., 0., 6., 6.,
       2., 1., 0., 0., 18., 66., 0., 0., 0., 12., 16., 2., 0., 0., 0.,
       0., 0., 14., 63., 93., 10., 0., 0., 0., 0., 0., 3., 107., 45., 0.,
       0., 0., 0., 29., 0., 0., 2., 5., 0., 0., 1., 143., 2., 0., 3.,
       14., 0., 0., 8., 42., 1., 0., 32., 143., 0., 0., 1., 0., 0., 0.,
       7., 55., 0., 0., 0., 41., 0., 0., 1., 1., 0., 0., 1., 143., 2.,
       0., 5., 25., 0., 0., 11., 41., 1., 0., 40., 143., 3., 1., 2., 0.,
       0., 0., 7., 48., 2., 13., 4., 28., 0., 0., 0., 0., 0., 50., 39.,
       143., 0., 0., 1., 21., 9., 18., 96., 26., 0., 0., 7., 143., 93.,
       81., 15., 0., 0., 0., 1., 13., 15., 143., 51., 1., 0., 0., 0., 0.,
       0., 143., 75., 17., 0., 0., 0., 0., 4., 77., 126., 2., 0., 0., 0.,
       2., 34., 93., 19., 0., 0., 0., 0., 0., 2., 102., 26., 0., 1., 10.,
       0., 0., 1., 1., 0., 95., 28., 10., 0., 0., 0., 0., 0., 140., 52.,
       0., 0., 0., 0., 0., 0., 33., 6., 0., 0., 0., 0., 0., 0., 0., 0.,
       0., 0., 0., 43., 120., 0., 85., 8., 0., 0., 0., 21., 87., 19.,
       140., 32., 0., 0., 0., 0., 9., 33., 59., 6., 0., 0., 0., 0., 0.,
       1., 0., 14., 91., 1., 1., 60., 140., 0., 10., 17., 66., 0., 0.,
       51., 140., 32., 122., 31., 15., 0., 0., 2., 54., 118., 40., 5.,
       0., 0., 0., 0., 0., 9., 0., 30., 140., 0., 0., 0., 1., 0., 4.,
       67., 140., 0., 0., 1., 6., 1., 90., 140., 52., 0., 0., 0., 3., 6.,
       44., 25., 0., 0., 0., 0., 0., 1., 1., 1., 1., 0., 1., 19., 76.,
       18., 19., 8., 3., 0., 0., 0., 49., 147., 77., 15., 2., 0., 0., 0.,
       3., 147., 15., 1., 0., 0., 0., 0., 0., 14., 3., 11., 43., 49.,
       86., 37., 46., 13., 28., 113., 147., 4., 1., 0., 19., 67., 125.,
       147., 48., 0., 0., 0., 1., 28., 27., 11., 0., 0., 0., 0., 0., 1.,
       0., 1., 13., 49., 147., 0., 0., 0., 86., 29., 46., 4., 5., 0., 0.,
       7., 147., 41., 7., 0., 0., 0., 0., 32., 54., 2., 0., 0., 0., 0.,
       0., 5., 0., 0., 6., 51., 79., 0., 0., 0., 101., 0., 0., 1., 3.,
       0., 0., 13., 147., 0., 0., 0., 0., 0., 0., 39., 31., 0., 0., 0.,
       0., 0., 0., 4., 0., 8., 56., 1., 0., 0., 0., 0., 0., 6., 44., 5.,
       0., 0., 0., 0., 0., 12., 20., 0., 0., 0., 0., 0., 0., 1., 0., 0.,
       0., 0., 0., 0., 35., 136., 136., 3., 0., 0., 0., 0., 28., 91.,
       136., 54., 5., 5., 6., 5., 74., 119., 65., 5., 1., 1., 2., 13.,
       13., 10., 0., 0., 0., 0., 0., 1., 136., 77., 43., 1., 0., 0., 2.,
       16., 136., 28., 12., 12., 5., 17., 106., 83., 83., 17., 3., 1.,
       1., 2., 57., 119., 15., 1., 0., 0., 0., 0., 0., 8., 136., 1., 0.,
       0., 0., 0., 99., 129., 136., 0., 0., 0., 0., 0., 24., 93., 3., 0.,
       0., 0., 0., 0., 21., 25., 0., 0., 0., 0., 0., 0., 1., 3., 0., 0.,
       0., 0., 108., 134., 134., 0., 27., 0., 0., 0., 3., 31., 134., 59.,
       134., 1., 0., 0., 0., 1., 46., 134., 67., 0., 0., 0., 0., 0., 0.,
       13., 0., 0., 0., 0., 25., 93., 134., 0., 10., 10., 5., 19., 111.,
       89., 134., 22., 134., 45., 4., 6., 7., 6., 32., 98., 47., 4., 0.,
       0., 0., 0., 0., 8., 0., 0., 0., 0., 21., 22., 2., 0., 3., 1., 0.,
       3., 57., 115., 82., 16., 65., 5., 1., 1., 2., 13., 75., 117., 20.,
       0., 0., 0., 0., 0., 0., 13., 0., 0., 0., 0., 1., 2., 0., 0., 0.,
       0., 0., 0., 0., 8., 15., 1., 0., 0., 0., 0., 0., 1., 13., 10., 0.,
       0., 0., 0., 0., 0., 0., 1., 2., 25., 143., 21., 0., 0., 0., 0.,
       13., 89., 143., 20., 1., 1., 0., 0., 17., 49., 98., 29., 2., 1.,
       2., 4., 28., 40., 8., 0., 0., 0., 0., 2., 43., 42., 133., 11., 0.,
       0., 0., 0., 143., 104., 34., 6., 2., 4., 15., 19., 56., 16., 12.,
       10., 4., 9., 87., 81., 51., 10., 0., 0., 0., 0., 7., 48., 43., 4.,
       1., 0., 0., 0., 91., 42., 143., 14., 0., 0., 0., 0., 28., 108.,
       97., 1., 0., 0., 0., 0., 35., 53., 1., 0., 0., 0., 0., 0., 8.,
       17., 2., 0., 0., 0., 0., 0., 143., 67., 45., 0., 0., 0., 0., 0.,
       107., 143., 26., 0., 0., 0., 0., 0., 2., 30., 1., 0., 0., 0., 0.,
       0., 0., 1., 0., 0., 0., 20., 138., 0., 0., 0., 10., 0., 0., 2.,
       12., 0., 0., 12., 25., 0., 0., 0., 0., 1., 57., 114., 1., 0., 0.,
       0., 5., 72., 111., 24., 0., 0., 0., 0., 138., 1., 0., 0., 74., 1.,
       0., 0., 15., 0., 0., 13., 138., 4., 0., 0., 0., 2., 17., 116.,
       28., 2., 0., 3., 94., 86., 42., 31., 0., 0., 0., 0., 138., 2., 0.,
       0., 73., 13., 0., 0., 16., 0., 0., 0., 138., 124., 39., 1., 0.,
       0., 0., 2., 22., 32., 90., 72., 80., 3., 0., 1., 0., 0., 0., 0.,
       138., 2., 0., 0., 9., 11., 1., 0., 12., 0., 0., 0., 14., 75., 70.,
       0., 0., 0., 0., 0., 0., 13., 127., 34., 2., 0., 0., 0., 0., 0.,
       0., 0., 127., 7., 0., 0., 40., 1., 0., 0., 7., 0., 0., 12., 117.,
       1., 0., 0., 0., 0., 61., 104., 8., 0., 0., 0., 0., 0., 127., 28.,
       0., 0., 0., 0., 127., 26., 8., 0., 74., 2., 0., 0., 8., 3., 23.,
       10., 127., 14., 0., 0., 0., 0., 3., 21., 39., 7., 3., 0., 0., 0.,
       12., 6., 0., 0., 0., 12., 75., 117., 85., 0., 21., 2., 16., 38.,
       11., 29., 127., 21., 127., 79., 90., 6., 1., 1., 11., 25., 13.,
       93., 106., 0., 0., 0., 0., 0., 0., 0., 1., 121., 58., 21., 11.,
       0., 0., 1., 35., 125., 15., 6., 6., 0., 1., 22., 89., 11., 0., 0.,
       1., 0., 0., 94., 77., 0., 0., 0., 0., 0., 0., 0., 0., 11., 43.,
       17., 41., 5., 48., 4., 1., 0., 0., 12., 16., 53., 80., 11., 6.,
       0., 0., 0., 63., 152., 14., 9., 2., 0., 0., 0., 72., 143., 0., 0.,
       0., 3., 6., 101., 152., 69., 121., 2., 0., 0., 2., 152., 75., 29.,
       152., 19., 0., 0., 0., 8., 12., 78., 28., 2., 0., 0., 0., 0., 10.,
       22., 0., 0., 0., 0., 2., 66., 59., 28., 21., 0., 0., 0., 8., 152.,
