%YAML:1.0
tag: !!opencv-matrix
   rows: 125
   cols: 128
   dt: f
   data: [ 1., 48., 163., 1., 0., 0., 0., 0., 42., 163., 74., 0., 0., 0.,
       0., 0., 29., 40., 0., 0., 0., 0., 0., 0., 3., 2., 0., 0., 0., 0.,
       0., 0., 51., 57., 103., 3., 1., 2., 1., 3., 163., 118., 17., 0.,
       0., 0., 0., 5., 135., 18., 0., 0., 0., 0., 0., 6., 4., 4., 2., 0.,
       0., 0., 0., 1., 91., 3., 2., 1., 1., 2., 2., 7., 163., 5., 0., 0.,
       0., 0., 0., 9., 155., 5., 0., 0., 0., 0., 0., 4., 4., 1., 0., 0.,
       0., 0., 0., 3., 38., 1., 1., 0., 0., 1., 90., 51., 163., 1., 0.,
       0., 0., 0., 13., 110., 105., 1., 0., 0., 0., 0., 0., 17., 2., 0.,
       0., 0., 0., 1., 0., 2., 0., 1., 140., 32., 0., 0., 1., 0., 73.,
       89., 109., 9., 0., 0., 0., 0., 140., 115., 6., 0., 0., 0., 0., 0.,
       34., 10., 0., 0., 0., 0., 0., 0., 0., 0., 7., 2., 0., 3., 7., 2.,
       130., 21., 2., 0., 0., 2., 8., 29., 140., 52., 0., 0., 0., 0., 0.,
       26., 73., 9., 0., 0., 0., 0., 0., 2., 18., 3., 0., 0., 0., 6., 6.,
       14., 90., 21., 0., 0., 0., 0., 18., 140., 140., 15., 0., 0., 0.,
       0., 2., 140., 57., 2., 0., 0., 0., 0., 0., 13., 11., 10., 1., 0.,
       10., 94., 10., 1., 60., 140., 5., 0., 3., 5., 0., 16., 98., 140.,
       0., 0., 0., 0., 0., 21., 31., 32., 0., 0., 0., 0., 0., 2., 2., 1.,
       0., 0., 42., 23., 1., 4., 3., 0., 0., 0., 2., 11., 25., 20., 15.,
       0., 0., 2., 3., 16., 32., 56., 77., 0., 0., 0., 0., 0., 1., 145.,
       22., 5., 0., 11., 106., 9., 0., 7., 126., 12., 0., 0., 0., 11.,
       70., 98., 25., 0., 0., 0., 0., 28., 145., 145., 42., 0., 0., 0.,
       0., 0., 25., 145., 24., 7., 1., 39., 39., 0., 0., 1., 145., 33.,
       0., 0., 0., 0., 7., 37., 139., 3., 0., 0., 0., 1., 68., 100., 2.,
       0., 0., 0., 0., 0., 14., 61., 23., 1., 1., 6., 3., 2., 1., 20.,
       145., 1., 0., 0., 0., 0., 0., 118., 118., 0., 0., 0., 0., 0., 0.,
       49., 2., 0., 1., 1., 0., 0., 0., 5., 1., 62., 147., 0., 0., 0.,
       0., 0., 46., 140., 119., 0., 0., 0., 0., 0., 35., 40., 2., 0., 0.,
       0., 0., 0., 1., 1., 1., 1., 0., 0., 0., 0., 30., 37., 98., 2., 2.,
       1., 0., 0., 147., 101., 30., 0., 0., 0., 0., 0., 147., 23., 0.,
       0., 0., 0., 0., 0., 4., 1., 1., 1., 0., 0., 0., 1., 26., 2., 0.,
       2., 2., 1., 86., 45., 147., 8., 0., 0., 0., 0., 27., 128., 147.,
       3., 0., 0., 0., 0., 0., 25., 3., 2., 1., 1., 0., 0., 1., 2., 0.,
       0., 0., 0., 0., 0., 147., 64., 31., 0., 0., 0., 0., 0., 102.,
       147., 26., 0., 0., 0., 0., 0., 3., 39., 1., 0., 0., 0., 0., 1.,
       1., 1., 21., 93., 129., 0., 0., 0., 0., 0., 154., 154., 31., 0.,
       0., 0., 0., 0., 62., 25., 0., 0., 0., 0., 0., 1., 1., 0., 0., 0.,
       0., 0., 1., 1., 76., 9., 4., 1., 2., 7., 13., 6., 154., 26., 0.,
       0., 0., 0., 1., 7., 140., 6., 0., 0., 0., 0., 0., 2., 2., 2., 1.,
       0., 0., 0., 0., 1., 27., 0., 0., 0., 0., 76., 154., 32., 154., 1.,
       0., 0., 0., 4., 67., 139., 110., 2., 0., 0., 0., 0., 0., 22., 3.,
       1., 0., 0., 0., 0., 0., 2., 0., 0., 0., 0., 0., 44., 150., 7.,
       18., 0., 0., 0., 0., 6., 99., 86., 16., 0., 0., 0., 0., 0., 2.,
       23., 1., 0., 0., 0., 0., 0., 0., 2., 0., 0., 0., 2., 112., 7., 0.,
       1., 63., 2., 0., 0., 1., 0., 1., 3., 154., 2., 0., 0., 0., 0., 0.,
       8., 52., 3., 9., 15., 0., 0., 0., 2., 0., 0., 0., 0., 154., 9.,
       0., 0., 83., 4., 0., 1., 4., 1., 0., 2., 154., 10., 2., 6., 3.,
       0., 0., 5., 40., 8., 25., 140., 27., 1., 0., 0., 0., 0., 0., 1.,
       154., 9., 0., 0., 86., 1., 0., 0., 5., 1., 0., 6., 154., 2., 0.,
       3., 11., 7., 1., 14., 28., 1., 2., 48., 117., 88., 3., 3., 0., 0.,
       0., 0., 144., 8., 0., 0., 74., 2., 0., 0., 4., 0., 0., 2., 154.,
       1., 0., 0., 1., 3., 1., 10., 34., 0., 0., 0., 18., 96., 13., 5.,
       0., 0., 141., 38., 0., 0., 0., 0., 40., 72., 141., 18., 0., 0.,
       0., 0., 141., 139., 19., 0., 0., 0., 0., 0., 40., 16., 0., 0., 0.,
       0., 0., 0., 0., 0., 13., 4., 2., 1., 6., 6., 84., 18., 5., 2., 1.,
       1., 30., 36., 141., 47., 0., 0., 0., 0., 4., 45., 88., 7., 0., 0.,
       0., 0., 0., 4., 31., 16., 1., 0., 0., 2., 9., 32., 57., 49., 2.,
       0., 0., 0., 81., 141., 141., 26., 0., 0., 0., 0., 25., 141., 51.,
       3., 0., 0., 0., 0., 0., 19., 11., 32., 2., 0., 5., 47., 2., 1.,
       27., 141., 23., 0., 0., 1., 1., 11., 59., 141., 6., 0., 0., 0.,
       1., 17., 26., 44., 0., 0., 0., 0., 0., 2., 0., 2., 25., 15., 2.,
       50., 111., 0., 0., 9., 28., 0., 0., 62., 126., 0., 1., 4., 4., 0.,
       0., 66., 126., 1., 0., 0., 0., 0., 0., 46., 126., 0., 0., 13.,
       102., 93., 66., 4., 3., 0., 12., 100., 126., 4., 1., 6., 16., 0.,
       84., 106., 40., 0., 0., 15., 57., 7., 15., 3., 0., 0., 0., 31.,
       107., 4., 0., 1., 6., 14., 126., 51., 0., 0., 73., 26., 24., 1.,
       7., 7., 1., 8., 126., 43., 4., 0., 0., 0., 0., 23., 35., 4., 0.,
       0., 0., 0., 2., 4., 0., 0., 10., 17., 86., 94., 0., 0., 37., 18.,
       1., 2., 23., 39., 0., 1., 126., 126., 1., 0., 0., 0., 0., 1., 15.,
       60., 8., 0., 0., 0., 0., 0., 0., 0., 1., 1., 93., 15., 0., 0.,
       10., 5., 7., 1., 1., 0., 0., 11., 56., 2., 9., 3., 0., 0., 11.,
       137., 9., 0., 0., 0., 0., 2., 106., 137., 1., 0., 0., 0., 137.,
       24., 0., 1., 68., 1., 0., 0., 2., 1., 1., 17., 137., 9., 0., 0.,
       0., 0., 0., 122., 59., 7., 11., 7., 0., 1., 8., 58., 0., 0., 0.,
       0., 137., 30., 0., 1., 63., 14., 1., 0., 4., 1., 1., 1., 137.,
       137., 49., 1., 0., 0., 0., 2., 26., 41., 137., 65., 0., 0., 0.,
       0., 0., 0., 0., 0., 137., 26., 0., 0., 7., 10., 1., 0., 7., 1.,
       0., 1., 13., 66., 68., 3., 0., 0., 4., 3., 0., 10., 129., 35., 0.,
       0., 21., 8., 0., 0., 0., 96., 133., 0., 0., 0., 11., 0., 0., 13.,
       20., 1., 1., 8., 133., 0., 0., 0., 0., 0., 0., 109., 95., 0., 0.,
       0., 0., 0., 0., 64., 0., 0., 0., 65., 133., 0., 0., 0., 53., 3.,
       1., 4., 6., 0., 0., 10., 133., 16., 0., 0., 0., 0., 0., 91., 76.,
       9., 1., 0., 0., 0., 0., 28., 1., 1., 0., 9., 133., 28., 0., 0.,
       39., 15., 0., 1., 3., 2., 1., 2., 133., 133., 21., 0., 0., 0., 0.,
       4., 26., 133., 61., 0., 0., 0., 0., 1., 0., 0., 0., 0., 75., 133.,
       5., 0., 2., 5., 1., 0., 2., 46., 16., 0., 7., 75., 29., 1., 1.,
       4., 6., 1., 75., 124., 49., 0., 0., 0., 1., 17., 32., 1., 4., 14.,
       16., 0., 0., 1., 170., 2., 0., 0., 0., 0., 0., 11., 145., 3., 0.,
       0., 0., 0., 0., 5., 1., 0., 0., 0., 13., 18., 0., 0., 42., 2., 2.,
       4., 2., 0., 0., 0., 170., 3., 0., 0., 0., 0., 0., 11., 170., 4.,
       0., 0., 0., 0., 0., 7., 1., 2., 1., 0., 3., 3., 0., 0., 29., 1.,
       2., 1., 0., 0., 46., 44., 170., 1., 0., 0., 0., 0., 12., 132.,
       147., 0., 0., 0., 0., 1., 0., 20., 1., 1., 1., 0., 1., 1., 1., 0.,
       1., 0., 0., 0., 0., 2., 170., 94., 43., 0., 0., 0., 0., 0., 77.,
       170., 27., 0., 0., 0., 0., 0., 2., 33., 1., 0., 0., 0., 0., 1.,
       2., 1., 0., 7., 143., 58., 0., 0., 0., 0., 31., 103., 123., 9.,
       0., 0., 0., 0., 29., 32., 3., 0., 0., 0., 0., 0., 3., 1., 0., 0.,
       0., 0., 0., 0., 24., 21., 143., 60., 0., 0., 0., 1., 143., 109.,
       54., 5., 0., 0., 0., 1., 143., 18., 0., 0., 0., 0., 0., 0., 3.,
       2., 1., 0., 0., 0., 0., 0., 30., 1., 5., 2., 0., 0., 71., 53.,
       143., 3., 0., 0., 0., 0., 22., 127., 143., 2., 0., 0., 0., 0., 0.,
       19., 4., 1., 0., 0., 0., 0., 0., 1., 1., 0., 0., 0., 0., 0., 143.,
       92., 33., 0., 0., 0., 0., 0., 92., 143., 26., 0., 0., 0., 0., 0.,
       2., 33., 2., 0., 0., 0., 0., 0., 0., 1., 2., 19., 141., 3., 0.,
       0., 17., 33., 14., 111., 102., 0., 0., 0., 1., 7., 14., 27., 2.,
       0., 0., 0., 0., 0., 0., 0., 0., 0., 0., 0., 0., 0., 18., 39.,
       141., 6., 0., 0., 3., 4., 141., 141., 68., 0., 0., 0., 0., 8.,
       130., 34., 0., 0., 0., 0., 0., 2., 2., 1., 0., 0., 0., 0., 0., 0.,
       43., 9., 4., 1., 0., 0., 35., 91., 141., 10., 0., 0., 0., 0., 18.,
       141., 131., 1., 0., 0., 0., 0., 0., 30., 2., 1., 0., 0., 0., 0.,
