%YAML:1.0
tag: !!opencv-matrix
   rows: 145
   cols: 128
   dt: f
   data: [ 4., 1., 1., 5., 6., 1., 1., 2., 10., 0., 1., 2., 1., 2., 3.,
       11., 20., 0., 0., 0., 0., 5., 59., 91., 0., 0., 0., 0., 1., 64.,
       123., 19., 4., 2., 1., 3., 6., 1., 0., 1., 71., 6., 3., 5., 2.,
       1., 0., 17., 150., 11., 0., 0., 0., 4., 44., 150., 37., 4., 0.,
       0., 0., 139., 150., 61., 1., 1., 0., 1., 9., 7., 3., 1., 71., 18.,
       1., 2., 2., 2., 7., 8., 150., 150., 0., 0., 0., 0., 1., 16., 93.,
       134., 1., 0., 0., 22., 27., 8., 0., 0., 1., 0., 15., 53., 2., 1.,
       5., 12., 2., 3., 3., 3., 2., 1., 53., 150., 3., 1., 1., 1., 0.,
       0., 24., 150., 28., 0., 0., 0., 0., 0., 5., 1., 1., 5., 2., 2.,
       3., 4., 112., 61., 1., 4., 2., 2., 1., 0., 152., 98., 0., 0., 15.,
       7., 0., 0., 16., 5., 0., 0., 150., 70., 0., 0., 3., 3., 6., 6.,
       3., 1., 0., 2., 100., 29., 1., 2., 5., 4., 0., 4., 152., 53., 0.,
       0., 4., 3., 0., 9., 47., 2., 0., 0., 143., 73., 1., 5., 4., 2.,
       1., 1., 3., 3., 4., 9., 96., 1., 0., 1., 4., 3., 1., 41., 152.,
       3., 0., 0., 1., 1., 0., 74., 59., 0., 0., 0., 101., 54., 1., 7.,
       6., 2., 2., 6., 1., 1., 2., 6., 106., 0., 0., 3., 1., 1., 0., 93.,
       152., 0., 0., 0., 0., 0., 0., 132., 27., 0., 0., 0., 49., 24., 0.,
       9., 93., 68., 0., 0., 16., 7., 0., 0., 173., 160., 0., 0., 0., 0.,
       0., 0., 32., 20., 1., 0., 0., 0., 0., 1., 3., 2., 0., 0., 0., 0.,
       0., 0., 75., 22., 0., 3., 40., 3., 0., 2., 173., 99., 0., 0., 0.,
       0., 0., 1., 112., 16., 0., 0., 0., 0., 0., 2., 3., 1., 0., 0., 0.,
       0., 0., 1., 66., 3., 1., 7., 10., 1., 1., 13., 173., 8., 0., 0.,
       0., 0., 0., 70., 121., 1., 0., 0., 0., 0., 1., 18., 1., 0., 0.,
       0., 0., 0., 1., 3., 57., 1., 0., 0., 0., 0., 1., 105., 173., 0.,
       0., 0., 0., 0., 0., 173., 43., 0., 0., 0., 0., 0., 1., 21., 0.,
       0., 1., 1., 0., 0., 1., 1., 73., 53., 0., 3., 56., 19., 0., 3.,
       164., 155., 0., 0., 0., 0., 4., 21., 41., 20., 1., 2., 0., 0., 3.,
       11., 1., 1., 1., 2., 0., 0., 0., 1., 50., 18., 1., 29., 66., 4.,
       1., 2., 164., 93., 0., 0., 0., 0., 0., 8., 132., 18., 0., 0., 0.,
       0., 1., 2., 1., 1., 0., 0., 0., 2., 2., 1., 52., 3., 2., 13., 5.,
       1., 1., 24., 164., 2., 0., 0., 0., 0., 0., 113., 120., 2., 0., 0.,
       0., 0., 0., 24., 2., 1., 0., 0., 0., 1., 1., 1., 49., 0., 0., 0.,
       0., 0., 4., 141., 164., 0., 0., 0., 0., 0., 0., 164., 30., 2., 2.,
       0., 0., 0., 0., 22., 2., 1., 1., 0., 0., 0., 0., 1., 0., 87.,
       134., 1., 0., 0., 0., 0., 22., 134., 134., 0., 0., 0., 0., 0.,
       17., 56., 20., 8., 0., 1., 0., 0., 0., 1., 57., 25., 0., 0., 0.,
       1., 22., 40., 70., 4., 2., 0., 0., 4., 134., 128., 50., 7., 0.,
       0., 0., 25., 78., 54., 125., 134., 0., 0., 0., 2., 0., 0., 134.,
       134., 0., 0., 0., 0., 34., 5., 0., 1., 3., 2., 2., 6., 134., 67.,
       64., 41., 0., 0., 0., 14., 11., 12., 92., 134., 5., 1., 1., 2.,
       1., 1., 44., 58., 1., 0., 2., 4., 6., 5., 1., 0., 0., 0., 1., 1.,
       6., 23., 26., 13., 1., 0., 2., 4., 0., 1., 9., 24., 5., 2., 31.,
       22., 1., 1., 1., 1., 1., 5., 71., 13., 4., 0., 0., 2., 39., 9.,
       3., 8., 4., 0., 0., 1., 1., 18., 34., 17., 1., 4., 2., 2., 2.,
       29., 12., 2., 10., 25., 3., 0., 1., 2., 3., 47., 29., 10., 2.,
       13., 41., 0., 1., 6., 139., 17., 1., 0., 0., 47., 65., 72., 12.,
       1., 0., 0., 0., 150., 116., 39., 8., 0., 0., 0., 0., 14., 47.,
       150., 28., 7., 1., 9., 11., 3., 1., 3., 150., 30., 0., 0., 1.,
       10., 13., 36., 104., 2., 0., 0., 0., 111., 150., 58., 3., 0., 0.,
       0., 0., 10., 103., 150., 26., 3., 2., 1., 2., 3., 1., 16., 150.,
       0., 0., 0., 0., 0., 0., 113., 106., 0., 0., 0., 1., 1., 14., 47.,
       1., 1., 1., 1., 1., 0., 10., 8., 2., 1., 0., 1., 82., 0., 1., 1.,
       20., 1., 1., 0., 0., 1., 2., 16., 120., 0., 0., 0., 0., 0., 5.,
       151., 30., 0., 0., 0., 0., 0., 51., 151., 2., 1., 0., 2., 100.,
       0., 0., 1., 89., 5., 1., 1., 1., 0., 0., 10., 151., 17., 1., 0.,
       0., 0., 0., 92., 92., 14., 20., 3., 0., 0., 1., 42., 2., 0., 0.,
       2., 95., 0., 0., 0., 73., 17., 1., 1., 1., 1., 1., 4., 151., 151.,
       66., 0., 0., 0., 0., 2., 26., 65., 151., 27., 0., 0., 0., 0., 1.,
       1., 1., 2., 71., 0., 0., 0., 6., 12., 5., 0., 0., 0., 1., 1., 8.,
       63., 77., 1., 0., 0., 8., 3., 0., 12., 151., 13., 0., 0., 16., 3.,
       0., 0., 0., 129., 58., 0., 0., 0., 3., 0., 4., 126., 10., 0., 0.,
       7., 29., 0., 1., 10., 1., 0., 4., 129., 6., 0., 0., 0., 0., 0.,
       37., 129., 0., 0., 0., 117., 120., 1., 0., 0., 46., 2., 1., 14.,
       7., 1., 1., 17., 129., 9., 0., 0., 0., 0., 0., 129., 45., 3., 1.,
       1., 0., 0., 4., 92., 0., 0., 0., 21., 129., 8., 0., 0., 46., 19.,
       1., 3., 3., 1., 1., 1., 129., 129., 9., 0., 0., 0., 0., 8., 32.,
       82., 73., 14., 0., 0., 0., 3., 0., 0., 0., 1., 92., 68., 1., 1.,
       3., 7., 0., 1., 7., 6., 2., 2., 14., 112., 27., 0., 2., 0., 1.,
       1., 1., 67., 129., 14., 0., 0., 0., 0., 1., 0., 0., 96., 55., 0.,
       0., 1., 5., 0., 1., 8., 2., 0., 1., 12., 25., 0., 0., 1., 0., 0.,
       21., 132., 3., 0., 0., 0., 0., 0., 132., 132., 1., 0., 1., 16.,
       64., 2., 1., 1., 52., 3., 1., 0., 0., 0., 1., 22., 132., 13., 0.,
       0., 0., 0., 3., 132., 53., 8., 1., 0., 0., 0., 36., 123., 1., 1.,
       2., 3., 62., 31., 0., 0., 51., 22., 2., 0., 0., 1., 0., 1., 132.,
       132., 5., 0., 0., 0., 0., 8., 41., 132., 66., 1., 0., 0., 0., 4.,
       0., 0., 0., 0., 41., 132., 6., 0., 4., 9., 0., 0., 0., 30., 8.,
       0., 13., 128., 25., 0., 0., 1., 2., 0., 1., 117., 132., 3., 0.,
       0., 1., 0., 1., 1., 1., 38., 66., 0., 0., 0., 5., 3., 1., 2., 0.,
       0., 1., 8., 16., 0., 0., 0., 0., 0., 18., 120., 2., 0., 0., 0.,
       0., 3., 129., 118., 1., 0., 0., 2., 86., 23., 0., 0., 50., 1., 0.,
       0., 1., 0., 0., 18., 129., 6., 0., 0., 0., 0., 3., 129., 51., 4.,
       0., 0., 0., 1., 49., 121., 0., 0., 0., 0., 94., 111., 0., 0., 51.,
       21., 1., 0., 5., 11., 0., 2., 129., 129., 1., 0., 0., 0., 0., 9.,
       62., 114., 11., 0., 0., 0., 0., 4., 0., 0., 0., 0., 50., 129., 2.,
       0., 5., 10., 0., 0., 5., 111., 12., 0., 29., 129., 12., 0., 0.,
       10., 4., 0., 4., 129., 85., 0., 0., 0., 0., 0., 2., 67., 146., 0.,
       0., 0., 0., 0., 30., 125., 96., 0., 0., 0., 0., 0., 24., 26., 1.,
       0., 0., 0., 0., 0., 0., 0., 0., 0., 0., 0., 0., 0., 37., 57.,
       146., 0., 0., 0., 0., 3., 146., 136., 37., 0., 0., 0., 0., 2.,
       126., 18., 0., 0., 0., 0., 0., 0., 1., 0., 0., 0., 0., 0., 0., 0.,
       43., 1., 2., 0., 0., 0., 76., 65., 146., 3., 0., 0., 0., 0., 16.,
       129., 130., 1., 0., 0., 0., 0., 0., 17., 1., 0., 0., 0., 0., 0.,
       0., 0., 1., 0., 0., 0., 0., 0., 146., 88., 38., 0., 0., 0., 0.,
       0., 77., 146., 23., 0., 0., 0., 0., 0., 1., 29., 0., 0., 0., 0.,
       0., 0., 0., 0., 22., 106., 158., 2., 0., 0., 0., 0., 123., 158.,
       19., 0., 0., 0., 0., 0., 23., 22., 0., 0., 1., 2., 0., 0., 0., 0.,
       0., 0., 29., 40., 0., 0., 71., 39., 10., 1., 0., 3., 0., 1., 158.,
       119., 0., 0., 0., 0., 0., 5., 107., 21., 0., 0., 0., 0., 0., 1.,
       1., 1., 0., 0., 5., 10., 0., 0., 60., 2., 0., 0., 0., 3., 2., 62.,
       158., 6., 0., 0., 0., 0., 0., 148., 108., 1., 0., 0., 0., 0., 0.,
       18., 0., 0., 0., 0., 0., 1., 2., 1., 14., 0., 0., 0., 0., 0., 42.,
       158., 74., 0., 0., 0., 0., 0., 7., 158., 23., 0., 0., 0., 0., 0.,
       0., 19., 1., 0., 0., 0., 0., 0., 0., 0., 5., 41., 147., 72., 0.,
       0., 18., 24., 44., 147., 55., 3., 0., 0., 0., 3., 14., 21., 0.,
       0., 0., 0., 0., 0., 0., 0., 0., 0., 0., 0., 0., 0., 37., 45.,
       114., 69., 0., 0., 0., 2., 147., 147., 19., 1., 0., 0., 0., 8.,
       106., 28., 0., 0., 0., 0., 0., 1., 0., 0., 0., 0., 0., 0., 0., 0.,
       68., 3., 2., 2., 0., 0., 0., 47., 147., 11., 0., 0., 0., 0., 0.,
       147., 110., 3., 0., 0., 0., 0., 0., 23., 1., 0., 0., 0., 0., 0.,
