%YAML:1.0
tag: !!opencv-matrix
   rows: 110
   cols: 128
   dt: f
   data: [ 22., 147., 147., 5., 0., 11., 19., 4., 68., 147., 12., 0., 0.,
       1., 1., 0., 8., 17., 2., 2., 5., 4., 1., 0., 0., 0., 2., 21., 95.,
       20., 2., 0., 59., 77., 6., 0., 37., 147., 64., 13., 147., 147.,
       0., 0., 9., 41., 15., 49., 74., 22., 1., 0., 0., 2., 4., 8., 3.,
       2., 0., 0., 64., 49., 3., 1., 7., 0., 0., 0., 18., 100., 88., 19.,
       147., 5., 0., 0., 4., 43., 123., 147., 48., 6., 0., 0., 0., 2.,
       5., 27., 2., 1., 0., 1., 15., 13., 2., 1., 0., 0., 1., 0., 0., 1.,
       15., 1., 6., 12., 3., 0., 0., 1., 28., 23., 7., 7., 0., 1., 1.,
       2., 6., 7., 1., 1., 1., 3., 4., 1., 1., 1., 1., 95., 146., 0., 0.,
       0., 0., 0., 24., 146., 85., 0., 0., 0., 0., 0., 12., 19., 1., 0.,
       0., 0., 0., 0., 0., 0., 0., 0., 0., 0., 0., 0., 40., 73., 116.,
       1., 0., 5., 20., 6., 146., 146., 31., 0., 0., 0., 1., 8., 106.,
       19., 0., 0., 0., 0., 0., 0., 0., 0., 0., 0., 0., 0., 0., 0., 24.,
       0., 0., 0., 0., 89., 146., 30., 146., 2., 0., 0., 0., 7., 83.,
       146., 102., 0., 0., 0., 0., 0., 0., 20., 0., 0., 0., 0., 0., 0.,
       0., 0., 1., 0., 0., 0., 0., 47., 133., 6., 14., 0., 0., 0., 0.,
       10., 96., 77., 10., 0., 0., 0., 0., 0., 2., 17., 0., 0., 0., 0.,
       0., 0., 0., 0., 1., 18., 153., 1., 0., 0., 0., 0., 15., 99., 97.,
       0., 0., 0., 0., 0., 9., 17., 1., 0., 0., 0., 0., 0., 0., 0., 0.,
       0., 0., 0., 0., 0., 32., 43., 153., 1., 0., 0., 3., 3., 153.,
       153., 66., 0., 0., 0., 0., 5., 100., 21., 0., 0., 0., 0., 0., 0.,
       0., 0., 0., 0., 0., 0., 0., 0., 32., 2., 3., 0., 0., 1., 153.,
       48., 153., 4., 0., 0., 0., 0., 72., 153., 99., 0., 0., 0., 0., 0.,
       0., 21., 0., 0., 0., 0., 0., 0., 0., 0., 2., 0., 0., 0., 0., 1.,
       153., 24., 12., 0., 0., 0., 0., 0., 98., 91., 8., 0., 0., 0., 0.,
       0., 1., 16., 0., 0., 0., 0., 0., 0., 0., 0., 0., 5., 136., 41.,
       0., 0., 0., 0., 17., 76., 96., 6., 0., 0., 0., 0., 15., 22., 2.,
       0., 0., 1., 1., 0., 0., 0., 0., 0., 0., 1., 2., 1., 19., 22.,
       151., 82., 13., 0., 0., 0., 151., 113., 65., 4., 0., 0., 0., 6.,
       104., 17., 1., 0., 0., 0., 0., 6., 1., 1., 3., 2., 0., 0., 1., 1.,
       60., 6., 6., 8., 51., 5., 0., 3., 151., 5., 1., 0., 0., 0., 0.,
       33., 107., 5., 18., 25., 0., 0., 0., 7., 0., 0., 77., 71., 0., 0.,
       0., 0., 55., 0., 0., 2., 44., 2., 0., 6., 151., 4., 1., 6., 4.,
       0., 0., 24., 48., 5., 37., 151., 37., 3., 0., 3., 0., 0., 104.,
       151., 5., 1., 4., 4., 65., 8., 0., 1., 47., 2., 0., 0., 171., 34.,
       0., 0., 0., 0., 0., 0., 85., 6., 0., 0., 0., 0., 0., 2., 0., 0.,
       0., 0., 0., 0., 1., 0., 63., 6., 0., 2., 60., 5., 4., 3., 171.,
       47., 0., 0., 0., 0., 0., 3., 130., 12., 0., 0., 0., 0., 0., 2.,
       1., 0., 1., 1., 2., 1., 1., 0., 23., 0., 0., 0., 19., 79., 171.,
       21., 171., 13., 0., 0., 0., 4., 69., 118., 130., 7., 0., 0., 1.,
       1., 1., 18., 1., 1., 1., 0., 2., 1., 0., 0., 0., 0., 0., 0., 0.,
       51., 171., 6., 26., 0., 0., 0., 0., 7., 124., 104., 22., 1., 0.,
       0., 0., 0., 2., 27., 0., 0., 0., 0., 1., 0., 0., 0., 1., 25.,
       144., 0., 0., 0., 11., 15., 16., 107., 83., 0., 0., 0., 0., 2.,
       9., 16., 1., 1., 1., 0., 0., 0., 1., 2., 1., 0., 0., 1., 1., 0.,
       33., 57., 144., 0., 0., 0., 4., 6., 144., 144., 58., 0., 0., 0.,
       0., 9., 94., 24., 0., 0., 0., 0., 1., 2., 1., 0., 1., 0., 1., 1.,
       2., 1., 56., 12., 4., 0., 0., 0., 63., 124., 144., 7., 0., 0., 0.,
       0., 28., 144., 90., 2., 0., 0., 0., 0., 0., 25., 2., 1., 0., 0.,
       1., 2., 1., 0., 69., 144., 2., 0., 5., 7., 12., 45., 97., 144.,
       0., 0., 0., 0., 11., 92., 19., 12., 0., 0., 1., 1., 1., 14., 1.,
       2., 1., 0., 2., 1., 0., 0., 79., 94., 1., 0., 14., 6., 6., 16.,
       136., 112., 0., 0., 0., 0., 30., 80., 26., 8., 0., 0., 0., 0., 5.,
       47., 3., 1., 0., 0., 1., 1., 0., 1., 61., 54., 0., 1., 47., 19.,
       13., 6., 136., 136., 0., 0., 0., 0., 2., 18., 93., 26., 1., 1.,
       1., 0., 0., 3., 1., 1., 1., 1., 1., 0., 0., 0., 18., 2., 2., 0.,
       10., 82., 136., 41., 136., 7., 0., 0., 0., 3., 65., 136., 76., 4.,
       3., 0., 0., 0., 0., 29., 1., 1., 1., 1., 2., 0., 0., 1., 0., 48.,
       136., 0., 0., 16., 76., 9., 12., 63., 136., 0., 0., 1., 34., 60.,
       6., 43., 125., 0., 0., 0., 0., 8., 0., 29., 46., 0., 0., 0., 0.,
       0., 0., 0., 0., 0., 24., 86., 2., 3., 3., 7., 4., 0., 1., 3., 26.,
       22., 98., 40., 8., 0., 0., 0., 16., 121., 108., 18., 0., 0., 0.,
       0., 0., 76., 12., 2., 0., 16., 133., 83., 1., 8., 99., 8., 0., 1.,
       9., 4., 72., 127., 55., 0., 0., 0., 0., 0., 95., 133., 37., 0.,
       0., 0., 0., 0., 1., 75., 24., 5., 3., 121., 117., 2., 0., 2.,
       133., 29., 0., 5., 6., 0., 4., 40., 124., 4., 0., 0., 0., 0., 15.,
       65., 4., 0., 0., 0., 0., 0., 1., 11., 27., 0., 5., 45., 6., 0.,
       0., 30., 133., 1., 0., 1., 0., 0., 0., 133., 79., 0., 0., 0., 0.,
       0., 0., 32., 2., 0., 0., 0., 1., 0., 0., 1., 15., 70., 139., 0.,
       0., 0., 0., 0., 13., 119., 91., 0., 0., 0., 0., 0., 10., 28., 4.,
       0., 0., 1., 1., 0., 1., 1., 1., 1., 0., 1., 1., 0., 36., 69.,
       139., 0., 0., 0., 2., 3., 139., 139., 52., 0., 0., 0., 0., 6.,
       117., 28., 1., 0., 0., 0., 0., 2., 1., 1., 0., 1., 0., 0., 0., 1.,
       38., 3., 3., 0., 0., 0., 139., 76., 139., 3., 0., 0., 0., 0., 41.,
       139., 117., 1., 0., 0., 0., 0., 0., 25., 1., 0., 0., 0., 0., 0.,
       0., 0., 14., 0., 0., 0., 0., 0., 139., 80., 21., 0., 0., 0., 0.,
       0., 94., 120., 16., 0., 0., 0., 0., 0., 2., 27., 0., 0., 0., 0.,
       0., 0., 0., 0., 21., 140., 105., 0., 0., 0., 0., 0., 6., 81., 71.,
       0., 0., 0., 0., 0., 8., 15., 2., 0., 0., 0., 1., 1., 0., 0., 0.,
       0., 0., 1., 1., 1., 26., 141., 141., 0., 0., 0., 3., 4., 141.,
       141., 64., 0., 0., 0., 0., 7., 89., 29., 0., 0., 0., 0., 0., 1.,
       2., 1., 1., 0., 0., 1., 1., 0., 39., 13., 8., 0., 0., 3., 141.,
       88., 141., 19., 1., 0., 0., 0., 29., 141., 95., 2., 0., 0., 0.,
       0., 0., 26., 1., 1., 2., 0., 0., 0., 0., 0., 1., 0., 0., 0., 0.,
       2., 141., 52., 17., 0., 0., 0., 0., 1., 67., 138., 9., 0., 0., 0.,
       0., 1., 1., 20., 0., 0., 0., 0., 0., 0., 0., 0., 10., 161., 40.,
       2., 1., 2., 0., 0., 49., 161., 3., 0., 0., 0., 0., 0., 7., 12.,
       1., 0., 1., 0., 0., 0., 1., 1., 1., 0., 1., 4., 2., 1., 49., 98.,
       1., 2., 24., 12., 0., 2., 161., 161., 0., 0., 0., 0., 0., 8., 73.,
       24., 0., 0., 0., 0., 0., 3., 1., 1., 0., 1., 1., 1., 1., 2., 66.,
       2., 0., 13., 18., 1., 0., 62., 161., 10., 0., 0., 0., 0., 0.,
       161., 75., 2., 0., 0., 0., 0., 1., 26., 1., 1., 1., 1., 1., 2.,
       0., 1., 60., 0., 0., 2., 0., 0., 0., 161., 108., 0., 0., 0., 0.,
       0., 0., 161., 10., 0., 0., 0., 1., 1., 1., 13., 0., 0., 2., 6.,
       2., 1., 0., 0., 58., 158., 27., 9., 7., 3., 0., 0., 126., 158.,
       0., 0., 0., 0., 0., 0., 15., 18., 0., 1., 0., 0., 0., 0., 0., 1.,
       0., 1., 2., 2., 0., 0., 68., 59., 0., 4., 24., 5., 0., 2., 158.,
       158., 0., 0., 0., 0., 0., 8., 90., 28., 0., 0., 0., 0., 0., 2.,
       1., 2., 0., 0., 1., 1., 1., 0., 57., 2., 0., 6., 5., 0., 1., 78.,
       158., 8., 0., 0., 0., 0., 0., 158., 90., 2., 0., 0., 0., 0., 0.,
       27., 1., 0., 0., 1., 0., 0., 2., 2., 12., 0., 0., 0., 0., 0., 17.,
       158., 63., 0., 0., 0., 0., 0., 1., 158., 12., 0., 0., 0., 0., 0.,
       1., 18., 1., 1., 0., 1., 1., 1., 0., 1., 0., 31., 147., 0., 0.,
       0., 72., 7., 11., 97., 60., 0., 0., 0., 33., 31., 11., 14., 0.,
       0., 0., 1., 0., 7., 0., 1., 0., 0., 1., 2., 0., 0., 28., 66.,
       147., 1., 0., 0., 1., 2., 147., 147., 60., 0., 0., 0., 0., 4.,
       90., 27., 1., 1., 0., 0., 0., 1., 1., 1., 1., 1., 0., 1., 0., 0.,
       42., 4., 6., 0., 0., 1., 147., 52., 147., 8., 0., 0., 0., 0., 29.,
       147., 102., 4., 1., 0., 0., 0., 1., 25., 1., 2., 1., 1., 1., 1.,
       1., 3., 1., 4., 40., 1., 0., 1., 147., 38., 38., 20., 22., 0., 0.,
