%YAML:1.0
tag: !!opencv-matrix
   rows: 130
   cols: 128
   dt: f
   data: [ 15., 0., 0., 0., 0., 0., 0., 2., 149., 8., 2., 2., 0., 0., 0.,
       29., 149., 16., 13., 149., 111., 0., 0., 10., 0., 0., 0., 129.,
       149., 0., 0., 0., 30., 0., 0., 0., 0., 0., 0., 6., 149., 25., 9.,
       22., 3., 0., 0., 35., 78., 23., 17., 149., 116., 0., 0., 2., 0.,
       0., 0., 95., 62., 0., 0., 0., 27., 7., 0., 0., 0., 0., 0., 1.,
       134., 93., 51., 40., 4., 0., 0., 5., 10., 15., 37., 149., 62., 0.,
       0., 0., 0., 0., 0., 21., 12., 0., 0., 0., 1., 3., 0., 0., 0., 0.,
       0., 0., 3., 24., 28., 7., 0., 0., 0., 0., 0., 2., 18., 25., 2.,
       0., 0., 0., 0., 0., 0., 1., 0., 0., 0., 0., 1., 0., 0., 0., 0.,
       0., 0., 4., 3., 0., 0., 0., 0., 7., 29., 25., 0., 0., 0., 0., 2.,
       26., 18., 2., 0., 0., 0., 0., 0., 1., 0., 0., 26., 1., 0., 0., 0.,
       0., 0., 7., 139., 6., 0., 0., 2., 38., 51., 90., 13., 0., 0., 0.,
       61., 150., 39., 16., 0., 0., 0., 0., 14., 20., 0., 0., 31., 4.,
       0., 0., 0., 0., 0., 0., 150., 33., 0., 0., 2., 16., 8., 20., 98.,
       4., 0., 0., 112., 150., 22., 25., 0., 0., 0., 0., 63., 116., 0.,
       0., 14., 4., 0., 0., 0., 0., 0., 0., 150., 62., 0., 0., 0., 0.,
       1., 5., 150., 40., 0., 0., 64., 150., 10., 19., 1., 0., 0., 0.,
       98., 150., 0., 0., 0., 0., 0., 0., 0., 0., 0., 0., 89., 1., 0.,
       0., 0., 0., 0., 8., 176., 2., 0., 0., 0., 0., 0., 27., 84., 3.,
       2., 53., 9., 0., 0., 5., 1., 0., 0., 0., 0., 0., 0., 0., 134., 1.,
       0., 0., 0., 0., 0., 7., 176., 11., 3., 11., 1., 0., 0., 14., 65.,
       9., 6., 176., 53., 0., 0., 0., 1., 0., 0., 0., 0., 0., 0., 0.,
       131., 7., 0., 0., 0., 0., 0., 12., 176., 66., 45., 64., 3., 0.,
       0., 13., 15., 10., 25., 176., 62., 0., 0., 0., 1., 0., 0., 0., 0.,
       0., 0., 0., 39., 30., 4., 0., 0., 0., 0., 1., 37., 66., 92., 48.,
       0., 0., 0., 0., 0., 1., 27., 102., 7., 0., 0., 0., 1., 0., 0., 0.,
       0., 0., 0., 0., 44., 2., 0., 0., 0., 0., 7., 35., 31., 0., 0., 0.,
       0., 60., 92., 55., 0., 0., 0., 0., 7., 91., 19., 0., 1., 0., 0.,
       0., 0., 0., 0., 0., 151., 15., 0., 0., 0., 0., 0., 9., 170., 12.,
       0., 0., 4., 82., 48., 63., 8., 0., 0., 0., 53., 170., 19., 7., 1.,
       0., 0., 0., 0., 0., 0., 0., 159., 8., 0., 0., 0., 0., 0., 2.,
       170., 14., 0., 0., 1., 17., 4., 16., 45., 1., 0., 0., 40., 170.,
       5., 10., 0., 0., 0., 0., 0., 0., 0., 0., 101., 12., 0., 0., 0.,
       0., 0., 0., 170., 41., 0., 0., 0., 0., 0., 1., 66., 7., 0., 0.,
       9., 55., 1., 2., 0., 0., 0., 0., 0., 0., 0., 0., 8., 0., 0., 0.,
       0., 0., 0., 12., 55., 0., 0., 0., 0., 0., 7., 153., 13., 0., 0.,
       0., 0., 0., 92., 153., 0., 0., 0., 0., 0., 0., 0., 0., 76., 1.,
       0., 0., 0., 0., 0., 19., 153., 5., 0., 0., 0., 0., 0., 153., 62.,
       1., 0., 0., 0., 0., 4., 90., 0., 0., 0., 0., 0., 0., 0., 0., 82.,
       18., 0., 0., 0., 0., 0., 1., 153., 153., 3., 0., 0., 0., 0., 8.,
       57., 78., 26., 0., 0., 0., 0., 2., 0., 0., 0., 0., 0., 0., 0., 0.,
       10., 14., 0., 0., 0., 0., 0., 0., 48., 153., 26., 0., 0., 0., 0.,
       0., 5., 153., 153., 0., 0., 0., 0., 0., 41., 0., 0., 0., 0., 0.,
       0., 1., 150., 9., 1., 1., 0., 0., 0., 5., 113., 18., 4., 128.,
       82., 0., 0., 1., 0., 0., 0., 136., 140., 0., 0., 0., 54., 1., 0.,
       0., 0., 0., 0., 4., 150., 15., 5., 18., 3., 0., 0., 18., 70., 14.,
       7., 150., 125., 0., 0., 1., 0., 0., 0., 108., 78., 0., 0., 0.,
       54., 5., 0., 0., 0., 0., 0., 3., 150., 71., 32., 50., 6., 0., 0.,
       6., 12., 12., 21., 150., 83., 0., 0., 0., 0., 0., 0., 34., 20.,
       0., 0., 0., 11., 11., 1., 0., 0., 0., 0., 0., 17., 49., 44., 24.,
       1., 0., 0., 0., 0., 2., 18., 64., 11., 0., 0., 0., 0., 0., 0., 3.,
       2., 0., 0., 0., 12., 0., 0., 0., 0., 0., 1., 12., 17., 0., 0., 0.,
       1., 25., 46., 47., 0., 0., 0., 0., 10., 64., 18., 2., 0., 0., 0.,
       0., 2., 3., 0., 0., 56., 3., 0., 0., 0., 0., 0., 5., 149., 6., 0.,
       0., 5., 50., 33., 68., 13., 0., 0., 0., 84., 149., 21., 12., 0.,
       0., 0., 0., 18., 35., 0., 0., 53., 6., 0., 0., 0., 0., 0., 0.,
       149., 32., 0., 0., 3., 16., 6., 11., 77., 4., 0., 0., 101., 149.,
       11., 10., 0., 0., 0., 0., 59., 149., 0., 0., 26., 6., 0., 0., 0.,
       0., 0., 0., 149., 57., 0., 0., 0., 1., 1., 2., 139., 21., 0., 0.,
       35., 132., 9., 8., 0., 0., 0., 0., 97., 149., 0., 0., 0., 0., 0.,
       0., 0., 0., 0., 0., 21., 0., 0., 0., 0., 0., 2., 25., 30., 0., 0.,
       0., 0., 8., 120., 96., 0., 0., 0., 0., 0., 52., 177., 8., 0., 0.,
       0., 0., 0., 0., 0., 0., 114., 6., 0., 0., 0., 0., 0., 12., 177.,
       7., 0., 0., 0., 4., 62., 116., 35., 0., 0., 0., 0., 63., 177.,
       33., 0., 0., 0., 0., 0., 0., 0., 0., 120., 8., 0., 0., 0., 0., 0.,
       1., 177., 45., 0., 0., 0., 0., 0., 4., 90., 10., 0., 0., 0., 3.,
       10., 4., 0., 0., 0., 0., 0., 0., 0., 0., 72., 7., 0., 0., 0., 0.,
       0., 0., 177., 33., 0., 0., 0., 0., 0., 0., 97., 6., 0., 0., 0.,
       0., 0., 0., 0., 0., 0., 0., 0., 0., 0., 0., 85., 0., 0., 0., 0.,
       0., 0., 9., 170., 0., 0., 0., 0., 0., 0., 36., 88., 0., 0., 0.,
       0., 0., 0., 7., 1., 0., 0., 0., 0., 0., 0., 0., 141., 1., 0., 0.,
       0., 0., 0., 14., 170., 9., 2., 0., 0., 0., 0., 62., 77., 6., 22.,
       6., 0., 0., 0., 9., 1., 0., 0., 0., 0., 0., 0., 0., 127., 21., 0.,
       0., 0., 0., 0., 1., 170., 156., 94., 6., 0., 0., 0., 4., 19., 29.,
       170., 75., 0., 0., 0., 1., 0., 0., 0., 0., 0., 0., 0., 0., 15.,
       24., 4., 0., 0., 0., 0., 0., 14., 75., 114., 7., 0., 0., 0., 0.,
       0., 4., 149., 40., 0., 0., 0., 0., 0., 0., 11., 77., 4., 0., 0.,
       0., 21., 50., 67., 53., 2., 0., 0., 0., 23., 23., 4., 0., 52.,
       78., 4., 1., 0., 0., 0., 0., 34., 131., 105., 13., 4., 6., 16.,
       154., 40., 0., 0., 0., 154., 76., 44., 80., 3., 0., 0., 2., 131.,
       12., 0., 0., 1., 17., 7., 7., 1., 0., 0., 0., 1., 28., 67., 6.,
       30., 7., 6., 154., 49., 0., 0., 1., 154., 24., 6., 21., 2., 0.,
       0., 12., 154., 5., 0., 0., 0., 0., 0., 5., 2., 0., 0., 0., 0., 0.,
       1., 0., 46., 4., 1., 61., 14., 0., 0., 1., 154., 8., 0., 1., 0.,
       0., 0., 11., 120., 2., 0., 0., 0., 0., 0., 5., 1., 0., 0., 0., 0.,
       0., 0., 0., 146., 21., 0., 0., 1., 39., 3., 3., 175., 81., 0., 0.,
       0., 0., 0., 0., 47., 13., 0., 0., 0., 0., 0., 0., 0., 0., 0., 0.,
       0., 0., 0., 0., 89., 14., 0., 0., 13., 175., 14., 10., 175., 69.,
       0., 0., 0., 13., 7., 17., 108., 8., 0., 0., 0., 0., 0., 1., 0.,
       0., 0., 0., 0., 0., 0., 0., 14., 0., 0., 0., 15., 175., 61., 18.,
       175., 4., 0., 0., 0., 57., 82., 118., 99., 4., 0., 0., 0., 0., 0.,
       10., 0., 0., 0., 0., 0., 0., 0., 0., 0., 0., 0., 0., 0., 59., 30.,
       1., 16., 0., 0., 0., 0., 27., 74., 42., 19., 0., 0., 0., 0., 0.,
       3., 18., 0., 0., 0., 0., 0., 0., 0., 0., 0., 0., 0., 0., 0., 0.,
       0., 0., 96., 0., 0., 0., 0., 0., 0., 8., 173., 1., 0., 0., 0., 0.,
       0., 28., 84., 2., 2., 57., 11., 0., 0., 5., 1., 0., 0., 0., 0.,
       0., 0., 0., 144., 0., 0., 0., 0., 0., 0., 13., 173., 12., 7., 16.,
       1., 0., 0., 27., 54., 9., 9., 173., 37., 0., 0., 2., 1., 0., 0.,
       0., 0., 0., 0., 0., 146., 10., 0., 0., 0., 0., 0., 10., 173., 71.,
       48., 76., 3., 0., 0., 7., 9., 8., 21., 173., 48., 0., 0., 0., 1.,
       0., 0., 0., 0., 0., 0., 0., 38., 33., 5., 0., 0., 0., 0., 1., 30.,
       63., 90., 51., 0., 0., 0., 0., 0., 1., 20., 92., 8., 0., 0., 0.,
       1., 0., 0., 0., 0., 0., 0., 0., 26., 0., 0., 0., 0., 0., 7., 32.,
       16., 0., 0., 0., 0., 42., 87., 49., 0., 0., 0., 0., 4., 67., 18.,
       0., 2., 0., 0., 0., 0., 0., 0., 0., 141., 9., 0., 0., 0., 0., 1.,
       16., 172., 5., 0., 0., 2., 84., 74., 86., 5., 0., 0., 0., 34.,
       172., 29., 5., 1., 0., 0., 0., 0., 0., 0., 0., 154., 13., 0., 0.,
       0., 0., 0., 0., 172., 25., 0., 0., 1., 24., 11., 20., 47., 2., 0.,
       0., 33., 172., 14., 9., 0., 0., 0., 0., 0., 0., 0., 0., 96., 12.,
