%YAML:1.0
tag: !!opencv-matrix
   rows: 93
   cols: 128
   dt: f
   data: [ 1., 2., 0., 1., 38., 4., 1., 1., 111., 5., 0., 0., 4., 2., 0.,
       1., 169., 15., 0., 1., 0., 0., 0., 1., 42., 3., 2., 56., 18., 0.,
       0., 0., 6., 3., 0., 2., 62., 5., 0., 1., 129., 7., 0., 2., 3., 1.,
       0., 1., 169., 29., 2., 12., 3., 0., 0., 1., 39., 8., 3., 169.,
       84., 0., 0., 0., 5., 0., 0., 14., 36., 2., 0., 1., 119., 6., 0.,
       1., 3., 1., 0., 4., 169., 55., 15., 59., 13., 0., 0., 3., 14., 8.,
       8., 169., 103., 0., 0., 0., 1., 1., 1., 4., 3., 3., 1., 0., 42.,
       21., 2., 0., 1., 0., 0., 1., 77., 90., 51., 60., 7., 0., 0., 0.,
       1., 3., 14., 111., 35., 0., 0., 1., 0., 1., 19., 4., 0., 0., 0.,
       0., 0., 3., 44., 6., 0., 0., 0., 0., 1., 13., 21., 1., 0., 0., 0.,
       0., 0., 1., 0., 0., 0., 0., 0., 0., 0., 0., 147., 76., 0., 0., 0.,
       0., 17., 43., 147., 64., 0., 0., 0., 0., 118., 132., 84., 3., 0.,
       0., 0., 1., 17., 6., 0., 0., 0., 0., 0., 0., 0., 0., 136., 42.,
       0., 0., 3., 1., 121., 24., 96., 18., 0., 0., 3., 15., 147., 32.,
       9., 0., 0., 0., 0., 30., 33., 1., 0., 0., 0., 0., 0., 2., 0., 0.,
       1., 0., 0., 1., 146., 26., 54., 0., 0., 0., 0., 0., 147., 111.,
       147., 0., 0., 0., 0., 0., 17., 117., 15., 0., 0., 0., 0., 0., 0.,
       3., 4., 2., 1., 0., 1., 14., 50., 32., 31., 16., 4., 0., 0., 0.,
       37., 145., 84., 21., 2., 0., 0., 0., 2., 145., 14., 1., 0., 0.,
       0., 0., 0., 12., 7., 24., 33., 30., 79., 27., 17., 15., 47., 145.,
       115., 1., 0., 0., 6., 45., 145., 145., 22., 0., 0., 0., 0., 17.,
       26., 9., 0., 0., 0., 0., 0., 1., 2., 3., 10., 32., 145., 0., 0.,
       1., 129., 32., 27., 1., 1., 0., 0., 14., 145., 27., 2., 0., 0.,
       0., 0., 33., 42., 1., 0., 0., 0., 0., 0., 4., 2., 0., 1., 29.,
       71., 0., 0., 1., 141., 0., 0., 0., 1., 0., 0., 16., 145., 0., 0.,
       0., 0., 0., 0., 34., 25., 0., 0., 0., 0., 0., 0., 3., 0., 0., 0.,
       0., 134., 2., 0., 0., 32., 1., 0., 1., 19., 0., 1., 11., 97., 0.,
       0., 0., 0., 0., 70., 104., 5., 0., 0., 0., 0., 0., 134., 22., 0.,
       0., 0., 1., 134., 18., 5., 0., 78., 1., 0., 1., 21., 7., 15., 7.,
       134., 8., 1., 0., 0., 0., 5., 28., 32., 5., 3., 0., 0., 0., 23.,
       9., 0., 0., 0., 16., 102., 124., 47., 0., 30., 5., 10., 36., 19.,
       53., 82., 13., 134., 113., 77., 5., 1., 2., 5., 12., 10., 106.,
       99., 0., 0., 0., 0., 0., 0., 0., 2., 126., 74., 20., 4., 0., 0.,
       1., 27., 104., 17., 7., 3., 0., 1., 29., 66., 8., 1., 0., 1., 0.,
       1., 108., 66., 0., 0., 0., 1., 0., 0., 0., 146., 21., 0., 0., 0.,
       0., 28., 52., 146., 15., 0., 0., 0., 0., 146., 115., 42., 0., 0.,
       0., 0., 0., 17., 4., 0., 0., 0., 0., 0., 0., 1., 0., 32., 3., 0.,
       0., 14., 10., 83., 19., 20., 1., 0., 0., 50., 33., 146., 37., 1.,
       0., 0., 0., 8., 41., 40., 3., 0., 0., 0., 0., 0., 1., 81., 1., 0.,
       0., 0., 0., 39., 101., 37., 0., 0., 0., 0., 0., 146., 146., 103.,
       1., 0., 0., 0., 0., 79., 146., 18., 0., 0., 0., 0., 0., 0., 7.,
       146., 12., 0., 0., 0., 0., 1., 18., 121., 6., 0., 0., 0., 0., 31.,
       33., 2., 0., 0., 0., 0., 0., 18., 15., 1., 0., 0., 0., 0., 0., 0.,
       1., 0., 3., 41., 13., 1., 0., 0., 0., 0., 13., 58., 0., 0., 0.,
       0., 0., 0., 11., 16., 0., 0., 0., 0., 0., 0., 1., 1., 0., 0., 0.,
       0., 0., 0., 10., 140., 128., 73., 0., 0., 0., 13., 107., 140., 9.,
       1., 0., 0., 0., 87., 140., 85., 0., 0., 0., 0., 2., 16., 13., 1.,
       0., 0., 0., 0., 1., 0., 1., 12., 72., 140., 0., 0., 0., 92., 32.,
       48., 8., 10., 0., 0., 7., 140., 86., 19., 0., 0., 0., 0., 24.,
       33., 22., 37., 0., 0., 0., 0., 3., 0., 0., 0., 36., 140., 0., 0.,
       0., 36., 23., 3., 2., 5., 0., 0., 2., 67., 138., 104., 0., 0., 0.,
       0., 1., 2., 65., 140., 0., 0., 0., 0., 0., 0., 0., 0., 2., 16.,
       34., 39., 0., 8., 0., 0., 1., 6., 5., 3., 10., 13., 0., 0., 0.,
       0., 1., 83., 72., 0., 0., 0., 0., 2., 35., 131., 11., 0., 0., 10.,
       96., 58., 28., 13., 0., 80., 1., 1., 8., 16., 2., 0., 14., 131.,
       3., 0., 0., 0., 2., 57., 131., 24., 1., 0., 2., 86., 95., 127.,
       38., 0., 0., 11., 36., 1., 0., 5., 2., 79., 12., 0., 2., 1., 1.,
       5., 6., 131., 131., 14., 1., 0., 0., 0., 7., 36., 44., 40., 76.,
       126., 6., 1., 3., 0., 0., 0., 0., 1., 22., 90., 64., 8., 11., 1.,
       0., 16., 75., 39., 4., 28., 131., 56., 1., 3., 3., 0., 0., 2.,
       45., 131., 80., 11., 0., 0., 0., 0., 4., 44., 2., 19., 59., 38.,
       0., 0., 6., 32., 0., 1., 34., 135., 0., 1., 7., 6., 0., 3., 40.,
       135., 1., 0., 0., 0., 0., 47., 81., 52., 0., 0., 24., 135., 1.,
       0., 1., 2., 0., 11., 70., 135., 0., 0., 1., 10., 0., 64., 114.,
       39., 3., 22., 10., 18., 2., 5., 4., 0., 15., 135., 22., 4., 0.,
       0., 4., 30., 0., 0., 4., 25., 0., 69., 21., 35., 0., 0., 1., 15.,
       18., 135., 26., 3., 4., 30., 0., 0., 30., 12., 1., 0., 25., 135.,
       0., 0., 1., 0., 0., 0., 0., 0., 20., 135., 0., 21., 0., 0., 0.,
       0., 10., 135., 50., 78., 0., 0., 3., 37., 1., 25., 82., 4., 0.,
       0., 18., 135., 0., 0., 2., 0., 0., 8., 9., 3., 43., 130., 0., 0.,
       3., 14., 1., 0., 37., 130., 1., 1., 2., 2., 0., 0., 38., 130., 3.,
       0., 0., 0., 0., 0., 32., 130., 0., 0., 4., 77., 106., 57., 9.,
       13., 0., 7., 71., 130., 9., 1., 6., 30., 1., 84., 104., 34., 0.,
       0., 10., 77., 11., 21., 4., 0., 0., 0., 25., 130., 7., 0., 1.,
       10., 53., 130., 1., 0., 0., 64., 27., 39., 5., 9., 1., 1., 13.,
       130., 38., 6., 1., 0., 0., 0., 43., 48., 4., 20., 6., 0., 0., 3.,
       7., 0., 0., 0., 26., 117., 0., 0., 0., 88., 0., 0., 1., 4., 0.,
       0., 20., 130., 2., 2., 12., 8., 0., 0., 43., 13., 4., 64., 77.,
       24., 0., 0., 2., 0., 0., 136., 31., 0., 0., 0., 0., 20., 51.,
       136., 22., 0., 0., 0., 0., 59., 78., 32., 6., 70., 8., 0., 0., 1.,
       1., 0., 1., 136., 21., 0., 0., 0., 0., 30., 5., 0., 0., 28., 4.,
       70., 19., 16., 4., 1., 1., 36., 23., 136., 28., 0., 0., 51., 13.,
       4., 32., 5., 0., 0., 0., 136., 35., 0., 1., 0., 1., 1., 0., 0.,
       0., 136., 38., 11., 0., 0., 0., 0., 0., 136., 86., 47., 0., 0.,
       0., 49., 23., 73., 127., 2., 0., 0., 0., 136., 44., 2., 3., 7.,
       44., 77., 4., 0., 0., 52., 12., 21., 36., 5., 0., 0., 0., 65.,
       17., 1., 0., 0., 0., 57., 16., 25., 12., 0., 0., 0., 0., 136.,
       33., 0., 0., 23., 86., 35., 0., 0., 0., 1., 0., 16., 126., 126.,
       0., 0., 0., 0., 0., 91., 126., 37., 0., 0., 0., 0., 0., 19., 10.,
       0., 0., 0., 0., 0., 0., 0., 6., 7., 0., 0., 36., 105., 0., 62.,
       35., 19., 0., 0., 16., 74., 19., 126., 59., 2., 0., 0., 0., 7.,
       31., 61., 7., 0., 0., 0., 0., 0., 1., 0., 18., 95., 1., 0., 43.,
       107., 0., 11., 25., 69., 0., 0., 37., 126., 33., 126., 48., 11.,
       0., 0., 1., 31., 103., 50., 7., 0., 0., 0., 0., 0., 7., 0., 23.,
       108., 0., 1., 7., 7., 0., 8., 67., 126., 0., 0., 1., 1., 1., 126.,
       126., 25., 0., 0., 0., 1., 3., 57., 23., 0., 0., 0., 0., 0., 0.,
       0., 44., 66., 0., 0., 76., 73., 0., 11., 21., 25., 0., 0., 92.,
       135., 22., 135., 5., 1., 0., 0., 6., 46., 123., 41., 0., 0., 0.,
       0., 0., 0., 14., 0., 85., 123., 0., 0., 5., 3., 0., 24., 135.,
       135., 0., 0., 10., 23., 6., 135., 133., 17., 0., 0., 1., 15., 41.,
       27., 3., 0., 0., 0., 0., 0., 5., 0., 3., 6., 7., 17., 17., 2., 0.,
       120., 34., 13., 0., 1., 0., 0., 12., 135., 32., 1., 0., 0., 0.,
       0., 33., 36., 1., 0., 0., 0., 0., 0., 3., 0., 0., 3., 9., 5., 1.,
       49., 7., 95., 0., 0., 0., 0., 0., 49., 61., 135., 0., 0., 0., 0.,
       0., 3., 73., 18., 0., 0., 0., 0., 0., 0., 3., 2., 39., 51., 0.,
       0., 0., 1., 0., 53., 94., 97., 0., 0., 0., 0., 0., 127., 102.,
       11., 0., 0., 0., 0., 0., 21., 5., 0., 0., 0., 0., 0., 0., 0., 1.,
       1., 0., 0., 42., 117., 0., 94., 11., 1., 0., 0., 19., 81., 23.,
       127., 29., 0., 0., 0., 0., 7., 33., 42., 4., 0., 0., 0., 0., 0.,
       1., 0., 24., 104., 0., 0., 49., 116., 0., 12., 31., 74., 0., 0.,
