%YAML:1.0
tag: !!opencv-matrix
   rows: 141
   cols: 128
   dt: f
   data: [ 0., 0., 17., 17., 15., 4., 10., 14., 7., 1., 5., 25., 141.,
       11., 1., 1., 141., 7., 0., 2., 52., 2., 0., 6., 120., 9., 1., 0.,
       0., 0., 0., 1., 0., 0., 141., 83., 3., 0., 0., 0., 12., 7., 115.,
       141., 80., 1., 0., 1., 141., 25., 7., 23., 23., 1., 0., 8., 141.,
       4., 1., 0., 0., 1., 1., 6., 0., 0., 77., 70., 6., 0., 1., 1., 34.,
       5., 54., 42., 1., 1., 2., 11., 141., 14., 4., 5., 0., 0., 0., 26.,
       141., 3., 0., 0., 2., 0., 0., 5., 2., 1., 0., 5., 7., 2., 3., 4.,
       29., 8., 1., 1., 6., 8., 2., 2., 141., 26., 0., 0., 1., 1., 0.,
       3., 124., 4., 0., 0., 2., 0., 0., 3., 3., 1., 2., 15., 11., 2.,
       10., 8., 84., 16., 7., 14., 13., 6., 13., 18., 146., 129., 41.,
       2., 0., 0., 12., 91., 15., 26., 60., 4., 0., 0., 15., 27., 13.,
       2., 4., 28., 18., 2., 3., 18., 72., 14., 7., 25., 9., 3., 14.,
       24., 146., 93., 20., 4., 0., 0., 32., 144., 34., 25., 32., 2., 0.,
       0., 77., 83., 6., 3., 9., 10., 8., 2., 5., 13., 58., 10., 11.,
       23., 14., 3., 5., 26., 146., 146., 131., 3., 1., 0., 4., 40., 26.,
       79., 146., 5., 0., 0., 8., 17., 2., 10., 7., 2., 7., 5., 3., 2.,
       21., 10., 4., 2., 2., 3., 5., 12., 17., 26., 57., 7., 1., 2., 48.,
       53., 1., 5., 68., 3., 0., 0., 101., 45., 8., 3., 6., 12., 11., 1.,
       2., 6., 14., 2., 4., 9., 11., 2., 5., 23., 6., 5., 9., 9., 5., 5.,
       40., 67., 0., 0., 1., 1., 0., 1., 70., 27., 6., 1., 3., 9., 5.,
       2., 18., 13., 52., 9., 18., 31., 17., 4., 5., 19., 154., 35., 11.,
       3., 3., 1., 68., 154., 29., 18., 23., 0., 0., 0., 137., 143., 7.,
       2., 6., 35., 20., 2., 8., 12., 67., 8., 6., 16., 11., 9., 27.,
       28., 154., 147., 37., 2., 0., 1., 18., 85., 35., 53., 93., 3., 0.,
       0., 40., 38., 8., 2., 6., 15., 6., 1., 3., 18., 55., 8., 9., 31.,
       11., 1., 4., 23., 154., 81., 23., 3., 1., 0., 23., 135., 43., 41.,
       47., 0., 0., 0., 68., 69., 0., 0., 20., 140., 24., 1., 2., 1.,
       63., 2., 1., 56., 25., 2., 4., 9., 140., 9., 0., 0., 1., 0., 0.,
       8., 32., 3., 0., 2., 104., 10., 0., 2., 0., 0., 16., 47., 2., 15.,
       97., 61., 63., 1., 0., 5., 17., 81., 60., 12., 140., 9., 0., 0.,
       2., 4., 1., 10., 39., 5., 1., 4., 118., 6., 0., 2., 0., 0., 11.,
       44., 16., 18., 83., 76., 38., 1., 5., 70., 113., 71., 21., 6.,
       140., 10., 0., 3., 10., 5., 1., 10., 43., 2., 0., 0., 103., 12.,
       0., 3., 0., 0., 97., 115., 2., 0., 3., 2., 48., 8., 34., 100.,
       12., 0., 0., 2., 140., 7., 2., 2., 1., 0., 0., 15., 36., 1., 0.,
       3., 77., 4., 0., 2., 6., 4., 4., 5., 1., 1., 2., 3., 12., 4., 2.,
       6., 2., 1., 2., 7., 18., 1., 1., 1., 2., 4., 86., 63., 134., 2.,
       1., 0., 0., 0., 87., 97., 3., 4., 4., 5., 4., 2., 1., 1., 85., 6.,
       2., 6., 7., 2., 2., 14., 134., 20., 2., 0., 0., 0., 86., 134.,
       30., 14., 7., 0., 0., 0., 134., 125., 8., 2., 2., 4., 11., 13.,
       0., 4., 74., 18., 3., 2., 3., 4., 8., 10., 134., 134., 88., 0.,
       0., 0., 1., 12., 32., 134., 134., 0., 0., 0., 5., 6., 6., 3., 1.,
       6., 36., 8., 0., 2., 7., 10., 7., 3., 0., 0., 1., 3., 9., 61.,
       69., 1., 0., 2., 2., 3., 134., 100., 65., 0., 0., 1., 0., 5., 0.,
       0., 9., 150., 6., 1., 2., 0., 56., 2., 1., 24., 7., 1., 7., 33.,
       177., 0., 0., 0., 0., 0., 8., 140., 45., 0., 0., 0., 65., 64.,
       33., 48., 0., 2., 8., 25., 11., 5., 3., 1., 99., 32., 11., 1., 0.,
       1., 8., 12., 177., 37., 0., 0., 0., 0., 1., 44., 73., 11., 2., 4.,
       84., 42., 6., 19., 0., 2., 8., 10., 9., 7., 6., 1., 105., 16., 9.,
       0., 0., 2., 13., 25., 177., 22., 0., 0., 0., 0., 1., 66., 70.,
       13., 3., 9., 63., 16., 2., 15., 0., 1., 6., 5., 5., 9., 4., 0.,
       114., 13., 8., 1., 0., 3., 5., 18., 177., 6., 0., 0., 0., 0., 0.,
       38., 51., 1., 0., 0., 36., 17., 2., 10., 34., 4., 3., 4., 5., 3.,
       4., 28., 58., 14., 7., 5., 11., 23., 47., 92., 0., 1., 3., 8.,
       59., 85., 45., 17., 0., 1., 1., 0., 4., 26., 90., 23., 32., 32.,
       12., 5., 0., 2., 4., 10., 61., 93., 97., 14., 7., 2., 2., 13.,
       93., 15., 35., 19., 29., 16., 41., 143., 11., 0., 0., 0., 2., 82.,
       143., 143., 9., 9., 7., 5., 3., 3., 10., 11., 65., 31., 22., 4.,
       4., 1., 0., 5., 143., 143., 4., 0., 0., 0., 1., 72., 55., 113.,
       6., 0., 5., 23., 15., 57., 4., 4., 4., 12., 10., 2., 2., 10., 13.,
       17., 5., 5., 4., 5., 7., 10., 39., 143., 10., 2., 2., 1., 0., 0.,
       7., 143., 20., 0., 0., 0., 0., 0., 1., 9., 11., 4., 2., 5., 8.,
       2., 7., 7., 34., 6., 1., 3., 4., 7., 66., 2., 8., 6., 1., 0., 5.,
       154., 23., 0., 1., 1., 0., 0., 57., 154., 2., 1., 2., 8., 4., 2.,
       3., 6., 47., 3., 3., 13., 6., 3., 2., 16., 154., 9., 1., 1., 0.,
       0., 0., 154., 110., 10., 2., 23., 14., 0., 2., 104., 1., 1., 3.,
       3., 1., 0., 1., 2., 47., 13., 3., 7., 7., 6., 2., 4., 154., 154.,
       1., 1., 1., 1., 0., 8., 110., 84., 2., 16., 56., 7., 0., 1., 0.,
       1., 1., 1., 1., 1., 0., 0., 6., 7., 2., 4., 4., 4., 1., 1., 89.,
       154., 2., 1., 1., 1., 1., 1., 37., 154., 10., 1., 10., 8., 0., 0.,
       1., 1., 3., 2., 0., 2., 1., 1., 1., 0., 1., 2., 7., 14., 4., 2.,
       1., 0., 3., 7., 5., 8., 28., 55., 2., 2., 1., 1., 0., 3., 92.,
       126., 4., 1., 5., 3., 1., 1., 3., 7., 22., 4., 9., 7., 0., 5., 5.,
       12., 136., 11., 1., 0., 0., 4., 27., 136., 61., 9., 0., 0., 0.,
       10., 105., 136., 1., 1., 6., 4., 1., 25., 44., 4., 27., 10., 8.,
       7., 2., 7., 10., 9., 136., 136., 1., 1., 0., 0., 0., 24., 136.,
       136., 0., 0., 0., 3., 3., 27., 0., 0., 0., 0., 23., 136., 112.,
       10., 1., 4., 3., 5., 41., 83., 7., 1., 33., 110., 3., 1., 1., 2.,
       0., 0., 95., 136., 0., 0., 0., 0., 0., 0., 1., 0., 4., 97., 63.,
       3., 1., 1., 3., 0., 0., 15., 23., 8., 6., 13., 13., 0., 0., 3.,
       3., 1., 53., 145., 2., 0., 0., 1., 1., 21., 145., 68., 9., 2., 8.,
       27., 5., 1., 1., 7., 65., 4., 2., 19., 14., 5., 2., 21., 145.,
       14., 0., 0., 0., 0., 24., 145., 41., 9., 2., 0., 0., 12., 145.,
       102., 3., 2., 6., 12., 2., 1., 1., 1., 65., 22., 2., 11., 6., 3.,
       8., 6., 145., 145., 55., 1., 0., 0., 0., 12., 36., 81., 145., 4.,
       0., 0., 1., 3., 2., 3., 3., 1., 0., 0., 0., 0., 6., 11., 2., 2.,
       4., 6., 6., 2., 9., 99., 60., 1., 1., 6., 12., 3., 0., 25., 145.,
       4., 0., 3., 3., 0., 0., 0., 0., 0., 2., 2., 1., 0., 12., 14., 3.,
       2., 4., 2., 1., 9., 40., 96., 40., 1., 0., 0., 28., 78., 2., 18.,
       137., 7., 1., 2., 129., 23., 0., 0., 0., 1., 1., 1., 1., 0., 63.,
       2., 1., 3., 3., 4., 1., 25., 142., 17., 1., 0., 0., 0., 41., 142.,
       33., 14., 14., 0., 0., 0., 142., 95., 0., 0., 1., 2., 3., 2., 0.,
       0., 68., 23., 1., 3., 3., 3., 1., 2., 142., 142., 55., 0., 0., 0.,
       0., 12., 28., 85., 142., 2., 0., 0., 7., 9., 0., 0., 1., 1., 0.,
       1., 0., 1., 11., 10., 2., 2., 3., 4., 1., 10., 35., 67., 30., 0.,
       0., 0., 40., 97., 1., 14., 113., 1., 0., 0., 142., 27., 0., 1.,
       6., 2., 1., 0., 0., 0., 10., 4., 6., 3., 2., 1., 2., 11., 21., 1.,
       0., 2., 3., 3., 62., 138., 1., 0., 0., 1., 1., 16., 154., 39., 0.,
       0., 1., 2., 2., 3., 2., 1., 83., 6., 4., 5., 3., 5., 2., 13.,
       154., 24., 1., 0., 0., 0., 33., 154., 54., 18., 21., 0., 0., 2.,
       154., 77., 2., 0., 0., 1., 2., 4., 4., 4., 69., 12., 1., 5., 4.,
       9., 14., 9., 154., 154., 71., 0., 0., 0., 1., 6., 29., 95., 154.,
       1., 0., 0., 2., 2., 6., 2., 1., 0., 0., 0., 1., 3., 5., 5., 9.,
       7., 1., 2., 6., 3., 7., 50., 73., 8., 1., 2., 4., 2., 0., 18.,
       154., 2., 0., 2., 4., 0., 2., 5., 2., 0., 0., 0., 0., 1., 17.,
       19., 4., 1., 1., 0., 1., 7., 40., 92., 96., 1., 0., 0., 39., 45.,
       1., 13., 147., 14., 0., 4., 114., 11., 0., 3., 5., 2., 1., 0., 0.,
       0., 69., 11., 7., 3., 2., 1., 1., 17., 147., 8., 2., 0., 0., 0.,
       75., 147., 17., 3., 5., 1., 0., 3., 147., 76., 1., 1., 0., 1., 1.,
