%YAML:1.0
tag: !!opencv-matrix
   rows: 28
   cols: 128
   dt: f
   data: [ 0., 0., 0., 0., 0., 1., 0., 0., 74., 0., 0., 0., 0., 0., 0.,
       16., 200., 0., 0., 0., 0., 0., 0., 91., 80., 0., 0., 0., 0., 0.,
       0., 20., 0., 0., 0., 0., 0., 1., 0., 0., 143., 2., 0., 0., 0., 0.,
       0., 8., 200., 5., 0., 0., 0., 0., 0., 41., 82., 1., 0., 0., 0.,
       0., 0., 6., 0., 0., 0., 0., 0., 3., 0., 0., 135., 11., 0., 0., 0.,
       1., 0., 0., 200., 53., 0., 0., 0., 0., 0., 1., 85., 11., 0., 0.,
       0., 0., 0., 0., 0., 0., 0., 0., 0., 1., 0., 0., 59., 17., 0., 0.,
       0., 0., 0., 0., 200., 108., 0., 0., 0., 0., 0., 0., 88., 27., 0.,
       0., 0., 0., 0., 0., 0., 0., 0., 0., 0., 0., 0., 0., 78., 0., 0.,
       0., 0., 0., 0., 15., 197., 0., 0., 0., 0., 0., 0., 97., 72., 0.,
       0., 0., 0., 0., 0., 21., 0., 0., 0., 0., 0., 0., 0., 0., 143., 4.,
       0., 0., 0., 0., 0., 5., 197., 10., 0., 0., 0., 0., 0., 24., 81.,
       2., 0., 0., 0., 0., 0., 3., 0., 0., 0., 0., 0., 0., 0., 0., 120.,
       15., 0., 0., 0., 0., 0., 0., 197., 74., 0., 0., 0., 0., 0., 0.,
       87., 16., 0., 0., 0., 0., 0., 0., 0., 0., 0., 0., 0., 0., 0., 0.,
       44., 18., 0., 0., 0., 0., 0., 0., 197., 130., 0., 0., 0., 0., 0.,
       0., 97., 38., 0., 0., 0., 0., 0., 0., 1., 1., 0., 0., 0., 0., 0.,
       0., 124., 1., 0., 0., 0., 0., 0., 1., 202., 2., 0., 0., 0., 0.,
       0., 4., 57., 0., 0., 0., 0., 0., 0., 2., 1., 2., 0., 0., 0., 0.,
       0., 0., 152., 6., 0., 0., 0., 0., 0., 1., 202., 5., 0., 0., 0.,
       0., 0., 10., 65., 0., 0., 0., 0., 0., 0., 3., 1., 1., 0., 0., 0.,
       0., 0., 0., 156., 2., 0., 0., 0., 0., 0., 5., 202., 9., 0., 0.,
       0., 0., 0., 11., 63., 2., 0., 0., 0., 0., 0., 1., 1., 0., 0., 0.,
       0., 0., 0., 0., 97., 18., 0., 0., 0., 0., 0., 1., 202., 105., 0.,
       0., 0., 0., 0., 1., 49., 26., 0., 0., 0., 0., 0., 0., 24., 2., 0.,
       0., 0., 10., 0., 2., 129., 0., 0., 2., 2., 0., 2., 58., 65., 0.,
       0., 66., 129., 17., 9., 26., 1., 2., 0., 33., 78., 6., 0., 0.,
       36., 1., 0., 0., 16., 129., 2., 5., 129., 27., 7., 19., 11., 4.,
       1., 34., 50., 7., 7., 129., 129., 0., 0., 5., 3., 2., 1., 33.,
       42., 0., 6., 13., 11., 17., 28., 47., 102., 108., 1., 1., 80.,
       115., 73., 34., 21., 7., 0., 2., 27., 22., 62., 123., 48., 0., 8.,
       41., 10., 1., 3., 7., 7., 0., 76., 129., 0., 9., 40., 53., 20.,
       14., 6., 0., 5., 16., 16., 11., 5., 0., 0., 0., 78., 52., 18., 2.,
       0., 0., 2., 28., 34., 43., 100., 15., 0., 0., 16., 57., 0., 0.,
       6., 15., 20., 56., 42., 9., 1., 0., 0., 0., 6., 23., 20., 6., 67.,
       28., 2., 0., 0., 6., 21., 40., 39., 69., 24., 0., 0., 13., 92.,
       44., 5., 0., 0., 92., 106., 51., 32., 18., 72., 2., 0., 9., 28.,
       34., 71., 98., 23., 30., 8., 1., 54., 123., 70., 25., 8., 123.,
       90., 1., 15., 14., 2., 1., 17., 2., 0., 123., 35., 1., 0., 1.,
       123., 34., 0., 6., 8., 12., 5., 24., 67., 9., 0., 0., 123., 123.,
       6., 10., 0., 5., 7., 0., 70., 58., 0., 0., 7., 1., 0., 12., 6.,
       6., 1., 1., 123., 52., 1., 0., 1., 2., 0., 1., 82., 36., 10., 16.,
       119., 61., 0., 0., 0., 0., 0., 9., 111., 51., 0., 0., 14., 0., 0.,
       0., 0., 6., 0., 3., 129., 0., 0., 1., 1., 0., 4., 71., 63., 0.,
       0., 52., 129., 32., 22., 36., 0., 0., 0., 26., 96., 14., 1., 1.,
       26., 1., 0., 0., 4., 122., 1., 4., 129., 21., 5., 14., 9., 4., 0.,
       36., 61., 7., 5., 129., 129., 0., 0., 7., 0., 0., 0., 33., 62.,
       1., 9., 15., 9., 14., 26., 37., 84., 129., 0., 1., 90., 104., 64.,
       31., 23., 11., 0., 3., 27., 23., 62., 129., 62., 1., 8., 33., 12.,
       2., 4., 8., 12., 1., 79., 129., 0., 11., 45., 55., 24., 15., 7.,
       0., 2., 10., 16., 13., 7., 1., 0., 2., 63., 36., 18., 5., 0., 0.,
       2., 24., 37., 47., 88., 14., 0., 0., 14., 54., 0., 0., 7., 22.,
       24., 48., 31., 7., 1., 0., 0., 2., 10., 12., 17., 9., 64., 32.,
       3., 0., 0., 5., 18., 42., 33., 67., 29., 0., 0., 12., 94., 43.,
       8., 1., 0., 99., 98., 48., 30., 17., 84., 3., 0., 9., 24., 36.,
       67., 107., 20., 34., 9., 1., 63., 128., 58., 21., 6., 120., 95.,
       1., 11., 9., 1., 1., 24., 6., 1., 128., 22., 0., 0., 1., 128.,
       40., 1., 6., 11., 16., 5., 22., 57., 6., 0., 0., 128., 128., 5.,
       7., 0., 5., 6., 0., 60., 37., 0., 0., 12., 4., 0., 15., 5., 0.,
       0., 0., 128., 73., 4., 1., 2., 1., 0., 0., 62., 35., 20., 35.,
       128., 53., 0., 0., 0., 0., 0., 14., 95., 27., 0., 0., 0., 0., 6.,
       17., 18., 51., 44., 8., 1., 0., 0., 0., 3., 11., 24., 12., 61.,
       22., 2., 0., 0., 3., 22., 55., 37., 53., 17., 0., 0., 14., 108.,
       52., 7., 0., 0., 94., 101., 57., 36., 18., 74., 1., 0., 7., 21.,
       32., 76., 113., 28., 33., 7., 0., 42., 125., 77., 27., 13., 125.,
       82., 0., 9., 13., 4., 2., 24., 1., 0., 125., 23., 0., 1., 3.,
       125., 33., 0., 4., 7., 14., 8., 30., 64., 9., 0., 0., 125., 125.,
       9., 10., 0., 9., 6., 0., 53., 57., 3., 1., 10., 1., 0., 9., 2.,
       0., 5., 5., 125., 56., 1., 0., 1., 1., 1., 3., 76., 38., 14., 19.,
       111., 62., 0., 0., 0., 0., 1., 10., 94., 48., 2., 0., 14., 4., 5.,
       0., 3., 12., 0., 1., 127., 3., 1., 1., 1., 0., 2., 51., 67., 0.,
       0., 63., 127., 21., 12., 28., 0., 0., 3., 41., 85., 9., 0., 0.,
       28., 3., 1., 0., 31., 127., 0., 2., 127., 33., 8., 16., 10., 5.,
       0., 26., 55., 9., 9., 127., 127., 0., 0., 5., 0., 1., 5., 49.,
       47., 0., 4., 6., 7., 22., 41., 63., 99., 79., 0., 0., 69., 117.,
       80., 37., 21., 6., 0., 1., 24., 24., 71., 127., 45., 0., 7., 34.,
       10., 1., 2., 12., 8., 0., 88., 127., 0., 8., 38., 46., 18., 23.,
       8., 0., 1., 12., 24., 11., 3., 0., 0., 0., 65., 55., 20., 3., 0.,
       0., 2., 26., 37., 51., 105., 11., 0., 0., 24., 62., 18., 0., 0.,
       0., 0., 10., 0., 4., 130., 0., 0., 2., 3., 1., 6., 70., 52., 0.,
       0., 52., 130., 36., 20., 28., 0., 0., 0., 22., 83., 12., 0., 0.,
       32., 1., 0., 0., 12., 130., 1., 6., 130., 23., 5., 18., 15., 4.,
       1., 33., 48., 7., 5., 130., 130., 0., 0., 4., 0., 0., 0., 29.,
       52., 0., 7., 7., 11., 18., 28., 47., 89., 108., 1., 1., 84., 110.,
       69., 39., 22., 8., 0., 2., 20., 19., 54., 130., 65., 1., 10., 36.,
       7., 1., 2., 7., 10., 1., 95., 130., 0., 9., 35., 48., 19., 22.,
       9., 0., 1., 10., 17., 11., 5., 2., 2., 0., 65., 42., 18., 5., 0.,
       0., 4., 31., 33., 42., 99., 15., 0., 0., 25., 62., 0., 1., 9.,
       17., 25., 56., 49., 13., 0., 0., 2., 2., 10., 16., 17., 9., 51.,
       19., 3., 0., 0., 6., 20., 37., 39., 51., 13., 1., 0., 18., 91.,
       49., 8., 0., 2., 129., 78., 34., 25., 14., 93., 2., 1., 14., 25.,
       29., 60., 102., 27., 29., 6., 1., 64., 129., 66., 26., 14., 129.,
       76., 1., 14., 10., 4., 3., 24., 3., 3., 120., 2., 0., 0., 0.,
       129., 30., 1., 4., 8., 12., 4., 20., 67., 6., 0., 0., 129., 129.,
       5., 8., 0., 11., 10., 0., 68., 35., 0., 0., 13., 2., 0., 5., 0.,
       0., 0., 0., 129., 67., 4., 0., 1., 1., 0., 0., 65., 36., 22., 33.,
       129., 48., 0., 0., 0., 0., 1., 14., 98., 25., 0., 0., 0., 0., 11.,
       26., 18., 43., 36., 10., 4., 0., 0., 1., 4., 12., 12., 15., 70.,
       26., 2., 0., 0., 3., 16., 44., 40., 63., 24., 0., 0., 7., 86.,
       49., 6., 1., 0., 92., 97., 62., 41., 25., 81., 2., 0., 10., 26.,
       30., 60., 115., 25., 30., 5., 0., 45., 127., 72., 32., 9., 122.,
       77., 0., 10., 13., 1., 1., 20., 4., 1., 127., 27., 0., 0., 1.,
       127., 41., 1., 8., 7., 11., 6., 26., 75., 9., 0., 0., 127., 127.,
       8., 11., 3., 7., 3., 0., 58., 49., 1., 2., 13., 2., 0., 21., 1.,
       0., 0., 1., 127., 65., 2., 0., 0., 1., 0., 0., 84., 41., 16., 24.,
       116., 53., 0., 0., 1., 0., 1., 14., 95., 37., 0., 1., 12., 0., 0.,
       0., 3., 14., 0., 3., 126., 0., 0., 1., 1., 0., 2., 65., 72., 0.,
       1., 60., 126., 21., 12., 33., 0., 0., 0., 34., 101., 10., 0., 0.,
       23., 1., 0., 0., 20., 126., 1., 5., 126., 21., 7., 14., 9., 6.,
       1., 40., 59., 7., 8., 126., 126., 0., 0., 7., 0., 0., 0., 38.,
