%YAML:1.0
tag: !!opencv-matrix
   rows: 128
   cols: 128
   dt: f
   data: [ 2., 137., 137., 3., 0., 0., 0., 0., 20., 137., 19., 0., 0.,
       0., 0., 0., 5., 9., 2., 1., 1., 0., 1., 1., 0., 1., 2., 2., 1.,
       1., 2., 0., 74., 137., 57., 3., 0., 1., 2., 5., 137., 137., 3.,
       0., 0., 0., 0., 8., 55., 13., 2., 1., 3., 5., 1., 1., 2., 7., 2.,
       2., 4., 3., 2., 1., 121., 8., 0., 0., 0., 1., 5., 114., 137., 10.,
       0., 0., 0., 0., 0., 137., 64., 2., 0., 0., 1., 4., 1., 10., 1.,
       1., 0., 1., 4., 7., 4., 1., 137., 0., 0., 0., 0., 0., 0., 137.,
       102., 1., 0., 0., 0., 0., 0., 137., 13., 2., 0., 0., 1., 0., 0.,
       10., 1., 1., 0., 0., 1., 1., 1., 1., 100., 12., 1., 1., 2., 1.,
       0., 2., 200., 41., 0., 0., 0., 0., 0., 1., 90., 11., 0., 0., 0.,
       0., 1., 1., 1., 1., 0., 0., 0., 0., 2., 1., 111., 1., 0., 0., 1.,
       1., 3., 21., 200., 14., 0., 0., 0., 0., 0., 21., 122., 6., 1., 0.,
       0., 0., 0., 14., 2., 2., 2., 1., 0., 0., 0., 1., 115., 2., 0., 0.,
       0., 0., 2., 11., 200., 22., 0., 0., 0., 0., 0., 7., 131., 11., 1.,
       1., 0., 1., 1., 3., 0., 3., 2., 1., 0., 2., 2., 0., 87., 7., 3.,
       1., 1., 1., 3., 17., 200., 11., 0., 0., 0., 0., 0., 30., 114.,
       14., 0., 0., 0., 0., 1., 4., 1., 1., 0., 0., 0., 2., 1., 0., 0.,
       15., 144., 1., 0., 0., 6., 9., 13., 109., 111., 0., 0., 0., 0.,
       1., 11., 27., 2., 0., 0., 0., 0., 0., 1., 0., 0., 0., 0., 0., 0.,
       0., 18., 33., 144., 0., 0., 0., 1., 1., 144., 144., 74., 0., 0.,
       0., 0., 2., 128., 29., 0., 0., 0., 0., 0., 1., 1., 1., 0., 0., 0.,
       0., 0., 0., 31., 3., 3., 0., 0., 0., 66., 70., 144., 4., 0., 0.,
       0., 0., 36., 144., 136., 1., 0., 0., 0., 0., 0., 24., 2., 0., 0.,
       0., 0., 0., 0., 1., 57., 109., 3., 0., 1., 1., 31., 57., 83., 98.,
       0., 0., 0., 0., 30., 138., 26., 8., 0., 0., 0., 0., 0., 23., 2.,
       1., 0., 0., 0., 0., 0., 0., 0., 0., 0., 0., 29., 64., 3., 2., 1.,
       1., 0., 0., 1., 5., 30., 14., 66., 11., 2., 0., 0., 1., 20., 118.,
       119., 8., 0., 0., 0., 0., 0., 125., 14., 2., 0., 9., 133., 49.,
       1., 7., 101., 10., 0., 0., 4., 2., 79., 106., 46., 1., 0., 0., 0.,
       0., 130., 133., 41., 0., 0., 0., 0., 0., 3., 113., 20., 6., 2.,
       87., 106., 1., 0., 2., 133., 35., 0., 2., 3., 0., 5., 40., 133.,
       4., 0., 0., 0., 0., 23., 78., 2., 0., 0., 0., 0., 0., 3., 16.,
       22., 0., 3., 30., 5., 0., 0., 22., 133., 1., 0., 0., 0., 0., 0.,
       115., 97., 1., 0., 0., 0., 0., 0., 33., 1., 0., 0., 0., 0., 0.,
       0., 1., 11., 48., 145., 0., 0., 0., 0., 0., 30., 118., 111., 0.,
       0., 0., 0., 0., 20., 22., 1., 0., 0., 0., 0., 0., 0., 0., 0., 0.,
       0., 0., 0., 0., 24., 37., 145., 2., 0., 0., 1., 2., 145., 132.,
       49., 0., 0., 0., 0., 5., 122., 19., 0., 0., 0., 0., 0., 0., 1.,
       0., 0., 0., 0., 0., 0., 0., 24., 1., 2., 1., 0., 1., 145., 46.,
       145., 2., 0., 0., 0., 0., 56., 145., 117., 0., 0., 0., 0., 0., 0.,
       20., 1., 0., 0., 0., 0., 0., 0., 0., 14., 0., 0., 0., 0., 0.,
       145., 53., 20., 0., 0., 0., 0., 0., 106., 110., 14., 0., 0., 0.,
       0., 0., 1., 22., 0., 0., 0., 0., 0., 0., 0., 0., 0., 0., 0., 30.,
       95., 11., 0., 0., 7., 0., 0., 2., 4., 1., 0., 9., 20., 0., 0., 0.,
       0., 0., 5., 130., 2., 0., 0., 0., 0., 0., 38., 130., 0., 0., 0.,
       12., 115., 19., 0., 0., 61., 1., 0., 1., 1., 1., 0., 20., 130.,
       6., 0., 0., 0., 0., 0., 130., 34., 2., 0., 0., 0., 0., 5., 97.,
       0., 0., 0., 0., 102., 119., 0., 0., 62., 20., 0., 0., 6., 17., 0.,
       2., 130., 130., 5., 0., 0., 0., 0., 7., 34., 80., 36., 1., 0., 0.,
       0., 2., 0., 0., 0., 0., 39., 130., 3., 0., 6., 10., 0., 0., 6.,
       128., 24., 0., 19., 130., 24., 0., 0., 14., 15., 0., 1., 107.,
       130., 1., 0., 1., 0., 0., 2., 26., 7., 0., 1., 3., 1., 0., 53.,
       129., 3., 0., 0., 0., 0., 0., 62., 102., 3., 2., 90., 26., 0., 0.,
       0., 0., 0., 0., 129., 52., 0., 0., 0., 1., 1., 1., 26., 26., 1.,
       0., 101., 48., 1., 0., 0., 0., 1., 3., 129., 65., 0., 0., 47.,
       22., 0., 6., 7., 1., 0., 0., 129., 79., 0., 1., 0., 0., 0., 10.,
       77., 15., 0., 0., 106., 2., 0., 1., 1., 1., 1., 35., 129., 4., 0.,
       0., 23., 16., 1., 75., 11., 0., 0., 0., 129., 84., 1., 6., 1., 0.,
       0., 23., 23., 0., 1., 16., 72., 0., 0., 0., 0., 0., 0., 129.,
       116., 0., 0., 0., 11., 8., 1., 124., 4., 0., 0., 0., 129., 63.,
       1., 5., 1., 147., 79., 0., 0., 0., 0., 0., 11., 147., 28., 0., 0.,
       0., 0., 0., 6., 14., 0., 0., 0., 0., 0., 0., 0., 0., 0., 0., 0.,
       0., 0., 0., 29., 147., 34., 0., 1., 2., 1., 5., 147., 147., 14.,
       0., 0., 0., 0., 15., 78., 30., 0., 0., 0., 0., 0., 2., 0., 0., 0.,
       0., 0., 0., 0., 0., 34., 4., 1., 0., 2., 12., 45., 132., 147.,
       12., 0., 0., 0., 0., 4., 147., 75., 3., 0., 0., 0., 0., 0., 27.,
       1., 1., 0., 0., 0., 0., 0., 0., 2., 0., 0., 0., 0., 15., 147.,
       147., 22., 0., 0., 0., 0., 0., 19., 147., 7., 1., 0., 0., 0., 0.,
       0., 12., 2., 1., 0., 0., 0., 0., 0., 0., 0., 1., 0., 3., 4., 1.,
       0., 0., 0., 2., 22., 40., 34., 16., 0., 0., 1., 8., 21., 11.,
       148., 148., 19., 1., 1., 0., 0., 0., 29., 148., 148., 5., 1., 1.,
       2., 15., 25., 1., 0., 0., 11., 20., 45., 146., 136., 5., 1., 2.,
       140., 81., 48., 28., 14., 59., 28., 13., 22., 1., 0., 0., 0.,
       126., 148., 7., 0., 0., 0., 4., 36., 4., 0., 0., 16., 4., 2., 21.,
       148., 51., 6., 16., 148., 12., 2., 4., 13., 12., 6., 54., 34., 1.,
       0., 0., 0., 2., 6., 4., 0., 0., 0., 0., 1., 0., 0., 0., 0., 0.,
       0., 0., 6., 2., 0., 1., 5., 0., 0., 0., 0., 0., 0., 2., 1., 0.,
       0., 0., 0., 0., 0., 0., 0., 0., 0., 0., 0., 0., 0., 0., 1., 1.,
       0., 1., 3., 0., 0., 0., 8., 5., 0., 0., 0., 0., 0., 0., 2., 1.,
       0., 0., 0., 0., 0., 0., 0., 1., 2., 1., 34., 4., 0., 0., 15., 17.,
       6., 34., 157., 21., 2., 3., 157., 78., 6., 11., 15., 4., 2., 15.,
       34., 7., 1., 0., 0., 0., 0., 3., 0., 42., 157., 11., 24., 3., 0.,
       0., 11., 45., 42., 11., 139., 97., 43., 24., 148., 9., 0., 2.,
       10., 24., 47., 133., 30., 1., 0., 0., 0., 2., 1., 13., 3., 157.,
       157., 25., 2., 0., 0., 0., 81., 157., 77., 1., 2., 8., 16., 8.,
       49., 51., 0., 0., 0., 2., 21., 40., 5., 2., 0., 0., 0., 0., 0.,
       4., 0., 68., 157., 5., 0., 0., 0., 0., 21., 130., 89., 0., 0., 0.,
       0., 0., 16., 22., 3., 0., 0., 0., 0., 0., 0., 0., 0., 1., 0., 0.,
       0., 0., 24., 56., 93., 8., 1., 0., 0., 0., 157., 145., 31., 0.,
       0., 0., 0., 0., 119., 19., 0., 0., 0., 0., 0., 1., 1., 0., 0.,
       23., 16., 0., 0., 0., 45., 3., 1., 1., 0., 4., 5., 1., 157., 18.,
       0., 0., 0., 0., 0., 0., 155., 6., 0., 2., 2., 0., 0., 1., 1., 0.,
       0., 75., 72., 0., 0., 0., 31., 0., 0., 0., 24., 26., 11., 3.,
       157., 6., 0., 0., 1., 0., 0., 1., 127., 3., 0., 12., 11., 0., 0.,
       1., 0., 0., 0., 120., 113., 0., 0., 0., 0., 15., 139., 2., 0., 0.,
       74., 1., 20., 97., 73., 0., 0., 0., 98., 8., 14., 15., 0., 0., 0.,
       0., 123., 6., 0., 0., 0., 0., 0., 0., 82., 13., 23., 41., 139.,
       2., 0., 0., 0., 3., 139., 139., 53., 0., 0., 0., 0., 6., 115.,
       24., 0., 0., 0., 0., 1., 1., 2., 0., 0., 0., 0., 0., 1., 1., 46.,
       4., 4., 0., 0., 4., 8., 80., 139., 7., 0., 0., 0., 0., 1., 139.,
       114., 1., 0., 0., 0., 0., 0., 23., 3., 0., 0., 0., 0., 0., 0., 1.,
       63., 47., 1., 0., 22., 43., 3., 27., 139., 124., 0., 0., 0., 0.,
       0., 69., 44., 18., 0., 0., 0., 0., 0., 11., 2., 0., 0., 0., 0.,
       0., 0., 0., 1., 24., 142., 2., 0., 0., 10., 18., 15., 116., 94.,
       0., 0., 0., 0., 3., 12., 25., 1., 0., 0., 0., 0., 0., 1., 0., 0.,
       0., 0., 0., 0., 0., 25., 56., 142., 1., 0., 0., 2., 6., 142.,
       142., 55., 0., 0., 0., 0., 9., 120., 29., 0., 0., 0., 0., 0., 1.,
       2., 1., 0., 0., 0., 0., 0., 0., 47., 8., 4., 0., 0., 0., 37.,
       117., 142., 8., 0., 0., 0., 0., 15., 142., 118., 1., 0., 0., 0.,
       0., 0., 27., 3., 0., 0., 0., 0., 0., 0., 0., 68., 109., 1., 0.,
