%YAML:1.0
tag: !!opencv-matrix
   rows: 135
   cols: 128
   dt: f
   data: [ 5., 11., 7., 1., 0., 0., 1., 2., 11., 4., 14., 19., 4., 0.,
       0., 9., 116., 0., 0., 3., 1., 0., 1., 155., 40., 0., 0., 0., 0.,
       0., 25., 155., 4., 2., 0., 1., 2., 1., 0., 1., 71., 2., 1., 4.,
       6., 0., 0., 13., 155., 8., 0., 0., 0., 0., 0., 128., 114., 3., 0.,
       0., 0., 0., 1., 60., 2., 0., 0., 0., 11., 8., 0., 1., 74., 12.,
       0., 0., 7., 1., 0., 2., 155., 113., 0., 0., 0., 0., 0., 4., 126.,
       48., 0., 1., 0., 0., 0., 1., 1., 0., 0., 0., 33., 25., 0., 0.,
       16., 12., 0., 0., 6., 3., 0., 0., 155., 144., 0., 0., 1., 0., 0.,
       0., 129., 98., 0., 0., 0., 0., 0., 0., 0., 0., 0., 54., 172., 0.,
       0., 0., 95., 6., 1., 5., 13., 0., 0., 3., 172., 8., 0., 0., 0.,
       0., 0., 6., 46., 1., 0., 0., 0., 0., 1., 8., 0., 0., 0., 53.,
       172., 0., 0., 0., 113., 9., 0., 2., 7., 0., 0., 5., 172., 23., 0.,
       0., 0., 0., 0., 6., 64., 7., 2., 0., 0., 0., 0., 1., 1., 0., 0.,
       38., 121., 0., 0., 0., 113., 4., 0., 1., 2., 0., 0., 16., 172.,
       7., 0., 0., 0., 0., 0., 32., 61., 3., 2., 2., 1., 0., 0., 3., 1.,
       0., 0., 19., 61., 0., 0., 1., 101., 5., 0., 0., 0., 0., 0., 6.,
       172., 7., 0., 0., 0., 0., 0., 11., 43., 2., 0., 0., 0., 1., 3.,
       4., 0., 0., 138., 28., 0., 0., 0., 0., 51., 67., 138., 13., 0.,
       0., 0., 0., 138., 121., 15., 0., 0., 0., 0., 0., 36., 11., 0., 0.,
       0., 0., 0., 0., 1., 0., 10., 2., 0., 1., 4., 4., 104., 14., 4.,
       1., 0., 1., 9., 31., 138., 41., 0., 0., 0., 0., 1., 32., 74., 8.,
       0., 0., 0., 0., 0., 2., 15., 3., 0., 0., 0., 22., 12., 9., 88.,
       31., 0., 0., 0., 1., 14., 133., 138., 26., 0., 0., 0., 0., 2.,
       138., 48., 3., 0., 0., 0., 0., 0., 17., 5., 5., 0., 0., 26., 138.,
       17., 0., 49., 129., 2., 0., 11., 14., 0., 7., 103., 138., 0., 0.,
       0., 0., 0., 13., 30., 43., 0., 0., 0., 0., 0., 2., 0., 0., 146.,
       29., 0., 0., 1., 1., 20., 62., 146., 18., 0., 0., 0., 0., 114.,
       142., 44., 0., 0., 0., 0., 0., 21., 12., 0., 0., 0., 0., 0., 0.,
       0., 0., 47., 7., 1., 2., 7., 4., 89., 26., 33., 5., 1., 2., 24.,
       25., 146., 50., 2., 0., 0., 0., 2., 31., 59., 5., 0., 0., 0., 0.,
       0., 4., 24., 13., 0., 0., 0., 7., 11., 21., 64., 49., 1., 0., 0.,
       1., 74., 140., 146., 25., 0., 0., 0., 0., 19., 146., 34., 2., 0.,
       0., 0., 1., 0., 14., 7., 19., 3., 0., 18., 90., 6., 1., 32., 146.,
       12., 0., 3., 3., 1., 12., 74., 146., 1., 0., 0., 0., 1., 19., 21.,
       27., 0., 0., 0., 0., 0., 1., 8., 1., 0., 0., 50., 17., 1., 6., 8.,
       0., 0., 0., 2., 22., 30., 22., 3., 3., 4., 1., 5., 36., 13., 15.,
       50., 32., 4., 0., 0., 0., 1., 133., 29., 8., 0., 19., 77., 4., 0.,
       4., 143., 18., 0., 0., 0., 38., 55., 61., 19., 0., 0., 0., 2.,
       133., 143., 97., 27., 0., 0., 0., 0., 2., 42., 143., 23., 6., 1.,
       21., 16., 2., 0., 1., 143., 27., 0., 0., 0., 3., 10., 33., 128.,
       2., 0., 0., 0., 21., 134., 70., 2., 0., 0., 0., 0., 1., 47., 89.,
       22., 2., 1., 3., 2., 31., 6., 23., 143., 0., 0., 0., 0., 0., 1.,
       132., 107., 0., 0., 0., 0., 0., 1., 44., 1., 0., 0., 0., 0., 0.,
       1., 3., 0., 1., 0., 1., 138., 4., 0., 0., 14., 3., 1., 0., 3., 0.,
       1., 13., 22., 0., 0., 0., 1., 1., 87., 84., 8., 0., 0., 0., 0.,
       0., 152., 39., 0., 0., 0., 0., 152., 5., 0., 0., 89., 2., 0., 0.,
       4., 0., 1., 12., 152., 0., 0., 0., 0., 0., 35., 106., 27., 0., 0.,
       0., 0., 0., 133., 44., 1., 0., 0., 1., 152., 7., 0., 0., 105., 4.,
       0., 0., 4., 0., 0., 5., 152., 5., 0., 0., 0., 0., 0., 5., 63., 1.,
       0., 0., 0., 0., 2., 6., 0., 0., 0., 0., 152., 4., 0., 0., 77., 4.,
       0., 0., 4., 1., 0., 2., 152., 12., 0., 0., 0., 0., 0., 1., 52.,
       4., 1., 0., 0., 0., 0., 1., 2., 32., 11., 0., 0., 3., 1., 1., 53.,
       123., 7., 0., 2., 1., 0., 0., 42., 70., 2., 1., 96., 67., 0., 0.,
       0., 1., 0., 0., 77., 62., 0., 0., 1., 2., 0., 0., 24., 43., 1.,
       0., 105., 54., 0., 0., 0., 0., 0., 2., 123., 58., 0., 0., 43.,
       49., 1., 8., 4., 0., 0., 0., 123., 123., 1., 2., 0., 0., 0., 16.,
       99., 22., 0., 0., 111., 2., 0., 1., 1., 0., 0., 37., 123., 4., 0.,
       0., 16., 23., 3., 84., 8., 0., 0., 0., 123., 123., 2., 7., 2., 0.,
       0., 36., 29., 0., 1., 17., 77., 0., 0., 0., 0., 0., 0., 123.,
       104., 0., 0., 0., 5., 7., 1., 123., 3., 0., 0., 0., 89., 87., 1.,
       4., 0., 101., 143., 0., 0., 0., 0., 0., 21., 142., 79., 0., 0.,
       0., 0., 0., 13., 19., 1., 0., 0., 0., 0., 0., 0., 0., 0., 0., 0.,
       0., 0., 0., 33., 85., 109., 0., 0., 6., 12., 3., 143., 143., 33.,
       0., 0., 0., 1., 4., 108., 21., 0., 0., 0., 0., 0., 0., 0., 0., 0.,
       0., 0., 0., 0., 0., 26., 2., 0., 0., 0., 91., 143., 27., 143., 4.,
       0., 0., 0., 7., 74., 143., 110., 1., 0., 0., 0., 0., 0., 20., 1.,
       0., 0., 0., 0., 0., 0., 0., 2., 1., 0., 0., 0., 47., 143., 7.,
       18., 0., 0., 0., 0., 7., 100., 88., 13., 0., 0., 0., 0., 0., 1.,
       20., 0., 0., 0., 0., 0., 0., 0., 0., 0., 21., 151., 0., 0., 0.,
       0., 0., 14., 104., 91., 0., 0., 0., 0., 0., 10., 19., 1., 0., 0.,
       0., 0., 0., 0., 0., 0., 0., 0., 0., 0., 0., 30., 57., 151., 1.,
       0., 0., 3., 3., 151., 151., 56., 0., 0., 0., 0., 5., 103., 23.,
       0., 0., 0., 0., 0., 1., 1., 0., 0., 0., 0., 0., 0., 0., 31., 3.,
       4., 0., 0., 1., 151., 52., 151., 6., 0., 0., 0., 0., 50., 151.,
       108., 0., 0., 0., 0., 0., 0., 21., 0., 0., 0., 0., 0., 0., 0., 0.,
       1., 0., 0., 0., 0., 1., 151., 21., 21., 0., 0., 0., 0., 0., 91.,
       112., 16., 0., 0., 0., 0., 0., 0., 18., 0., 0., 0., 0., 0., 0.,
       0., 0., 3., 24., 150., 0., 0., 0., 0., 0., 15., 103., 95., 0., 0.,
       0., 0., 0., 10., 19., 1., 0., 0., 0., 0., 0., 0., 0., 0., 0., 0.,
       0., 0., 0., 30., 53., 150., 1., 0., 0., 4., 3., 150., 150., 59.,
       0., 0., 0., 0., 5., 105., 23., 0., 0., 0., 0., 0., 1., 1., 0., 0.,
       0., 0., 0., 0., 0., 31., 3., 4., 0., 0., 3., 150., 55., 150., 6.,
       0., 0., 0., 0., 54., 150., 108., 1., 0., 0., 0., 0., 0., 22., 1.,
       0., 0., 0., 0., 0., 0., 0., 3., 0., 0., 0., 0., 1., 150., 34.,
       17., 0., 0., 0., 0., 0., 94., 109., 13., 0., 0., 0., 0., 0., 1.,
       20., 0., 0., 0., 0., 0., 0., 0., 0., 0., 12., 136., 1., 0., 0.,
       101., 4., 17., 78., 59., 0., 0., 0., 136., 10., 11., 11., 0., 0.,
       0., 0., 136., 7., 1., 0., 0., 0., 0., 1., 100., 27., 19., 33.,
       136., 2., 0., 0., 1., 3., 136., 136., 57., 0., 0., 0., 0., 6.,
       107., 22., 0., 0., 0., 0., 3., 2., 1., 0., 0., 0., 0., 2., 4., 1.,
       43., 4., 3., 0., 0., 8., 7., 61., 136., 7., 0., 0., 0., 0., 1.,
       136., 110., 1., 0., 0., 0., 0., 0., 20., 1., 0., 0., 0., 0., 0.,
       0., 0., 49., 40., 1., 0., 35., 54., 3., 16., 136., 127., 0., 0.,
       1., 0., 0., 50., 49., 22., 0., 0., 0., 0., 0., 9., 1., 1., 0., 1.,
       1., 0., 0., 0., 2., 20., 143., 1., 0., 0., 22., 41., 14., 103.,
       89., 0., 0., 0., 1., 10., 13., 22., 1., 0., 0., 0., 0., 1., 0.,
       0., 0., 0., 0., 0., 1., 1., 21., 48., 143., 4., 0., 0., 3., 4.,
       143., 143., 72., 0., 0., 0., 0., 9., 118., 34., 0., 0., 0., 0.,
       0., 2., 1., 1., 0., 1., 0., 0., 1., 0., 47., 9., 6., 1., 0., 0.,
       36., 96., 143., 11., 0., 0., 0., 0., 13., 143., 119., 1., 0., 0.,
       0., 0., 0., 32., 1., 0., 0., 1., 1., 1., 0., 0., 61., 101., 1.,
       0., 8., 11., 4., 31., 143., 143., 0., 0., 0., 0., 3., 82., 43.,
       22., 0., 0., 0., 0., 0., 13., 0., 0., 0., 0., 0., 1., 1., 0., 4.,
       0., 0., 0., 23., 42., 5., 9., 7., 12., 6., 0., 0., 8., 55., 31.,
       119., 47., 7., 0., 0., 1., 23., 134., 103., 15., 0., 0., 0., 0.,
       0., 62., 35., 10., 0., 14., 124., 29., 1., 9., 134., 21., 0., 0.,
       1., 2., 85., 106., 51., 1., 0., 0., 0., 1., 84., 134., 24., 0.,
       0., 0., 0., 0., 1., 69., 32., 8., 0., 32., 91., 34., 11., 7.,
       134., 31., 0., 0., 0., 1., 5., 52., 131., 2., 0., 0., 0., 0., 7.,
