%YAML:1.0
tag: !!opencv-matrix
   rows: 86
   cols: 128
   dt: f
   data: [ 0., 144., 135., 0., 0., 0., 0., 0., 20., 141., 67., 0., 0.,
       0., 0., 0., 27., 28., 2., 0., 0., 0., 0., 1., 2., 0., 0., 0., 0.,
       0., 0., 0., 40., 108., 65., 0., 0., 0., 0., 2., 144., 144., 22.,
       0., 0., 0., 0., 6., 126., 16., 0., 0., 0., 0., 0., 8., 2., 0., 0.,
       0., 0., 0., 0., 0., 87., 7., 1., 0., 0., 11., 12., 14., 144., 3.,
       0., 0., 0., 0., 0., 61., 125., 0., 0., 0., 0., 0., 0., 19., 2.,
       0., 0., 0., 0., 0., 0., 0., 31., 0., 0., 0., 0., 80., 138., 45.,
       144., 0., 0., 0., 0., 1., 33., 139., 50., 0., 0., 0., 0., 0., 0.,
       20., 0., 0., 0., 0., 0., 0., 0., 0., 3., 0., 0., 2., 47., 24., 2.,
       17., 5., 0., 0., 1., 1., 14., 43., 36., 17., 0., 0., 0., 2., 13.,
       30., 102., 99., 2., 0., 0., 0., 0., 1., 138., 38., 19., 1., 23.,
       82., 9., 2., 20., 123., 38., 0., 0., 0., 18., 105., 76., 29., 1.,
       0., 0., 0., 19., 138., 138., 51., 0., 0., 0., 0., 0., 11., 138.,
       24., 18., 1., 23., 25., 3., 7., 7., 138., 59., 0., 0., 0., 0., 9.,
       53., 125., 4., 0., 0., 0., 1., 75., 78., 5., 0., 0., 1., 0., 0.,
       14., 40., 21., 2., 1., 1., 2., 49., 38., 25., 138., 1., 0., 0.,
       0., 0., 8., 129., 108., 2., 0., 0., 0., 0., 1., 32., 1., 0., 0.,
       2., 3., 1., 1., 1., 0., 1., 1., 77., 136., 0., 0., 0., 5., 6., 5.,
       14., 11., 1., 1., 7., 29., 1., 2., 6., 2., 0., 2., 136., 15., 0.,
       0., 0., 0., 0., 57., 136., 0., 0., 0., 52., 136., 3., 1., 0., 52.,
       4., 0., 1., 7., 3., 1., 14., 136., 25., 1., 0., 0., 0., 0., 136.,
       78., 31., 22., 0., 0., 0., 4., 136., 0., 0., 0., 30., 106., 3.,
       2., 0., 47., 10., 0., 0., 5., 6., 6., 3., 136., 136., 47., 0., 0.,
       0., 0., 6., 25., 113., 136., 1., 0., 0., 0., 3., 1., 2., 3., 15.,
       40., 1., 3., 1., 7., 5., 3., 1., 2., 7., 11., 12., 5., 38., 30.,
       0., 0., 1., 63., 25., 0., 16., 95., 3., 0., 10., 68., 3., 0., 25.,
       145., 3., 0., 0., 0., 0., 20., 119., 85., 0., 0., 0., 0., 0., 17.,
       22., 1., 0., 0., 0., 0., 0., 0., 0., 0., 0., 0., 0., 0., 0., 31.,
       66., 145., 0., 0., 0., 1., 6., 145., 145., 43., 0., 0., 0., 0.,
       7., 113., 26., 0., 0., 0., 0., 0., 0., 1., 0., 0., 0., 0., 0., 0.,
       0., 33., 5., 3., 0., 0., 2., 145., 74., 145., 7., 0., 0., 0., 0.,
       33., 145., 121., 2., 0., 0., 0., 0., 0., 23., 1., 0., 0., 0., 0.,
       0., 0., 0., 0., 0., 0., 0., 0., 8., 145., 31., 23., 0., 0., 0.,
       0., 0., 83., 135., 18., 0., 0., 0., 0., 0., 1., 25., 0., 0., 0.,
       0., 0., 0., 0., 0., 101., 16., 0., 1., 16., 1., 0., 3., 155., 66.,
       0., 0., 0., 0., 0., 0., 72., 23., 0., 0., 2., 2., 0., 0., 0., 0.,
       0., 0., 38., 62., 0., 0., 92., 11., 0., 0., 19., 3., 1., 7., 155.,
       56., 0., 0., 0., 0., 0., 3., 140., 22., 0., 0., 0., 0., 0., 0.,
       2., 3., 0., 0., 7., 18., 1., 0., 34., 1., 0., 0., 12., 6., 64.,
       104., 155., 7., 0., 0., 0., 0., 25., 155., 122., 4., 0., 0., 0.,
       0., 2., 33., 3., 2., 0., 0., 0., 1., 2., 7., 0., 0., 0., 0., 1.,
       4., 155., 133., 14., 0., 0., 0., 0., 0., 78., 155., 11., 0., 0.,
       0., 0., 0., 7., 40., 0., 0., 0., 0., 0., 0., 3., 4., 68., 11., 0.,
       2., 37., 3., 0., 0., 175., 50., 0., 0., 0., 0., 0., 0., 72., 11.,
       1., 1., 0., 0., 0., 0., 0., 0., 3., 1., 0., 0., 0., 0., 68., 3.,
       0., 2., 45., 7., 2., 6., 175., 41., 0., 0., 0., 0., 0., 5., 116.,
       21., 1., 1., 0., 0., 0., 0., 1., 1., 2., 1., 0., 0., 1., 1., 32.,
       1., 0., 1., 14., 74., 175., 22., 175., 16., 0., 0., 0., 3., 62.,
       105., 122., 7., 0., 0., 0., 0., 0., 21., 3., 0., 0., 0., 0., 0.,
       0., 2., 0., 0., 0., 0., 0., 54., 175., 7., 35., 0., 0., 0., 0.,
       10., 134., 104., 23., 0., 0., 0., 1., 1., 3., 31., 0., 0., 1., 1.,
       1., 1., 0., 0., 21., 60., 3., 1., 8., 5., 0., 0., 133., 133., 0.,
       0., 0., 0., 0., 0., 53., 28., 1., 0., 0., 0., 1., 1., 2., 2., 1.,
       0., 0., 0., 1., 1., 28., 5., 3., 6., 8., 4., 0., 4., 133., 56.,
       6., 0., 0., 0., 0., 28., 97., 59., 32., 0., 0., 0., 0., 3., 3.,
       16., 8., 1., 0., 0., 0., 0., 25., 6., 2., 2., 1., 0., 27., 23.,
       104., 97., 80., 1., 1., 13., 24., 16., 14., 133., 133., 1., 1.,
       4., 0., 1., 1., 133., 71., 0., 0., 0., 0., 0., 1., 0., 0., 0., 0.,
       4., 133., 105., 1., 5., 13., 1., 14., 133., 128., 11., 0., 47.,
       41., 1., 25., 86., 3., 0., 14., 133., 26., 0., 1., 1., 0., 0., 0.,
       1., 1., 0., 18., 105., 6., 1., 3., 7., 5., 1., 1., 4., 23., 8.,
       2., 1., 4., 5., 2., 0., 35., 57., 44., 0., 0., 0., 0., 0., 11.,
       136., 9., 2., 1., 29., 136., 109., 4., 8., 79., 7., 0., 3., 11.,
       9., 113., 106., 11., 0., 0., 0., 0., 0., 136., 136., 5., 0., 0.,
       0., 0., 0., 55., 136., 27., 6., 10., 136., 87., 2., 0., 4., 136.,
       26., 1., 7., 6., 0., 8., 50., 93., 2., 0., 0., 0., 0., 36., 62.,
       3., 0., 0., 0., 1., 1., 9., 15., 33., 0., 8., 32., 2., 0., 1.,
       36., 136., 1., 0., 0., 0., 0., 0., 124., 56., 1., 0., 0., 0., 0.,
       1., 27., 1., 0., 0., 0., 0., 0., 1., 2., 26., 0., 0., 6., 84., 1.,
       0., 4., 136., 4., 1., 1., 0., 0., 0., 15., 83., 7., 5., 105., 47.,
       0., 0., 2., 3., 0., 0., 136., 87., 0., 0., 6., 40., 1., 0., 12.,
       85., 0., 0., 1., 136., 12., 6., 17., 3., 0., 0., 6., 53., 9., 8.,
       136., 87., 0., 0., 0., 29., 0., 0., 85., 51., 0., 0., 54., 40.,
       3., 0., 9., 65., 2., 0., 2., 136., 45., 28., 50., 4., 0., 0., 4.,
       15., 7., 16., 136., 54., 0., 0., 13., 94., 0., 0., 18., 7., 0.,
       0., 136., 9., 8., 3., 8., 44., 3., 0., 0., 18., 34., 39., 23., 1.,
       0., 0., 1., 38., 1., 11., 36., 5., 0., 0., 59., 97., 0., 0., 0.,
       0., 0., 0., 136., 4., 0., 0., 0., 76., 28., 2., 6., 14., 0., 0.,
       0., 2., 23., 32., 38., 7., 22., 1., 0., 8., 44., 10., 2., 62.,
       132., 0., 0., 0., 1., 0., 0., 25., 3., 0., 0., 132., 29., 0., 3.,
       132., 7., 0., 0., 7., 41., 20., 49., 13., 1., 0., 0., 46., 132.,
       14., 11., 29., 62., 0., 0., 7., 31., 0., 0., 22., 2., 0., 0.,
       132., 45., 0., 1., 132., 28., 0., 0., 8., 12., 3., 9., 69., 6.,
       0., 0., 48., 132., 7., 10., 3., 9., 0., 0., 45., 132., 0., 0., 8.,
       3., 0., 1., 132., 31., 0., 0., 132., 44., 0., 1., 15., 2., 0., 1.,
       121., 17., 0., 0., 15., 72., 3., 6., 0., 0., 0., 0., 60., 132.,
       0., 0., 0., 0., 140., 27., 0., 0., 32., 2., 10., 48., 140., 15.,
       0., 0., 26., 5., 76., 116., 40., 0., 0., 0., 4., 10., 12., 6., 0.,
       1., 1., 1., 3., 2., 1., 6., 101., 12., 1., 1., 1., 0., 75., 48.,
       82., 5., 1., 1., 2., 17., 140., 70., 7., 0., 0., 0., 0., 18., 37.,
       8., 3., 0., 0., 0., 1., 2., 3., 3., 1., 0., 1., 60., 55., 8., 82.,
       11., 0., 0., 1., 7., 11., 140., 140., 13., 0., 0., 0., 0., 1.,
       140., 26., 4., 1., 0., 0., 0., 1., 11., 2., 0., 0., 0., 41., 140.,
       51., 2., 60., 99., 4., 2., 40., 41., 4., 22., 102., 140., 0., 0.,
       0., 0., 0., 23., 15., 21., 0., 0., 0., 0., 0., 2., 1., 1., 1., 0.,
       23., 90., 10., 3., 3., 7., 6., 3., 2., 3., 24., 26., 108., 32.,
       7., 0., 0., 0., 13., 129., 100., 12., 0., 0., 0., 0., 0., 71.,
       10., 1., 0., 13., 135., 110., 3., 8., 93., 5., 0., 1., 14., 8.,
       68., 135., 47., 0., 0., 0., 0., 0., 73., 135., 27., 1., 0., 0.,
       0., 0., 0., 68., 20., 5., 9., 132., 125., 3., 0., 1., 135., 32.,
       1., 8., 12., 0., 3., 33., 121., 4., 0., 0., 0., 0., 9., 58., 2.,
       1., 1., 2., 1., 0., 1., 7., 25., 1., 15., 54., 3., 0., 0., 20.,
       135., 3., 0., 2., 0., 0., 0., 102., 88., 2., 1., 1., 1., 0., 0.,
       25., 1., 0., 1., 3., 4., 1., 0., 0., 0., 19., 147., 3., 0., 0.,
       0., 0., 23., 118., 107., 0., 0., 0., 0., 0., 22., 24., 5., 0., 0.,
       0., 0., 1., 2., 1., 0., 0., 0., 1., 1., 0., 32., 44., 147., 1.,
       0., 0., 1., 0., 147., 135., 45., 0., 0., 0., 0., 1., 128., 17.,
       1., 0., 0., 0., 0., 3., 1., 0., 2., 2., 0., 0., 0., 0., 37., 6.,
       1., 0., 0., 1., 147., 31., 147., 9., 0., 0., 0., 0., 42., 110.,
