%YAML:1.0
tag: !!opencv-matrix
   rows: 110
   cols: 128
   dt: f
   data: [ 4., 3., 6., 6., 1., 0., 2., 1., 24., 1., 5., 10., 3., 0., 1.,
       24., 104., 0., 0., 1., 0., 1., 67., 155., 11., 0., 0., 0., 0.,
       14., 155., 50., 6., 3., 4., 5., 3., 4., 5., 5., 102., 6., 3., 2.,
       1., 1., 3., 26., 155., 10., 0., 0., 0., 0., 5., 96., 64., 5., 0.,
       0., 0., 5., 43., 27., 3., 2., 6., 5., 3., 3., 5., 4., 84., 25.,
       4., 2., 0., 0., 2., 8., 155., 155., 28., 0., 0., 0., 0., 9., 25.,
       155., 55., 1., 1., 0., 1., 3., 1., 0., 0., 2., 2., 3., 6., 2., 7.,
       14., 2., 4., 3., 1., 2., 3., 12., 143., 44., 1., 0., 0., 0., 0.,
       0., 155., 106., 0., 0., 0., 0., 0., 2., 4., 1., 4., 4., 2., 2.,
       0., 33., 10., 1., 1., 2., 3., 4., 18., 68., 0., 0., 0., 0., 2.,
       105., 157., 4., 0., 1., 0., 0., 1., 157., 59., 7., 3., 1., 0., 1.,
       4., 5., 4., 118., 5., 1., 1., 5., 9., 4., 8., 157., 15., 0., 0.,
       0., 0., 12., 96., 61., 5., 7., 3., 3., 1., 77., 45., 3., 6., 6.,
       3., 5., 1., 1., 1., 95., 16., 4., 3., 4., 1., 0., 2., 157., 157.,
       52., 1., 0., 0., 0., 1., 37., 50., 157., 28., 1., 0., 0., 0., 1.,
       0., 0., 1., 4., 4., 1., 2., 25., 11., 0., 0., 0., 0., 0., 5., 25.,
       90., 77., 1., 0., 0., 0., 0., 0., 16., 157., 21., 0., 0., 0., 0.,
       5., 52., 44., 5., 1., 0., 0., 0., 7., 10., 98., 69., 1., 2., 2.,
       9., 79., 1., 21., 29., 0., 0., 2., 151., 28., 0., 1., 1., 0., 0.,
       25., 151., 3., 4., 2., 1., 2., 2., 1., 0., 54., 2., 3., 6., 5.,
       5., 3., 15., 151., 7., 0., 0., 0., 0., 1., 151., 97., 4., 2., 4.,
       2., 0., 1., 73., 5., 6., 1., 0., 1., 1., 0., 0., 59., 12., 1., 2.,
       5., 5., 1., 4., 151., 105., 0., 0., 0., 0., 0., 10., 110., 36.,
       1., 8., 18., 6., 1., 3., 2., 4., 1., 1., 1., 0., 0., 2., 14., 12.,
       1., 1., 2., 3., 1., 1., 151., 151., 0., 0., 0., 1., 0., 0., 104.,
       130., 0., 0., 10., 10., 1., 0., 11., 0., 0., 3., 145., 24., 0.,
       1., 145., 0., 0., 1., 30., 4., 0., 9., 57., 2., 1., 2., 4., 1.,
       0., 3., 0., 1., 1., 59., 77., 1., 0., 0., 17., 0., 0., 13., 145.,
       2., 0., 0., 145., 1., 0., 3., 41., 0., 0., 11., 66., 0., 0., 1.,
       13., 4., 1., 5., 0., 0., 0., 18., 145., 2., 0., 0., 19., 0., 0.,
       12., 145., 1., 0., 1., 145., 2., 0., 2., 35., 0., 0., 15., 65.,
       1., 0., 3., 19., 4., 1., 3., 0., 0., 0., 5., 145., 4., 0., 0.,
       17., 0., 0., 6., 145., 3., 0., 2., 145., 1., 0., 1., 22., 1., 0.,
       12., 48., 2., 1., 2., 16., 2., 2., 5., 0., 0., 0., 8., 145., 4.,
       1., 0., 11., 1., 6., 11., 6., 8., 23., 26., 5., 4., 7., 16., 27.,
       68., 75., 22., 33., 0., 2., 27., 26., 37., 38., 143., 18., 0., 0.,
       1., 1., 4., 143., 143., 41., 12., 12., 7., 4., 6., 6., 26., 51.,
       15., 41., 74., 25., 29., 18., 24., 143., 28., 5., 8., 8., 14.,
       12., 143., 61., 16., 12., 4., 1., 1., 7., 91., 4., 3., 9., 20.,
       3., 1., 1., 2., 49., 12., 16., 31., 7., 4., 13., 20., 143., 143.,
       83., 2., 0., 0., 1., 15., 16., 129., 143., 0., 1., 0., 0., 2., 6.,
       3., 3., 5., 1., 0., 0., 3., 7., 5., 3., 2., 5., 2., 4., 6., 2.,
       33., 50., 4., 6., 9., 1., 1., 0., 45., 125., 1., 0., 4., 2., 0.,
       1., 0., 0., 1., 2., 3., 1., 0., 1., 0., 3., 58., 16., 0., 0., 0.,
       14., 1., 14., 105., 6., 0., 3., 70., 6., 0., 1., 18., 1., 0., 27.,
       144., 0., 2., 3., 2., 10., 2., 0., 0., 20., 2., 2., 80., 124.,
       12., 0., 4., 144., 11., 5., 41., 21., 3., 1., 144., 73., 6., 2.,
       1., 1., 0., 9., 144., 1., 4., 10., 4., 7., 3., 1., 1., 20., 4.,
       9., 16., 115., 64., 4., 2., 144., 133., 0., 2., 25., 29., 10.,
       27., 108., 111., 9., 8., 3., 1., 0., 10., 4., 2., 2., 5., 16., 5.,
       2., 2., 13., 2., 6., 17., 37., 16., 15., 26., 65., 58., 4., 3.,
       15., 20., 60., 43., 31., 144., 71., 19., 7., 3., 2., 1., 0., 1.,
       1., 1., 1., 0., 0., 0., 2., 1., 1., 11., 30., 12., 1., 3., 56.,
       19., 0., 2., 23., 21., 28., 136., 140., 48., 0., 0., 2., 2., 7.,
       140., 0., 1., 0., 4., 4., 0., 0., 0., 48., 6., 2., 38., 26., 0.,
       1., 8., 140., 12., 1., 4., 2., 1., 10., 140., 63., 7., 4., 2., 2.,
       2., 23., 140., 0., 0., 0., 5., 15., 3., 0., 0., 63., 15., 0., 19.,
       49., 14., 1., 1., 140., 140., 36., 1., 1., 1., 0., 14., 45., 119.,
       140., 4., 2., 1., 2., 9., 0., 1., 2., 2., 5., 5., 0., 0., 8., 6.,
       1., 10., 26., 24., 1., 5., 26., 91., 33., 0., 2., 4., 31., 52.,
       2., 53., 140., 1., 0., 13., 75., 9., 36., 140., 3., 0., 0., 0.,
       0., 0., 5., 140., 31., 0., 20., 37., 1., 0., 0., 26., 14., 0.,
       25., 140., 62., 0., 5., 9., 0., 0., 0., 78., 140., 18., 4., 91.,
       7., 0., 0., 0., 2., 2., 16., 140., 106., 0., 0., 4., 5., 3., 109.,
       140., 55., 0., 0., 24., 19., 6., 18., 12., 2., 1., 0., 20., 80.,
       9., 0., 1., 0., 0., 0., 1., 3., 1., 52., 27., 8., 1., 1., 17.,
       15., 11., 140., 108., 9., 1., 0., 1., 2., 28., 34., 22., 39., 42.,
       1., 2., 1., 6., 0., 0., 0., 0., 0., 0., 0., 0., 8., 13., 2., 1.,
       1., 1., 0., 0., 45., 140., 34., 2., 0., 0., 0., 1., 5., 49., 112.,
       77., 0., 0., 2., 10., 0., 0., 0., 0., 0., 0., 0., 0., 53., 0., 0.,
       0., 0., 2., 2., 19., 148., 1., 0., 2., 1., 0., 0., 100., 47., 0.,
       14., 73., 20., 0., 0., 27., 0., 0., 0., 1., 2., 1., 0., 0., 71.,
       7., 1., 2., 24., 12., 14., 26., 148., 29., 0., 3., 13., 1., 5.,
       54., 48., 3., 3., 82., 148., 7., 0., 3., 18., 2., 1., 1., 1., 0.,
       0., 20., 56., 2., 1., 1., 7., 3., 78., 148., 110., 3., 0., 0.,
       11., 4., 66., 148., 20., 1., 0., 2., 148., 103., 1., 12., 60., 8.,
       0., 0., 0., 3., 6., 23., 148., 87., 14., 0., 0., 0., 10., 98., 9.,
       43., 18., 1., 3., 2., 16., 30., 2., 4., 1., 0., 13., 67., 5., 2.,
       0., 0., 0., 0., 0., 0., 0., 0., 8., 3., 1., 5., 9., 8., 4., 5.,
       33., 38., 18., 1., 1., 5., 77., 67., 1., 31., 110., 0., 0., 24.,
       154., 15., 0., 0., 0., 0., 1., 0., 0., 0., 58., 12., 2., 18., 38.,
       1., 0., 3., 154., 14., 1., 3., 3., 1., 47., 129., 49., 1., 0., 0.,
       1., 38., 154., 55., 0., 0., 0., 0., 3., 1., 0., 0., 64., 9., 0.,
       2., 73., 18., 0., 1., 154., 144., 17., 0., 8., 2., 1., 6., 68.,
       76., 107., 2., 3., 5., 5., 4., 0., 0., 0., 0., 2., 1., 0., 0.,
       11., 4., 0., 0., 45., 32., 5., 2., 56., 121., 59., 1., 5., 13.,
       9., 3., 3., 83., 154., 0., 0., 3., 3., 0., 2., 1., 1., 2., 1., 1.,
       1., 1., 12., 2., 3., 1., 2., 1., 3., 16., 14., 1., 2., 1., 1.,
       14., 94., 75., 19., 21., 1., 0., 0., 65., 105., 8., 0., 0., 1.,
       1., 4., 7., 1., 0., 103., 3., 2., 1., 1., 3., 1., 17., 138., 8.,
       0., 0., 0., 11., 73., 138., 30., 4., 0., 0., 0., 138., 138., 33.,
       1., 0., 3., 8., 2., 2., 0., 1., 91., 19., 1., 2., 1., 1., 2., 4.,
       138., 138., 27., 0., 0., 0., 1., 6., 36., 135., 91., 0., 0., 13.,
       22., 4., 6., 1., 1., 2., 0., 1., 2., 2., 11., 14., 2., 2., 3., 0.,
       1., 3., 13., 137., 54., 1., 1., 0., 0., 1., 0., 138., 138., 0.,
       0., 0., 0., 0., 0., 3., 7., 4., 7., 5., 4., 2., 3., 5., 10., 26.,
       29., 5., 1., 1., 18., 13., 24., 13., 2., 0., 22., 41., 1., 1., 4.,
       3., 1., 18., 95., 17., 0., 2., 4., 19., 17., 5., 3., 0., 45., 7.,
       5., 88., 74., 4., 0., 4., 142., 29., 6., 15., 5., 1., 43., 142.,
       33., 13., 3., 0., 0., 38., 142., 81., 1., 8., 12., 10., 21., 8.,
       1., 0., 44., 6., 1., 14., 74., 70., 7., 6., 142., 142., 31., 1.,
       3., 13., 6., 21., 34., 142., 142., 0., 0., 3., 22., 10., 21., 6.,
       11., 4., 1., 8., 57., 60., 2., 1., 1., 1., 9., 116., 74., 7., 9.,
       58., 24., 0., 4., 51., 11., 1., 0., 102., 130., 1., 1., 5., 5.,
       0., 70., 139., 0., 0., 0., 0., 0., 0., 31., 139., 15., 2., 32.,
       21., 0., 0., 0., 20., 10., 8., 90., 139., 40., 0., 1., 5., 4., 1.,
       4., 55., 139., 40., 8., 64., 1., 0., 0., 0., 0., 0., 18., 139.,
       55., 0., 1., 2., 0., 1., 96., 139., 38., 0., 2., 44., 32., 9.,
       21., 5., 1., 2., 0., 19., 131., 29., 4., 6., 0., 0., 0., 0., 0.,
