%YAML:1.0
tag: !!opencv-matrix
   rows: 98
   cols: 128
   dt: f
   data: [ 0., 0., 0., 11., 146., 0., 0., 0., 77., 1., 0., 4., 36., 0.,
       0., 0., 146., 1., 0., 0., 17., 22., 3., 10., 7., 1., 0., 0., 90.,
       85., 1., 2., 0., 0., 0., 13., 146., 0., 0., 0., 98., 3., 0., 2.,
       43., 0., 0., 1., 146., 1., 0., 0., 7., 11., 1., 12., 19., 0., 0.,
       0., 111., 102., 1., 4., 0., 0., 0., 14., 146., 0., 0., 0., 96.,
       1., 0., 1., 36., 1., 0., 5., 146., 4., 0., 0., 2., 2., 1., 9.,
       30., 0., 0., 0., 80., 71., 1., 3., 0., 0., 0., 14., 146., 0., 0.,
       0., 74., 4., 0., 2., 20., 0., 0., 1., 146., 5., 0., 0., 0., 0.,
       0., 3., 33., 0., 0., 0., 31., 29., 1., 1., 1., 92., 147., 0., 0.,
       0., 2., 1., 41., 147., 73., 0., 0., 0., 1., 2., 27., 29., 0., 0.,
       0., 0., 0., 0., 0., 0., 0., 0., 0., 0., 0., 0., 47., 65., 79., 0.,
       0., 0., 0., 1., 147., 128., 18., 0., 0., 0., 0., 1., 136., 17.,
       0., 0., 0., 0., 0., 0., 1., 0., 0., 0., 0., 0., 0., 0., 46., 2.,
       1., 0., 0., 0., 75., 69., 147., 3., 0., 0., 0., 0., 17., 133.,
       135., 0., 0., 0., 0., 0., 0., 18., 1., 0., 0., 0., 0., 0., 0., 0.,
       1., 0., 1., 0., 0., 0., 147., 95., 42., 1., 1., 0., 0., 0., 71.,
       147., 27., 0., 0., 0., 0., 0., 0., 28., 0., 0., 0., 0., 0., 0.,
       0., 0., 0., 85., 146., 0., 0., 0., 0., 0., 18., 135., 76., 0., 0.,
       0., 0., 0., 10., 17., 1., 0., 0., 0., 0., 0., 0., 0., 0., 0., 0.,
       0., 0., 0., 34., 88., 136., 1., 0., 6., 13., 3., 146., 146., 39.,
       0., 0., 0., 1., 5., 98., 20., 0., 0., 0., 0., 0., 0., 0., 0., 0.,
       0., 0., 0., 0., 0., 27., 1., 1., 0., 0., 79., 146., 30., 146., 4.,
       0., 0., 0., 6., 78., 146., 99., 1., 0., 0., 0., 0., 0., 19., 0.,
       0., 0., 0., 0., 0., 0., 0., 0., 0., 0., 0., 0., 43., 146., 7.,
       17., 0., 0., 0., 0., 7., 92., 84., 11., 0., 0., 0., 0., 0., 1.,
       17., 0., 0., 0., 0., 0., 0., 0., 0., 0., 18., 153., 7., 0., 0.,
       0., 0., 14., 106., 96., 0., 0., 0., 0., 0., 10., 19., 2., 1., 1.,
       2., 0., 0., 1., 1., 0., 0., 1., 1., 1., 1., 30., 47., 153., 11.,
       0., 0., 12., 8., 153., 153., 66., 0., 0., 0., 1., 15., 102., 23.,
       0., 1., 0., 1., 1., 2., 2., 0., 0., 1., 1., 1., 1., 1., 21., 2.,
       3., 1., 0., 0., 153., 63., 153., 4., 0., 0., 0., 0., 94., 153.,
       91., 0., 0., 0., 0., 1., 1., 29., 0., 0., 0., 0., 0., 1., 1., 1.,
       0., 0., 0., 0., 0., 0., 153., 17., 6., 0., 0., 0., 0., 0., 85.,
       72., 5., 0., 0., 0., 0., 0., 2., 15., 0., 0., 0., 0., 0., 0., 1.,
       0., 0., 20., 153., 1., 0., 0., 0., 0., 11., 97., 82., 0., 0., 0.,
       0., 0., 8., 16., 1., 0., 0., 0., 0., 0., 0., 0., 0., 0., 0., 0.,
       0., 0., 30., 63., 153., 1., 0., 1., 7., 6., 153., 153., 68., 0.,
       0., 0., 0., 10., 95., 23., 0., 0., 0., 0., 0., 1., 0., 0., 0., 0.,
       0., 0., 0., 0., 32., 5., 7., 0., 0., 4., 153., 68., 153., 9., 0.,
       0., 0., 0., 55., 153., 97., 1., 0., 0., 0., 0., 0., 22., 0., 0.,
       0., 0., 0., 0., 0., 0., 0., 0., 0., 0., 0., 1., 153., 24., 14.,
       0., 0., 0., 0., 0., 89., 104., 9., 0., 0., 0., 0., 0., 1., 17.,
       0., 0., 0., 0., 0., 0., 0., 0., 40., 2., 0., 0., 33., 5., 0., 10.,
       150., 5., 0., 0., 0., 0., 21., 149., 37., 1., 0., 0., 0., 0., 82.,
       135., 0., 0., 0., 0., 0., 0., 43., 36., 66., 6., 0., 1., 59., 6.,
       0., 1., 150., 31., 0., 0., 0., 0., 0., 7., 133., 8., 0., 0., 0.,
       0., 1., 8., 2., 1., 0., 0., 0., 0., 1., 1., 31., 2., 0., 0., 52.,
       28., 50., 61., 150., 11., 0., 0., 0., 0., 20., 150., 121., 3., 0.,
       0., 0., 0., 0., 23., 2., 0., 0., 0., 0., 0., 0., 1., 1., 0., 0.,
       0., 7., 26., 150., 107., 22., 0., 0., 0., 0., 0., 72., 150., 14.,
       0., 0., 0., 0., 0., 2., 29., 0., 0., 0., 0., 0., 0., 0., 0., 0.,
       4., 108., 88., 0., 0., 0., 0., 32., 96., 105., 17., 0., 0., 0.,
       0., 27., 29., 2., 0., 0., 0., 0., 0., 0., 0., 0., 0., 0., 0., 0.,
       0., 26., 20., 147., 147., 0., 0., 0., 0., 147., 102., 57., 12.,
       0., 0., 0., 2., 140., 15., 0., 0., 0., 0., 0., 1., 1., 0., 0., 0.,
       0., 0., 0., 0., 53., 3., 16., 18., 0., 0., 12., 49., 147., 3., 1.,
       0., 0., 0., 3., 96., 143., 0., 0., 0., 0., 0., 0., 14., 1., 0.,
       0., 0., 0., 0., 0., 0., 4., 0., 0., 0., 0., 0., 108., 147., 67.,
       0., 0., 0., 0., 0., 40., 147., 33., 0., 0., 0., 0., 0., 0., 30.,
       0., 0., 0., 0., 0., 0., 0., 0., 0., 6., 140., 43., 0., 0., 0., 0.,
       13., 83., 102., 6., 0., 0., 0., 0., 12., 22., 2., 0., 0., 0., 0.,
       0., 0., 0., 0., 0., 0., 0., 0., 0., 20., 33., 140., 84., 0., 0.,
       2., 6., 140., 140., 85., 6., 0., 0., 0., 12., 116., 28., 0., 0.,
       0., 0., 0., 2., 1., 0., 0., 0., 0., 0., 0., 0., 21., 5., 19., 6.,
       0., 0., 140., 120., 140., 10., 1., 0., 0., 0., 54., 140., 105.,
       1., 0., 0., 0., 0., 0., 32., 1., 0., 0., 0., 0., 0., 0., 0., 0.,
       1., 2., 0., 0., 0., 140., 83., 9., 1., 1., 0., 0., 0., 73., 110.,
       9., 0., 0., 0., 0., 0., 1., 19., 0., 0., 0., 0., 0., 0., 0., 0.,
       0., 79., 140., 0., 0., 0., 1., 0., 17., 127., 83., 0., 0., 0., 0.,
       0., 13., 22., 1., 0., 0., 0., 0., 0., 0., 0., 0., 0., 0., 0., 0.,
       0., 25., 89., 140., 0., 0., 0., 2., 4., 140., 140., 43., 0., 0.,
       0., 0., 8., 114., 27., 0., 0., 0., 0., 0., 1., 1., 0., 0., 0., 0.,
       0., 0., 0., 23., 4., 2., 0., 0., 0., 140., 98., 140., 7., 0., 0.,
       0., 0., 47., 140., 107., 1., 0., 0., 0., 0., 0., 30., 1., 0., 0.,
       0., 0., 0., 0., 0., 0., 1., 2., 0., 0., 0., 140., 78., 10., 1.,
       1., 0., 0., 0., 76., 122., 9., 0., 0., 0., 0., 0., 1., 19., 0.,
       0., 0., 0., 0., 0., 0., 0., 0., 84., 141., 0., 0., 0., 1., 0.,
       13., 132., 77., 0., 0., 0., 0., 0., 11., 22., 1., 0., 0., 0., 0.,
       0., 0., 0., 0., 0., 0., 0., 0., 0., 25., 106., 141., 0., 0., 7.,
       24., 7., 141., 141., 41., 0., 0., 0., 2., 13., 113., 30., 0., 0.,
       0., 0., 0., 1., 1., 0., 0., 0., 0., 0., 0., 0., 18., 4., 1., 0.,
       0., 77., 141., 36., 141., 8., 0., 0., 0., 5., 90., 141., 112., 1.,
       0., 0., 0., 0., 0., 29., 1., 0., 0., 0., 0., 0., 0., 0., 0., 0.,
       0., 0., 0., 36., 138., 5., 10., 0., 0., 0., 0., 5., 93., 76., 11.,
       0., 0., 0., 0., 0., 2., 21., 0., 0., 0., 0., 0., 0., 0., 0., 0.,
       122., 140., 0., 0., 0., 0., 0., 17., 140., 76., 0., 0., 0., 0.,
       0., 12., 22., 1., 0., 0., 0., 0., 0., 0., 0., 0., 0., 0., 0., 0.,
       0., 26., 89., 89., 0., 1., 1., 0., 2., 140., 140., 31., 0., 0.,
       0., 0., 5., 115., 25., 0., 0., 0., 0., 0., 1., 1., 0., 0., 0., 0.,
       0., 0., 0., 26., 1., 0., 0., 1., 1., 88., 88., 140., 4., 0., 0.,
       0., 0., 32., 140., 115., 1., 0., 0., 0., 0., 0., 25., 1., 0., 0.,
       0., 0., 0., 0., 0., 0., 0., 0., 0., 0., 0., 140., 120., 18., 0.,
       0., 0., 0., 0., 75., 140., 12., 0., 0., 0., 0., 0., 1., 22., 0.,
       0., 0., 0., 0., 0., 0., 0., 0., 16., 150., 0., 0., 0., 0., 0., 8.,
       85., 90., 0., 0., 0., 0., 0., 7., 19., 2., 0., 0., 0., 0., 0., 0.,
       0., 0., 0., 0., 0., 0., 0., 19., 61., 150., 0., 0., 0., 8., 5.,
       150., 150., 81., 0., 0., 0., 1., 10., 106., 33., 0., 0., 0., 0.,
       0., 1., 1., 0., 0., 0., 0., 0., 0., 0., 22., 7., 11., 0., 0., 1.,
       150., 58., 150., 15., 1., 0., 0., 0., 71., 150., 112., 2., 0., 0.,
       0., 0., 0., 31., 1., 0., 0., 0., 0., 0., 0., 0., 0., 0., 0., 0.,
       0., 1., 150., 17., 11., 0., 0., 0., 0., 0., 94., 98., 10., 0., 0.,
       0., 0., 0., 2., 21., 0., 0., 0., 0., 0., 0., 0., 0., 0., 121.,
       140., 0., 0., 0., 0., 0., 12., 138., 71., 0., 0., 0., 0., 0., 9.,
       20., 1., 0., 0., 0., 0., 0., 0., 0., 0., 0., 0., 0., 0., 0., 23.,
       101., 99., 0., 1., 1., 0., 1., 140., 140., 37., 0., 0., 0., 0.,
       4., 110., 28., 0., 0., 0., 0., 0., 1., 1., 0., 0., 0., 0., 0., 0.,
       0., 27., 2., 0., 0., 1., 1., 81., 79., 140., 5., 0., 0., 0., 0.,
       28., 140., 119., 1., 0., 0., 0., 0., 0., 23., 1., 0., 0., 0., 0.,
       0., 0., 0., 0., 0., 0., 0., 0., 0., 140., 122., 23., 0., 0., 0.,
