%YAML:1.0
tag: !!opencv-matrix
   rows: 115
   cols: 128
   dt: f
   data: [ 0., 1., 3., 0., 3., 116., 99., 0., 14., 6., 13., 0., 11., 98.,
       22., 13., 119., 20., 4., 0., 1., 2., 2., 83., 84., 5., 0., 0., 0.,
       0., 0., 46., 0., 2., 20., 10., 52., 86., 31., 0., 21., 1., 1., 3.,
       119., 119., 10., 6., 119., 21., 0., 0., 12., 12., 7., 32., 115.,
       8., 1., 0., 0., 0., 0., 11., 0., 32., 119., 17., 17., 3., 0., 0.,
       2., 18., 110., 16., 65., 60., 25., 8., 92., 37., 56., 0., 3., 15.,
       35., 62., 58., 62., 53., 0., 0., 0., 0., 6., 0., 18., 83., 1., 0.,
       30., 41., 0., 0., 31., 119., 1., 2., 13., 4., 1., 2., 54., 119.,
       0., 0., 0., 10., 6., 27., 92., 100., 0., 0., 0., 7., 8., 0., 0.,
       0., 2., 36., 113., 18., 0., 0., 1., 5., 8., 17., 117., 68., 0.,
       3., 2., 8., 3., 1., 101., 59., 0., 28., 63., 5., 0., 0., 24., 17.,
       0., 0., 0., 0., 37., 62., 21., 2., 0., 6., 14., 38., 113., 89.,
       36., 9., 0., 57., 39., 26., 8., 2., 83., 68., 12., 5., 6., 1., 0.,
       0., 117., 116., 6., 0., 0., 2., 114., 82., 0., 0., 0., 37., 11.,
       8., 110., 117., 0., 0., 2., 117., 41., 5., 6., 4., 2., 7., 28.,
       37., 10., 1., 0., 0., 53., 63., 21., 0., 0., 2., 109., 78., 22.,
       1., 0., 13., 20., 8., 80., 31., 21., 6., 0., 87., 117., 8., 1.,
       0., 2., 2., 1., 17., 117., 34., 0., 0., 2., 3., 2., 0., 0., 75.,
       117., 17., 0., 0., 1., 4., 21., 83., 53., 58., 37., 5., 1., 9.,
       36., 11., 1., 5., 99., 48., 5., 0., 81., 63., 1., 0., 52., 25.,
       0., 4., 1., 31., 117., 41., 19., 50., 21., 45., 59., 52., 11., 8.,
       62., 47., 8., 117., 50., 3., 0., 1., 46., 55., 30., 10., 4., 8.,
       2., 1., 117., 117., 7., 67., 60., 19., 27., 20., 16., 33., 41.,
       52., 9., 14., 36., 96., 81., 30., 26., 117., 16., 15., 36., 9.,
       7., 4., 43., 38., 55., 71., 53., 3., 12., 25., 4., 11., 71., 49.,
       10., 2., 50., 14., 0., 45., 49., 64., 38., 15., 6., 2., 8., 73.,
       30., 41., 88., 8., 0., 0., 22., 85., 19., 14., 59., 6., 0., 0.,
       59., 9., 131., 86., 0., 0., 4., 72., 50., 10., 116., 36., 1., 0.,
       0., 21., 67., 2., 10., 3., 46., 30., 0., 0., 6., 0., 0., 0., 62.,
       44., 0., 0., 0., 17., 131., 89., 0., 0., 93., 90., 17., 131.,
       131., 45., 4., 1., 3., 19., 66., 37., 29., 5., 102., 52., 0., 0.,
       4., 0., 0., 0., 32., 22., 0., 0., 0., 27., 5., 0., 0., 0., 129.,
       131., 55., 81., 7., 0., 25., 24., 13., 125., 131., 15., 1., 1.,
       77., 52., 0., 1., 11., 0., 0., 0., 4., 2., 0., 0., 0., 18., 0.,
       0., 7., 7., 7., 29., 30., 0., 0., 0., 77., 63., 5., 21., 5., 0.,
       0., 0., 29., 20., 0., 0., 0., 0., 0., 0., 0., 0., 0., 0., 0., 7.,
       0., 0., 0., 0., 0., 0., 0., 116., 9., 3., 7., 1., 0., 0., 1., 18.,
       5., 72., 90., 17., 1., 0., 0., 0., 0., 126., 40., 67., 54., 14.,
       0., 7., 0., 0., 0., 0., 0., 0., 0., 110., 8., 2., 16., 31., 8.,
       0., 2., 9., 2., 64., 129., 129., 89., 27., 1., 0., 1., 129., 49.,
       12., 25., 118., 2., 6., 0., 0., 0., 0., 0., 0., 0., 129., 2., 0.,
       0., 9., 16., 3., 8., 18., 0., 0., 2., 47., 129., 129., 5., 0., 0.,
       2., 27., 13., 49., 129., 2., 5., 0., 0., 0., 0., 0., 0., 0., 123.,
       4., 0., 0., 0., 0., 1., 2., 30., 1., 0., 5., 12., 5., 16., 3., 0.,
       0., 1., 127., 99., 6., 15., 0., 0., 4., 4., 2., 0., 22., 18., 0.,
       0., 1., 14., 17., 2., 52., 34., 0., 0., 7., 12., 3., 1., 43., 29.,
       0., 0., 0., 0., 0., 0., 18., 14., 0., 1., 77., 112., 29., 2., 0.,
       0., 0., 8., 29., 111., 126., 27., 3., 1., 1., 108., 126., 85.,
       27., 2., 13., 13., 12., 23., 7., 0., 0., 0., 44., 43., 5., 19.,
       73., 71., 38., 24., 8., 59., 26., 54., 29., 26., 126., 85., 1.,
       2., 7., 126., 126., 9., 14., 3., 0., 1., 32., 47., 33., 0., 1.,
       1., 4., 4., 6., 2., 0., 0., 84., 111., 19., 45., 14., 20., 6., 0.,
       56., 56., 2., 53., 96., 122., 67., 0., 0., 0., 0., 76., 113., 59.,
       20., 0., 2., 5., 0., 1., 29., 0., 0., 3., 126., 98., 17., 1., 0.,
       76., 33., 1., 77., 81., 15., 3., 0., 103., 55., 22., 56., 16.,
       12., 25., 12., 2., 0., 6., 58., 20., 9., 114., 48., 0., 0., 0.,
       25., 77., 126., 58., 0., 63., 11., 0., 13., 51., 126., 56., 9.,
       126., 22., 0., 0., 6., 19., 46., 80., 22., 0., 0., 0., 1., 3.,
       113., 85., 1., 0., 5., 3., 12., 46., 21., 0., 8., 0., 6., 5., 60.,
       126., 90., 25., 104., 4., 17., 3., 2., 24., 78., 126., 24., 2.,
       40., 11., 0., 0., 1., 18., 0., 0., 58., 21., 1., 1., 0., 0., 0.,
       0., 63., 25., 3., 12., 11., 1., 1., 1., 55., 14., 0., 2., 11., 8.,
       0., 1., 43., 13., 0., 0., 0., 0., 2., 87., 122., 2., 2., 5., 3.,
       1., 15., 122., 40., 0., 0., 0., 0., 0., 5., 17., 2., 0., 0., 7.,
       4., 0., 0., 1., 1., 0., 0., 26., 14., 0., 15., 43., 34., 10., 95.,
       74., 26., 12., 122., 122., 13., 4., 14., 3., 0., 10., 47., 35.,
       76., 52., 5., 0., 0., 1., 0., 52., 95., 7., 0., 1., 0., 0., 28.,
       1., 0., 90., 122., 10., 2., 31., 122., 11., 12., 9., 22., 4., 1.,
       99., 32., 9., 68., 77., 70., 74., 9., 7., 0., 97., 115., 14., 12.,
       56., 11., 0., 35., 2., 2., 54., 35., 3., 4., 53., 61., 17., 96.,
       47., 6., 1., 1., 43., 5., 17., 122., 23., 8., 32., 17., 12., 2.,
       14., 50., 35., 32., 50., 9., 1., 2., 1., 81., 104., 4., 0., 0.,
       5., 2., 50., 118., 30., 26., 18., 0., 0., 7., 36., 17., 1., 56.,
       118., 3., 2., 27., 13., 0., 0., 11., 64., 13., 25., 8., 1., 29.,
       118., 44., 15., 39., 22., 41., 77., 69., 14., 16., 62., 48., 10.,
       118., 87., 8., 1., 19., 79., 3., 10., 17., 26., 1., 2., 61., 118.,
       2., 2., 66., 68., 26., 38., 16., 15., 19., 27., 57., 15., 24.,
       42., 89., 54., 21., 34., 118., 14., 25., 48., 11., 11., 1., 48.,
       22., 19., 44., 44., 40., 88., 2., 5., 7., 42., 32., 5., 2., 101.,
       15., 0., 48., 53., 56., 22., 6., 16., 7., 11., 49., 22., 46., 92.,
       3., 0., 3., 40., 66., 10., 12., 28., 2., 10., 7., 94., 0., 0.,
       55., 58., 1., 0., 10., 13., 0., 0., 82., 112., 2., 2., 6., 2., 1.,
       53., 112., 48., 3., 11., 6., 0., 13., 110., 54., 9., 29., 2., 0.,
       0., 9., 6., 90., 112., 59., 16., 0., 0., 71., 18., 58., 77., 7.,
       13., 32., 51., 14., 19., 20., 28., 59., 100., 45., 21., 112., 62.,
       5., 1., 22., 15., 2., 39., 24., 22., 2., 6., 109., 100., 0., 0.,
       83., 102., 43., 17., 26., 24., 2., 14., 21., 19., 37., 70., 52.,
       12., 9., 79., 72., 5., 18., 6., 16., 5., 4., 112., 42., 44., 0.,
       0., 55., 71., 0., 0., 28., 28., 10., 1., 50., 92., 6., 4., 54.,
       41., 48., 11., 0., 3., 8., 57., 16., 16., 79., 31., 1., 0., 5.,
       46., 0., 5., 66., 63., 6., 21., 23., 10., 1., 69., 109., 3., 2.,
       18., 26., 7., 3., 100., 110., 0., 0., 22., 27., 1., 39., 63., 27.,
       0., 0., 13., 38., 27., 19., 1., 0., 5., 70., 44., 31., 55., 46.,
       16., 5., 4., 30., 46., 77., 67., 25., 25., 19., 7., 33., 111.,
       56., 35., 111., 33., 7., 0., 1., 5., 4., 111., 13., 8., 2., 4.,
       111., 55., 7., 33., 48., 88., 55., 18., 56., 30., 5., 9., 70.,
       20., 59., 62., 38., 21., 6., 42., 111., 2., 1., 4., 3., 1., 1.,
       74., 1., 74., 23., 2., 44., 61., 3., 2., 1., 16., 18., 2., 21.,
       103., 94., 14., 28., 3., 16., 4., 0., 2., 87., 111., 44., 0., 0.,
       11., 12., 0., 3., 87., 1., 0., 26., 52., 19., 24., 39., 34., 1.,
       61., 48., 4., 22., 44., 33., 4., 1., 119., 43., 0., 1., 28., 18.,
       1., 6., 81., 15., 0., 0., 77., 31., 2., 8., 1., 0., 36., 99., 15.,
       23., 69., 53., 13., 2., 20., 50., 40., 67., 60., 9., 45., 10., 8.,
       53., 119., 53., 27., 78., 88., 8., 0., 3., 10., 10., 103., 8.,
       20., 2., 19., 119., 33., 6., 7., 60., 94., 60., 23., 43., 21., 7.,
       12., 50., 18., 52., 52., 48., 22., 8., 86., 69., 0., 0., 2., 3.,
       3., 5., 119., 12., 80., 2., 2., 44., 70., 14., 0., 3., 14., 15.,
       1., 11., 76., 119., 26., 28., 4., 12., 2., 0., 1., 75., 119., 35.,
       1., 2., 32., 3., 0., 2., 66., 24., 7., 3., 68., 25., 0., 5., 17.,
