%YAML:1.0
tag: !!opencv-matrix
   rows: 102
   cols: 128
   dt: f
   data: [ 1., 1., 0., 4., 67., 2., 0., 0., 114., 6., 0., 0., 2., 0., 0.,
       0., 184., 9., 0., 0., 6., 7., 0., 2., 36., 1., 0., 0., 129., 110.,
       0., 2., 0., 0., 0., 10., 61., 3., 1., 0., 122., 10., 0., 0., 3.,
       1., 0., 1., 184., 25., 0., 0., 1., 2., 0., 1., 68., 2., 0., 0.,
       93., 88., 0., 1., 0., 0., 1., 14., 16., 0., 0., 0., 114., 3., 0.,
       1., 2., 0., 0., 5., 184., 12., 0., 0., 0., 0., 0., 4., 85., 4.,
       0., 0., 43., 32., 0., 0., 0., 0., 0., 1., 2., 1., 0., 1., 91., 5.,
       0., 0., 4., 1., 0., 1., 184., 10., 0., 0., 0., 0., 0., 1., 77.,
       1., 0., 0., 10., 9., 0., 1., 0., 0., 0., 2., 5., 11., 6., 1., 85.,
       3., 0., 3., 3., 0., 0., 1., 153., 16., 0., 1., 2., 0., 0., 1.,
       35., 4., 1., 38., 104., 0., 0., 0., 0., 0., 0., 2., 65., 32., 7.,
       2., 93., 8., 0., 1., 6., 1., 0., 1., 153., 20., 0., 3., 5., 0.,
       0., 1., 40., 5., 0., 58., 153., 0., 0., 0., 0., 0., 0., 9., 140.,
       12., 2., 1., 89., 2., 0., 1., 5., 2., 0., 4., 153., 19., 0., 6.,
       11., 0., 0., 2., 32., 5., 0., 70., 153., 0., 0., 0., 0., 0., 0.,
       5., 127., 2., 0., 0., 59., 6., 0., 0., 2., 0., 0., 1., 153., 22.,
       1., 9., 15., 0., 0., 1., 18., 4., 1., 53., 153., 0., 0., 0., 2.,
       0., 0., 11., 140., 0., 0., 1., 57., 1., 0., 1., 11., 0., 0., 5.,
       108., 0., 0., 0., 30., 47., 10., 32., 2., 1., 0., 0., 56., 55.,
       1., 1., 1., 0., 0., 16., 140., 0., 0., 0., 83., 5., 0., 2., 9.,
       0., 0., 1., 140., 5., 0., 0., 33., 44., 2., 19., 7., 0., 0., 0.,
       127., 110., 1., 4., 0., 0., 0., 13., 140., 0., 0., 0., 82., 1.,
       0., 1., 6., 0., 0., 2., 140., 3., 0., 0., 17., 19., 0., 9., 24.,
       0., 0., 0., 140., 118., 0., 4., 0., 0., 0., 9., 134., 0., 0., 0.,
       64., 1., 0., 0., 3., 0., 0., 2., 140., 3., 0., 0., 4., 4., 0., 6.,
       28., 0., 0., 0., 96., 75., 0., 3., 1., 0., 0., 0., 58., 19., 0.,
       0., 11., 1., 0., 0., 0., 0., 2., 13., 15., 0., 0., 0., 0., 8.,
       85., 65., 0., 0., 0., 0., 0., 48., 106., 4., 0., 0., 0., 0., 126.,
       4., 0., 0., 87., 4., 0., 1., 2., 1., 0., 13., 139., 4., 0., 0.,
       0., 8., 76., 129., 22., 2., 3., 3., 1., 100., 139., 27., 0., 0.,
       0., 1., 130., 2., 0., 0., 96., 9., 0., 0., 2., 2., 1., 6., 139.,
       100., 45., 5., 0., 0., 2., 10., 32., 27., 139., 79., 1., 9., 16.,
       5., 0., 1., 0., 12., 86., 0., 0., 0., 19., 19., 1., 0., 0., 0.,
       0., 0., 36., 96., 97., 10., 0., 0., 0., 0., 1., 9., 139., 67., 0.,
       0., 0., 0., 1., 3., 3., 19., 113., 1., 0., 0., 70., 0., 0., 0.,
       7., 0., 0., 4., 154., 1., 0., 6., 24., 0., 0., 20., 24., 1., 0.,
       37., 154., 0., 0., 1., 0., 4., 13., 37., 41., 0., 0., 0., 103.,
       0., 0., 1., 6., 0., 0., 6., 154., 2., 0., 10., 47., 0., 0., 21.,
       19., 1., 0., 46., 154., 0., 0., 1., 0., 1., 6., 8., 2., 1., 0.,
       0., 118., 1., 0., 1., 1., 0., 0., 7., 154., 2., 0., 15., 64., 0.,
       0., 21., 10., 1., 0., 46., 154., 0., 0., 0., 0., 0., 0., 0., 1.,
       1., 14., 4., 85., 1., 0., 0., 0., 0., 20., 35., 154., 1., 0., 7.,
       55., 13., 4., 43., 3., 0., 0., 15., 132., 44., 44., 5., 25., 0.,
       0., 0., 1., 0., 0., 1., 135., 3., 0., 2., 1., 0., 0., 8., 75., 5.,
       2., 84., 108., 0., 0., 1., 0., 0., 0., 62., 92., 0., 0., 0., 36.,
       0., 0., 0., 0., 0., 0., 2., 135., 9., 2., 10., 5., 0., 0., 8.,
       53., 8., 3., 127., 135., 0., 0., 0., 1., 0., 0., 41., 64., 0., 0.,
       0., 22., 0., 0., 0., 0., 1., 78., 20., 135., 12., 3., 14., 12.,
       5., 26., 54., 19., 6., 3., 79., 129., 36., 25., 3., 0., 0., 0.,
       11., 24., 10., 62., 1., 1., 0., 0., 0., 0., 4., 135., 15., 9., 0.,
       0., 1., 3., 16., 135., 63., 1., 0., 0., 2., 15., 78., 135., 4.,
       0., 0., 0., 0., 1., 15., 135., 0., 0., 3., 113., 61., 0., 0., 0.,
       0., 2., 13., 114., 94., 12., 2., 0., 0., 0., 0., 84., 126., 31.,
       5., 0., 0., 0., 1., 81., 72., 1., 0., 0., 0., 18., 21., 126., 79.,
       0., 0., 0., 0., 126., 52., 50., 16., 25., 28., 3., 9., 9., 0., 3.,
       24., 126., 108., 2., 3., 0., 0., 3., 6., 17., 12., 0., 0., 42.,
       8., 9., 7., 0., 1., 0., 1., 126., 26., 0., 0., 8., 16., 2., 7.,
       41., 1., 0., 0., 126., 126., 3., 6., 0., 0., 0., 0., 53., 44., 0.,
       0., 24., 3., 0., 0., 1., 1., 0., 0., 126., 26., 0., 0., 1., 3.,
       1., 2., 72., 5., 0., 0., 101., 102., 2., 4., 0., 0., 0., 0., 86.,
       74., 0., 0., 0., 0., 0., 0., 129., 14., 0., 0., 30., 0., 0., 0.,
       21., 2., 1., 21., 60., 0., 0., 0., 0., 0., 81., 114., 2., 0., 0.,
       0., 0., 0., 129., 29., 0., 0., 0., 0., 129., 35., 4., 0., 89., 1.,
       0., 0., 27., 10., 18., 18., 129., 13., 1., 0., 0., 0., 11., 50.,
       27., 8., 3., 0., 0., 0., 45., 16., 0., 0., 0., 8., 95., 129., 37.,
       0., 27., 4., 12., 32., 18., 49., 93., 23., 121., 101., 86., 6.,
       0., 1., 6., 18., 10., 112., 93., 0., 0., 0., 0., 0., 0., 0., 0.,
       89., 81., 24., 4., 0., 0., 1., 23., 125., 32., 8., 4., 0., 0.,
       27., 83., 13., 0., 0., 4., 2., 1., 119., 63., 0., 0., 1., 3., 0.,
       0., 2., 3., 2., 3., 0., 0., 0., 1., 2., 17., 36., 0., 0., 0., 0.,
       6., 31., 49., 20., 0., 0., 0., 0., 5., 10., 2., 0., 0., 0., 0.,
       0., 0., 77., 117., 30., 1., 0., 0., 0., 12., 11., 85., 143., 1.,
       0., 0., 0., 143., 82., 76., 73., 0., 0., 0., 13., 53., 11., 0.,
       0., 0., 0., 0., 5., 0., 82., 143., 36., 35., 16., 0., 0., 75.,
       22., 126., 143., 0., 0., 0., 2., 143., 96., 18., 16., 0., 0., 0.,
       25., 42., 38., 15., 1., 0., 0., 0., 6., 0., 2., 11., 29., 71.,
       14., 3., 0., 24., 26., 10., 7., 1., 1., 3., 9., 62., 143., 38.,
       0., 0., 0., 21., 25., 16., 143., 61., 1., 0., 0., 10., 17., 0.,
       0., 3., 15., 70., 24., 12., 2., 26., 11., 3., 1., 1., 4., 8., 30.,
       48., 30., 25., 0., 0., 0., 47., 145., 20., 24., 13., 0., 0., 0.,
       62., 145., 0., 0., 0., 14., 28., 49., 145., 72., 91., 2., 0., 0.,
       0., 145., 101., 32., 145., 19., 0., 0., 0., 11., 15., 120., 30.,
       5., 0., 0., 0., 0., 17., 44., 1., 0., 0., 0., 1., 44., 115., 66.,
       18., 1., 0., 0., 4., 145., 78., 19., 145., 11., 0., 0., 0., 57.,
       59., 88., 41., 3., 0., 0., 0., 1., 1., 9., 4., 4., 0., 0., 0., 2.,
       1., 3., 0., 0., 0., 0., 1., 49., 20., 1., 9., 0., 0., 0., 0., 19.,
       47., 38., 5., 0., 0., 1., 1., 1., 1., 9., 0., 0., 0., 0., 140.,
       9., 0., 0., 58., 2., 0., 0., 9., 1., 2., 20., 69., 1., 0., 0., 6.,
       74., 47., 51., 1., 1., 0., 0., 20., 100., 6., 0., 1., 0., 0., 1.,
       140., 10., 0., 0., 122., 8., 0., 1., 16., 1., 0., 2., 140., 8.,
       0., 0., 7., 62., 15., 30., 9., 1., 0., 1., 64., 140., 7., 4., 2.,
       1., 0., 0., 140., 12., 0., 0., 98., 16., 0., 0., 18., 2., 0., 1.,
       140., 96., 53., 13., 3., 6., 1., 2., 11., 12., 75., 99., 74., 56.,
       1., 1., 4., 1., 0., 1., 140., 9., 0., 0., 14., 19., 2., 0., 18.,
       1., 0., 0., 19., 66., 83., 15., 0., 0., 0., 0., 0., 3., 84., 58.,
       1., 0., 1., 1., 0., 0., 0., 15., 142., 0., 0., 0., 19., 0., 0.,
       1., 12., 0., 1., 20., 37., 0., 0., 0., 0., 13., 87., 88., 1., 0.,
       0., 0., 3., 80., 105., 7., 0., 0., 0., 19., 142., 0., 0., 0., 96.,
       1., 0., 1., 10., 0., 0., 12., 142., 5., 1., 8., 3., 7., 33., 79.,
       20., 2., 2., 83., 84., 83., 57., 14., 0., 0., 0., 14., 142., 0.,
       0., 0., 107., 5., 0., 1., 8., 0., 0., 4., 142., 52., 23., 61., 5.,
       0., 0., 4., 11., 6., 11., 142., 54., 0., 0., 0., 0., 0., 0., 13.,
       142., 0., 0., 0., 36., 20., 1., 1., 4., 0., 0., 0., 45., 65., 51.,
       53., 3., 0., 0., 0., 1., 1., 11., 86., 15., 0., 0., 3., 19., 1.,
       0., 1., 1., 0., 0., 4., 0., 0., 15., 32., 1., 0., 0., 0., 4., 25.,
       43., 15., 0., 0., 0., 0., 4., 7., 1., 0., 0., 0., 1., 1., 5., 48.,
       70., 39., 1., 0., 0., 1., 11., 13., 66., 151., 4., 0., 0., 0.,
       151., 85., 77., 62., 0., 0., 0., 9., 47., 10., 1., 0., 0., 0., 0.,
       4., 0., 93., 151., 66., 11., 6., 0., 0., 87., 24., 111., 151., 0.,
