%YAML:1.0
tag: !!opencv-matrix
   rows: 140
   cols: 128
   dt: f
   data: [ 2., 3., 2., 5., 8., 2., 1., 1., 14., 5., 2., 1., 2., 3., 4.,
       10., 5., 3., 1., 0., 7., 8., 32., 19., 0., 2., 11., 1., 1., 3.,
       78., 12., 5., 3., 1., 0., 10., 5., 4., 6., 39., 10., 2., 1., 5.,
       4., 5., 13., 152., 8., 0., 0., 1., 1., 94., 152., 26., 1., 0., 0.,
       0., 2., 152., 94., 4., 5., 3., 1., 20., 11., 2., 3., 44., 18., 4.,
       3., 8., 5., 1., 3., 152., 152., 0., 0., 0., 0., 4., 35., 146.,
       132., 8., 0., 0., 0., 63., 55., 1., 1., 1., 1., 39., 41., 1., 1.,
       6., 8., 1., 1., 1., 3., 3., 4., 77., 152., 8., 0., 0., 1., 1., 2.,
       31., 152., 104., 0., 0., 0., 0., 0., 0., 1., 5., 7., 0., 1., 0.,
       0., 3., 2., 2., 1., 1., 2., 4., 4., 3., 3., 1., 0., 1., 1., 24.,
       50., 2., 0., 0., 0., 0., 1., 70., 144., 3., 2., 2., 1., 2., 3.,
       5., 8., 37., 5., 1., 1., 7., 4., 3., 14., 137., 12., 0., 0., 0.,
       0., 31., 144., 32., 5., 0., 0., 0., 0., 82., 144., 2., 0., 0., 4.,
       2., 20., 26., 14., 38., 14., 1., 7., 9., 11., 3., 3., 144., 144.,
       1., 0., 0., 0., 0., 33., 92., 144., 0., 0., 0., 0., 1., 32., 1.,
       0., 0., 0., 6., 140., 90., 43., 1., 4., 1., 1., 12., 124., 7., 0.,
       23., 141., 2., 0., 5., 12., 1., 0., 19., 144., 11., 0., 0., 0.,
       0., 0., 0., 0., 2., 143., 70., 0., 1., 1., 6., 3., 10., 22., 3.,
       0., 6., 12., 94., 1., 2., 0., 0., 0., 1., 143., 57., 0., 0., 0.,
       0., 0., 1., 143., 3., 3., 1., 55., 50., 2., 2., 3., 53., 7., 3.,
       1., 2., 1., 6., 21., 143., 10., 0., 0., 0., 0., 1., 143., 99., 6.,
       0., 0., 0., 0., 0., 67., 3., 8., 8., 11., 28., 4., 3., 3., 52.,
       21., 3., 2., 2., 2., 1., 4., 143., 143., 1., 0., 0., 0., 0., 9.,
       70., 112., 12., 0., 0., 0., 0., 2., 2., 3., 1., 1., 26., 12., 2.,
       5., 6., 11., 3., 2., 0., 0., 1., 2., 38., 143., 8., 0., 0., 0.,
       1., 0., 9., 143., 109., 1., 0., 0., 0., 0., 2., 1., 1., 1., 1.,
       0., 1., 1., 12., 1., 0., 0., 0., 0., 4., 16., 143., 0., 0., 0.,
       0., 0., 1., 138., 133., 0., 0., 0., 0., 0., 0., 144., 3., 2., 1.,
       3., 1., 0., 0., 2., 57., 12., 5., 1., 1., 0., 0., 9., 145., 8.,
       0., 0., 0., 0., 0., 104., 145., 7., 0., 0., 0., 0., 0., 68., 2.,
       0., 1., 2., 3., 1., 1., 6., 65., 11., 2., 2., 6., 4., 2., 3.,
       145., 133., 0., 0., 0., 0., 0., 8., 113., 132., 6., 0., 0., 0.,
       0., 2., 2., 1., 1., 1., 8., 4., 1., 3., 11., 13., 2., 4., 7., 3.,
       1., 2., 51., 145., 7., 1., 2., 0., 0., 0., 13., 145., 62., 0., 0.,
       0., 0., 0., 0., 3., 13., 109., 6., 2., 1., 0., 60., 110., 9., 6.,
       1., 2., 1., 2., 150., 150., 0., 0., 0., 0., 0., 0., 58., 26., 0.,
       0., 0., 0., 0., 1., 3., 6., 11., 10., 1., 3., 2., 1., 88., 19.,
       3., 0., 0., 1., 1., 6., 150., 42., 0., 0., 0., 0., 0., 13., 127.,
       23., 1., 0., 0., 0., 0., 2., 5., 2., 2., 2., 1., 5., 3., 6., 74.,
       17., 1., 0., 0., 0., 3., 16., 150., 141., 36., 0., 0., 0., 0.,
       17., 55., 122., 110., 0., 0., 0., 0., 1., 4., 4., 3., 5., 1., 2.,
       18., 7., 14., 17., 2., 0., 0., 3., 21., 8., 15., 98., 80., 2., 1.,
       6., 5., 0., 1., 121., 150., 1., 0., 1., 0., 0., 0., 1., 133., 26.,
       0., 0., 0., 0., 88., 84., 86., 8., 0., 0., 0., 0., 142., 99., 4.,
       0., 0., 0., 0., 0., 30., 7., 0., 0., 0., 0., 0., 2., 1., 0., 5.,
       4., 2., 0., 13., 15., 126., 17., 2., 0., 0., 0., 29., 47., 142.,
       48., 0., 0., 0., 0., 2., 36., 61., 6., 0., 0., 0., 0., 0., 3.,
       36., 21., 2., 0., 0., 0., 34., 75., 42., 37., 3., 0., 0., 0.,
       132., 142., 142., 13., 0., 0., 0., 0., 29., 142., 33., 2., 1., 0.,
       0., 0., 0., 14., 20., 63., 21., 1., 3., 7., 1., 6., 22., 142.,
       45., 0., 0., 0., 6., 21., 38., 142., 4., 0., 0., 0., 3., 24., 13.,
       28., 0., 0., 0., 0., 0., 2., 7., 1., 0., 2., 40., 17., 6., 15.,
       10., 1., 1., 0., 0., 29., 59., 30., 1., 3., 2., 1., 0., 40., 34.,
       17., 46., 19., 1., 0., 0., 0., 4., 145., 44., 17., 1., 19., 46.,
       1., 1., 8., 148., 29., 0., 0., 0., 46., 67., 55., 16., 0., 0., 0.,
       0., 137., 148., 86., 20., 0., 0., 0., 0., 2., 48., 148., 39., 10.,
       2., 15., 11., 0., 0., 2., 148., 27., 0., 0., 0., 3., 9., 40.,
       105., 1., 0., 0., 0., 21., 124., 75., 1., 0., 0., 0., 0., 1., 45.,
       85., 34., 0., 1., 2., 1., 14., 8., 34., 148., 0., 0., 0., 0., 0.,
       0., 129., 89., 0., 0., 0., 0., 0., 1., 39., 1., 0., 0., 0., 0.,
       0., 3., 3., 0., 1., 0., 22., 60., 1., 1., 1., 10., 1., 0., 0., 1.,
       2., 3., 15., 18., 0., 0., 0., 0., 8., 60., 80., 0., 4., 2., 0.,
       1., 54., 101., 8., 1., 2., 1., 7., 61., 4., 0., 1., 75., 4., 1.,
       0., 1., 0., 1., 23., 141., 8., 0., 0., 0., 5., 52., 141., 26., 2.,
       0., 0., 0., 115., 141., 45., 0., 0., 0., 0., 62., 58., 1., 1.,
       73., 20., 0., 0., 0., 2., 1., 5., 141., 141., 1., 0., 0., 0., 1.,
       13., 56., 141., 10., 0., 0., 17., 29., 12., 0., 0., 0., 0., 49.,
       141., 1., 0., 6., 15., 0., 0., 6., 40., 1., 0., 20., 141., 11.,
       0., 0., 0., 0., 0., 3., 141., 65., 0., 0., 0., 0., 0., 0., 0., 0.,
       2., 149., 8., 0., 0., 16., 2., 1., 2., 10., 1., 2., 10., 15., 0.,
       0., 0., 1., 23., 38., 27., 2., 2., 1., 1., 8., 29., 6., 0., 0.,
       0., 0., 2., 149., 12., 0., 0., 65., 4., 0., 1., 11., 4., 1., 5.,
       148., 4., 0., 0., 4., 57., 38., 45., 4., 1., 0., 0., 42., 142.,
       14., 3., 0., 0., 0., 0., 149., 28., 0., 0., 59., 8., 1., 2., 13.,
       3., 0., 1., 149., 26., 0., 0., 3., 25., 15., 19., 38., 1., 0., 0.,
       83., 149., 17., 9., 0., 0., 0., 0., 149., 23., 0., 0., 29., 7.,
       1., 2., 18., 4., 0., 0., 149., 39., 0., 0., 0., 2., 3., 4., 97.,
       6., 0., 0., 50., 130., 11., 7., 0., 0., 0., 138., 53., 0., 0., 0.,
       4., 0., 1., 74., 12., 0., 0., 10., 32., 0., 1., 3., 1., 0., 3.,
       138., 7., 0., 0., 0., 0., 0., 37., 138., 0., 0., 1., 88., 72., 1.,
       0., 0., 54., 1., 0., 7., 4., 2., 1., 17., 138., 9., 0., 0., 0.,
       0., 0., 138., 64., 4., 0., 0., 1., 0., 3., 112., 1., 1., 1., 12.,
       75., 5., 0., 2., 51., 15., 2., 1., 1., 1., 1., 9., 138., 138., 3.,
       0., 0., 0., 0., 9., 56., 107., 40., 3., 0., 0., 0., 3., 1., 0.,
       0., 1., 61., 43., 1., 2., 6., 8., 5., 4., 1., 1., 0., 2., 31.,
       138., 19., 0., 0., 0., 0., 0., 4., 121., 138., 8., 0., 0., 0., 0.,
       0., 0., 1., 31., 43., 1., 0., 0., 5., 4., 1., 1., 0., 0., 1., 12.,
       14., 2., 0., 0., 0., 1., 19., 132., 1., 0., 0., 0., 0., 2., 137.,
       137., 1., 0., 0., 4., 55., 7., 1., 3., 51., 4., 1., 0., 0., 0.,
       1., 31., 137., 5., 0., 0., 0., 0., 3., 137., 45., 2., 0., 0., 0.,
       1., 47., 137., 1., 1., 1., 1., 59., 71., 0., 1., 60., 32., 5., 3.,
       2., 4., 0., 2., 137., 137., 0., 0., 0., 0., 0., 17., 65., 103.,
       6., 0., 0., 0., 0., 8., 0., 0., 0., 0., 44., 137., 1., 0., 7.,
       12., 1., 0., 5., 64., 5., 0., 39., 137., 5., 0., 0., 3., 1., 0.,
       8., 137., 73., 0., 0., 0., 0., 0., 2., 69., 144., 0., 0., 0., 0.,
       0., 17., 110., 95., 0., 0., 0., 0., 0., 16., 25., 2., 0., 0., 0.,
       0., 1., 3., 3., 0., 0., 0., 0., 0., 1., 26., 72., 144., 0., 0.,
       0., 0., 1., 144., 144., 56., 0., 0., 0., 0., 2., 123., 22., 0.,
       0., 0., 0., 0., 3., 4., 1., 0., 0., 0., 0., 0., 4., 36., 5., 2.,
       0., 0., 1., 77., 59., 144., 5., 0., 0., 0., 0., 19., 134., 136.,
       1., 0., 0., 0., 0., 0., 21., 3., 1., 0., 0., 0., 0., 0., 1., 1.,
       0., 0., 0., 0., 0., 144., 80., 40., 0., 0., 0., 0., 0., 82., 144.,
       28., 0., 0., 0., 0., 0., 1., 28., 1., 0., 0., 0., 1., 0., 0., 0.,
       0., 17., 145., 3., 0., 0., 1., 1., 22., 115., 109., 0., 0., 0.,
       0., 0., 15., 27., 5., 0., 0., 0., 0., 0., 3., 4., 1., 0., 0., 0.,
       0., 0., 29., 39., 145., 2., 0., 0., 1., 4., 145., 145., 54., 0.,
       0., 0., 0., 5., 117., 21., 0., 0., 0., 0., 0., 2., 7., 1., 0., 0.,
       0., 0., 0., 0., 39., 6., 2., 0., 0., 0., 68., 93., 145., 4., 0.,
       0., 0., 0., 29., 145., 112., 2., 0., 0., 0., 0., 0., 23., 6., 2.,
