%YAML:1.0
tag: !!opencv-matrix
   rows: 115
   cols: 128
   dt: f
   data: [ 18., 60., 115., 6., 0., 0., 0., 0., 155., 162., 22., 0., 0.,
       0., 0., 2., 91., 64., 1., 0., 0., 0., 0., 2., 8., 4., 1., 1., 0.,
       0., 1., 2., 96., 27., 16., 10., 3., 0., 0., 1., 162., 29., 0., 0.,
       0., 0., 0., 24., 162., 12., 0., 0., 0., 0., 0., 27., 13., 7., 5.,
       0., 0., 0., 0., 1., 95., 19., 1., 3., 3., 0., 0., 1., 162., 40.,
       0., 0., 0., 0., 0., 16., 162., 19., 0., 0., 0., 0., 0., 11., 12.,
       3., 1., 0., 0., 0., 2., 6., 87., 6., 0., 1., 5., 1., 0., 4., 162.,
       13., 0., 0., 0., 0., 0., 33., 127., 7., 0., 0., 0., 0., 0., 15.,
       13., 2., 1., 0., 0., 0., 0., 5., 9., 3., 4., 3., 0., 0., 1., 6.,
       150., 48., 3., 2., 0., 0., 1., 7., 170., 75., 0., 0., 0., 0., 0.,
       18., 34., 7., 0., 1., 1., 0., 0., 4., 7., 6., 9., 3., 1., 1., 0.,
       1., 170., 39., 1., 1., 0., 0., 0., 10., 170., 86., 0., 0., 0., 0.,
       0., 27., 48., 14., 1., 0., 0., 0., 0., 4., 4., 3., 2., 1., 4., 6.,
       3., 9., 170., 12., 0., 0., 0., 0., 0., 41., 170., 27., 0., 0., 0.,
       0., 0., 73., 61., 7., 0., 0., 0., 0., 0., 7., 3., 4., 5., 3., 2.,
       1., 1., 2., 168., 12., 3., 1., 0., 0., 0., 29., 170., 22., 0., 0.,
       0., 0., 0., 31., 45., 9., 0., 0., 0., 0., 0., 2., 2., 1., 2., 3.,
       23., 4., 3., 4., 159., 25., 1., 0., 0., 0., 1., 15., 188., 40.,
       0., 0., 0., 0., 0., 14., 48., 2., 0., 0., 0., 0., 0., 11., 0., 1.,
       3., 4., 22., 5., 3., 0., 138., 45., 3., 1., 0., 2., 2., 4., 188.,
       67., 0., 0., 0., 0., 0., 6., 84., 5., 1., 1., 1., 0., 0., 7., 0.,
       3., 2., 5., 27., 7., 3., 0., 147., 5., 0., 0., 0., 4., 3., 21.,
       188., 11., 0., 0., 0., 0., 0., 31., 88., 4., 0., 1., 5., 1., 0.,
       4., 1., 3., 1., 6., 18., 3., 3., 0., 135., 7., 0., 0., 0., 1., 1.,
       5., 188., 18., 0., 0., 0., 0., 0., 6., 78., 4., 0., 1., 10., 0.,
       0., 4., 4., 6., 0., 0., 1., 2., 2., 2., 98., 19., 0., 0., 0., 0.,
       0., 7., 196., 19., 0., 0., 0., 0., 0., 17., 91., 8., 2., 1., 2.,
       1., 0., 3., 3., 2., 1., 0., 1., 5., 3., 2., 137., 14., 0., 0., 1.,
       1., 1., 10., 196., 15., 0., 0., 0., 0., 0., 19., 105., 7., 2., 1.,
       1., 0., 0., 4., 2., 1., 1., 0., 2., 3., 5., 8., 131., 4., 0., 0.,
       3., 2., 1., 47., 196., 31., 0., 0., 0., 0., 0., 35., 107., 14.,
       1., 2., 3., 0., 0., 1., 2., 3., 11., 2., 2., 2., 1., 2., 108.,
       26., 3., 0., 1., 1., 0., 10., 196., 47., 0., 0., 0., 0., 0., 9.,
       100., 13., 0., 0., 0., 0., 0., 3., 43., 10., 3., 9., 6., 0., 0.,
       0., 173., 35., 0., 0., 0., 0., 0., 8., 173., 17., 0., 0., 0., 0.,
       0., 14., 11., 6., 2., 0., 0., 0., 1., 2., 51., 10., 1., 4., 12.,
       1., 0., 1., 173., 22., 0., 0., 0., 0., 0., 33., 173., 13., 0., 0.,
       0., 0., 0., 24., 19., 2., 0., 0., 0., 0., 1., 9., 52., 2., 0., 0.,
       13., 5., 1., 6., 173., 40., 0., 0., 0., 0., 0., 20., 173., 30.,
       0., 0., 0., 0., 0., 7., 21., 6., 1., 0., 0., 0., 0., 1., 38., 0.,
       0., 0., 5., 2., 1., 16., 173., 4., 0., 0., 0., 0., 0., 62., 173.,
       4., 0., 0., 0., 0., 0., 19., 19., 2., 0., 0., 0., 0., 0., 4., 10.,
       13., 1., 1., 4., 1., 0., 1., 167., 66., 0., 0., 0., 0., 0., 2.,
       167., 83., 0., 0., 0., 0., 0., 0., 36., 11., 0., 1., 1., 1., 1.,
       1., 15., 1., 0., 3., 3., 2., 3., 6., 167., 47., 0., 0., 0., 0.,
       0., 12., 167., 74., 0., 0., 0., 0., 0., 14., 77., 6., 1., 3., 3.,
       1., 0., 3., 9., 1., 0., 0., 0., 4., 15., 8., 167., 6., 0., 0., 0.,
       0., 2., 40., 167., 24., 0., 0., 0., 0., 0., 32., 71., 12., 0., 0.,
       1., 1., 0., 2., 10., 8., 1., 0., 0., 1., 4., 5., 160., 2., 0., 0.,
       0., 0., 0., 29., 167., 19., 0., 0., 0., 0., 0., 21., 59., 17., 1.,
       0., 0., 0., 0., 1., 82., 33., 0., 0., 0., 0., 0., 6., 182., 113.,
       0., 0., 0., 0., 0., 0., 94., 23., 0., 0., 0., 0., 0., 2., 2., 1.,
       2., 2., 1., 0., 0., 1., 87., 16., 4., 0., 0., 0., 0., 3., 182.,
       45., 0., 0., 0., 0., 0., 25., 162., 14., 0., 0., 1., 0., 0., 13.,
       3., 1., 1., 1., 3., 2., 2., 2., 92., 9., 2., 0., 0., 0., 0., 14.,
       182., 29., 0., 0., 0., 0., 0., 49., 158., 15., 0., 0., 0., 0., 0.,
       12., 8., 1., 0., 2., 1., 0., 2., 5., 91., 3., 1., 0., 0., 0., 0.,
       23., 182., 1., 0., 0., 0., 0., 0., 65., 105., 3., 0., 0., 0., 0.,
       0., 13., 8., 2., 1., 15., 7., 0., 0., 1., 5., 7., 0., 0., 1., 3.,
       1., 1., 116., 10., 0., 0., 1., 1., 1., 13., 190., 7., 0., 0., 0.,
       0., 0., 19., 90., 0., 0., 0., 2., 1., 0., 6., 10., 11., 0., 0.,
       0., 0., 1., 2., 152., 17., 0., 0., 0., 0., 0., 13., 190., 12., 0.,
       0., 0., 0., 0., 24., 95., 1., 0., 0., 2., 2., 0., 15., 5., 2., 0.,
       0., 0., 3., 4., 3., 169., 8., 0., 0., 0., 0., 0., 11., 190., 4.,
       0., 0., 0., 0., 0., 31., 89., 7., 2., 1., 1., 1., 0., 3., 2., 1.,
       0., 0., 0., 1., 2., 4., 140., 1., 0., 0., 0., 0., 1., 21., 190.,
       2., 0., 0., 0., 0., 0., 21., 60., 3., 1., 1., 0., 0., 0., 2., 7.,
       5., 1., 0., 1., 2., 2., 2., 109., 9., 0., 0., 0., 1., 4., 27.,
       192., 8., 0., 0., 0., 0., 0., 30., 114., 2., 0., 1., 3., 0., 0.,
       7., 2., 4., 2., 1., 4., 2., 2., 2., 109., 57., 1., 0., 0., 0., 1.,
       4., 192., 58., 0., 0., 0., 0., 0., 15., 130., 4., 0., 3., 7., 0.,
       0., 6., 2., 10., 11., 3., 3., 2., 1., 1., 116., 20., 1., 0., 0.,
       0., 2., 20., 192., 14., 0., 0., 0., 0., 0., 42., 112., 6., 0., 7.,
       12., 0., 0., 6., 1., 4., 1., 0., 3., 8., 6., 2., 114., 15., 0.,
       0., 0., 0., 3., 8., 192., 26., 0., 0., 0., 0., 0., 4., 85., 10.,
       0., 6., 19., 0., 0., 4., 5., 6., 2., 1., 14., 8., 4., 2., 121.,
       16., 2., 0., 0., 1., 1., 5., 205., 15., 0., 0., 0., 0., 0., 12.,
       78., 6., 1., 6., 3., 1., 0., 3., 4., 9., 2., 5., 13., 8., 4., 1.,
       140., 18., 0., 0., 1., 5., 4., 7., 205., 19., 0., 0., 0., 0., 0.,
       16., 96., 3., 0., 4., 4., 1., 0., 3., 12., 13., 1., 2., 13., 4.,
       1., 2., 131., 17., 0., 0., 1., 1., 1., 15., 205., 13., 0., 0., 0.,
       0., 0., 29., 80., 1., 0., 0., 4., 4., 0., 10., 4., 2., 0., 2., 6.,
       3., 4., 4., 113., 9., 0., 0., 0., 1., 1., 6., 205., 8., 0., 0.,
       0., 0., 0., 21., 57., 4., 2., 1., 2., 2., 0., 2., 0., 3., 3., 7.,
       53., 5., 1., 0., 95., 10., 1., 1., 2., 1., 1., 4., 192., 15., 0.,
       0., 0., 1., 0., 5., 50., 3., 0., 0., 84., 46., 1., 2., 1., 3., 1.,
       3., 81., 33., 2., 2., 119., 11., 1., 0., 1., 4., 3., 5., 192.,
       13., 0., 0., 0., 0., 0., 9., 75., 1., 0., 0., 83., 25., 1., 7.,
       0., 1., 3., 9., 105., 8., 1., 2., 104., 7., 5., 0., 1., 5., 3.,
       8., 192., 21., 0., 0., 0., 0., 0., 11., 80., 10., 0., 0., 46.,
       17., 0., 5., 0., 2., 7., 9., 103., 7., 0., 0., 87., 18., 14., 1.,
       1., 1., 1., 8., 192., 7., 0., 0., 0., 0., 0., 28., 63., 2., 0.,
       0., 13., 9., 1., 12., 37., 16., 0., 0., 0., 0., 1., 5., 160., 77.,
       0., 0., 0., 0., 0., 6., 145., 28., 0., 0., 0., 0., 0., 3., 3., 1.,
       0., 10., 29., 0., 0., 1., 49., 8., 2., 0., 0., 0., 0., 7., 160.,
       16., 0., 0., 0., 0., 0., 61., 160., 16., 1., 1., 1., 0., 0., 24.,
       5., 3., 1., 30., 61., 0., 0., 0., 53., 17., 4., 0., 0., 0., 0.,
       1., 160., 56., 0., 0., 0., 0., 0., 8., 160., 28., 1., 2., 3., 1.,
       0., 4., 3., 2., 1., 48., 98., 1., 0., 0., 36., 5., 0., 0., 0., 1.,
       0., 5., 160., 30., 0., 0., 0., 0., 0., 3., 160., 9., 0., 2., 5.,
       1., 0., 2., 3., 0., 0., 32., 132., 1., 0., 0., 6., 8., 6., 4., 4.,
       0., 0., 0., 148., 26., 1., 0., 0., 0., 0., 16., 168., 11., 0., 0.,
       0., 0., 0., 59., 63., 1., 0., 0., 0., 0., 0., 13., 10., 5., 1.,
       3., 4., 0., 2., 5., 168., 41., 0., 0., 0., 0., 1., 12., 168., 60.,
       0., 0., 0., 0., 0., 11., 77., 6., 0., 1., 1., 0., 1., 6., 19., 6.,
       1., 1., 2., 0., 0., 4., 168., 7., 1., 0., 0., 0., 0., 49., 168.,
       9., 0., 0., 0., 0., 0., 104., 74., 6., 1., 4., 5., 0., 0., 8., 7.,
       11., 3., 0., 1., 1., 0., 0., 168., 13., 1., 0., 0., 0., 0., 11.,
       168., 18., 0., 0., 0., 0., 0., 24., 36., 5., 2., 12., 10., 0., 0.,
