%YAML:1.0
tag: !!opencv-matrix
   rows: 77
   cols: 128
   dt: f
   data: [ 43., 4., 0., 0., 94., 20., 0., 1., 126., 46., 10., 19., 8.,
       1., 0., 1., 7., 9., 21., 126., 41., 4., 1., 0., 0., 0., 31., 72.,
       4., 1., 12., 5., 36., 2., 0., 0., 126., 32., 0., 1., 126., 11.,
       1., 3., 16., 20., 2., 16., 15., 1., 1., 18., 78., 117., 36., 20.,
       0., 0., 0., 4., 6., 13., 106., 107., 26., 2., 0., 0., 126., 25.,
       0., 0., 126., 18., 0., 0., 8., 9., 4., 12., 59., 2., 0., 0., 4.,
       78., 98., 34., 0., 0., 1., 7., 1., 8., 85., 104., 11., 3., 0., 0.,
       126., 28., 0., 0., 126., 31., 0., 0., 12., 3., 0., 1., 108., 16.,
       1., 7., 2., 1., 16., 9., 1., 0., 2., 92., 8., 1., 12., 5., 3., 0.,
       0., 21., 128., 2., 0., 1., 128., 1., 0., 2., 36., 2., 0., 36.,
       90., 8., 1., 85., 64., 0., 0., 12., 11., 0., 0., 64., 61., 1., 1.,
       29., 10., 0., 0., 43., 128., 0., 0., 1., 128., 11., 2., 14., 27.,
       1., 0., 20., 54., 10., 4., 128., 94., 0., 0., 7., 65., 0., 0.,
       29., 30., 3., 1., 86., 12., 2., 0., 37., 128., 0., 0., 0., 110.,
       39., 11., 30., 18., 0., 0., 1., 43., 11., 9., 106., 45., 0., 0.,
       27., 114., 0., 0., 6., 22., 4., 0., 107., 7., 3., 0., 29., 128.,
       0., 0., 0., 30., 22., 11., 22., 8., 0., 0., 1., 78., 2., 4., 27.,
       6., 0., 0., 72., 77., 0., 0., 1., 37., 5., 2., 92., 5., 0., 0.,
       0., 121., 23., 1., 3., 20., 0., 0., 0., 14., 27., 13., 20., 70.,
       53., 0., 0., 7., 30., 3., 1., 121., 107., 0., 0., 0., 0., 0., 0.,
       13., 3., 2., 2., 121., 26., 0., 2., 100., 1., 0., 0., 26., 35.,
       16., 34., 30., 20., 0., 0., 45., 107., 11., 6., 121., 121., 0.,
       0., 4., 5., 0., 0., 18., 13., 2., 2., 121., 26., 0., 0., 121.,
       14., 0., 0., 37., 18., 6., 8., 43., 4., 0., 0., 108., 121., 9.,
       4., 91., 95., 1., 1., 33., 22., 0., 0., 13., 28., 7., 14., 99.,
       3., 0., 0., 121., 15., 0., 1., 36., 3., 1., 1., 75., 4., 0., 0.,
       88., 85., 5., 3., 26., 33., 0., 0., 68., 53., 0., 0., 0., 5., 6.,
       0., 43., 117., 9., 1., 20., 30., 24., 0., 6., 10., 5., 38., 92.,
       66., 18., 0., 0., 0., 5., 117., 81., 22., 1., 0., 0., 0., 0., 45.,
       0., 1., 13., 11., 117., 117., 6., 0., 76., 11., 0., 0., 15., 52.,
       41., 33., 117., 20., 0., 0., 0., 0., 6., 115., 57., 1., 0., 1.,
       1., 0., 0., 41., 0., 39., 117., 13., 21., 34., 6., 0., 17., 52.,
       72., 1., 2., 36., 65., 30., 117., 83., 35., 0., 0., 0., 13., 72.,
       39., 39., 42., 2., 0., 0., 0., 4., 0., 19., 53., 2., 19., 13., 1.,
       2., 3., 70., 83., 0., 0., 0., 11., 17., 8., 117., 116., 0., 0.,
       4., 23., 6., 2., 117., 117., 0., 0., 2., 4., 0., 1., 3., 8., 128.,
       103., 0., 0., 0., 105., 29., 0., 25., 50., 1., 1., 1., 128., 31.,
       0., 0., 57., 74., 2., 4., 22., 36., 2., 0., 64., 77., 0., 3., 1.,
       2., 4., 91., 58., 13., 15., 21., 76., 14., 0., 8., 5., 25., 64.,
       32., 128., 36., 0., 0., 17., 58., 15., 37., 13., 4., 1., 0., 43.,
       128., 37., 5., 12., 2., 0., 0., 20., 39., 92., 106., 9., 0., 0.,
       0., 0., 34., 128., 118., 94., 2., 0., 0., 0., 12., 96., 128., 15.,
       0., 0., 0., 0., 89., 53., 17., 71., 15., 0., 0., 0., 2., 45., 61.,
       1., 2., 1., 1., 0., 1., 56., 35., 1., 0., 0., 0., 0., 1., 29.,
       18., 2., 0., 0., 0., 0., 1., 5., 8., 24., 4., 1., 32., 107., 0.,
       0., 0., 126., 18., 0., 1., 31., 3., 0., 0., 27., 3., 0., 0., 126.,
       17., 0., 0., 126., 19., 0., 0., 13., 1., 0., 0., 28., 2., 3., 48.,
       40., 7., 7., 3., 126., 17., 0., 1., 25., 5., 1., 3., 37., 2., 0.,
       0., 126., 37., 1., 2., 126., 11., 0., 0., 19., 5., 0., 3., 11.,
       1., 1., 2., 2., 82., 94., 28., 126., 7., 0., 0., 10., 32., 35.,
       58., 34., 1., 0., 0., 111., 109., 36., 19., 126., 2., 0., 0., 12.,
       21., 44., 65., 0., 0., 0., 0., 0., 69., 81., 27., 13., 0., 0., 0.,
       0., 35., 106., 79., 4., 0., 0., 0., 3., 65., 88., 28., 10., 0.,
       0., 0., 0., 11., 91., 51., 0., 11., 80., 73., 24., 0., 0., 0.,
       11., 100., 92., 13., 1., 0., 0., 0., 2., 36., 91., 64., 5., 0.,
       0., 0., 0., 81., 57., 8., 0., 0., 0., 0., 15., 11., 21., 75.,
       121., 0., 0., 0., 121., 72., 24., 20., 22., 0., 0., 3., 19., 37.,
       35., 95., 121., 0., 0., 0., 1., 121., 81., 23., 8., 0., 0., 0.,
       32., 1., 0., 34., 121., 0., 0., 3., 121., 2., 1., 8., 40., 0., 0.,
       17., 18., 3., 1., 37., 121., 0., 0., 2., 16., 21., 15., 8., 16.,
       0., 8., 43., 36., 0., 0., 13., 121., 0., 0., 5., 121., 0., 0., 6.,
       43., 0., 0., 20., 15., 0., 0., 18., 121., 1., 1., 8., 76., 0., 0.,
       1., 8., 1., 5., 94., 3., 4., 91., 53., 0., 0., 23., 40., 114.,
       58., 35., 5., 0., 0., 12., 79., 116., 51., 2., 0., 0., 0., 0., 9.,
       7., 4., 0., 0., 0., 0., 2., 2., 0., 1., 43., 33., 0., 0., 71.,
       85., 34., 44., 123., 40., 0., 0., 18., 64., 123., 123., 39., 1.,
       0., 0., 0., 10., 47., 20., 1., 0., 0., 0., 0., 2., 0., 0., 92.,
       84., 1., 3., 30., 5., 85., 29., 78., 37., 0., 3., 15., 11., 123.,
       118., 11., 0., 0., 0., 0., 25., 45., 64., 5., 0., 0., 0., 0., 2.,
       0., 0., 3., 4., 4., 31., 123., 25., 19., 19., 2., 2., 33., 90.,
       62., 3., 39., 123., 21., 1., 9., 5., 0., 1., 59., 123., 6., 0.,
       0., 0., 0., 1., 21., 13., 58., 17., 0., 0., 28., 76., 92., 135.,
       44., 2., 0., 0., 0., 17., 59., 45., 0., 0., 0., 0., 1., 2., 2.,
       0., 0., 0., 0., 0., 0., 1., 33., 17., 120., 53., 0., 0., 4., 7.,
       136., 95., 35., 4., 0., 0., 0., 36., 136., 54., 2., 0., 0., 0.,
       0., 11., 3., 6., 3., 0., 0., 0., 0., 0., 32., 12., 7., 3., 8.,
       66., 77., 7., 129., 136., 16., 1., 5., 8., 2., 10., 59., 136.,
       14., 0., 0., 0., 0., 1., 19., 37., 1., 0., 0., 0., 0., 0., 0., 1.,
       3., 46., 100., 87., 28., 0., 25., 78., 9., 13., 48., 12., 1., 9.,
       136., 136., 3., 0., 0., 0., 0., 36., 82., 26., 0., 0., 0., 0., 0.,
       7., 1., 61., 59., 1., 3., 36., 3., 3., 28., 131., 63., 0., 0., 3.,
       12., 32., 130., 64., 5., 0., 0., 1., 21., 82., 38., 1., 0., 0.,
       0., 1., 2., 53., 20., 4., 2., 15., 78., 84., 6., 25., 115., 19.,
       3., 0., 1., 2., 20., 139., 101., 9., 0., 0., 0., 0., 15., 139.,
       25., 1., 0., 0., 0., 1., 2., 36., 54., 11., 13., 77., 43., 3., 1.,
       9., 139., 43., 1., 1., 1., 0., 1., 55., 137., 11., 0., 0., 0., 0.,
       2., 51., 4., 3., 0., 0., 0., 0., 0., 5., 18., 1., 4., 9., 0., 2.,
       91., 85., 139., 4., 0., 0., 0., 0., 23., 139., 75., 1., 0., 0.,
       0., 0., 0., 39., 1., 0., 0., 0., 0., 0., 0., 0., 0., 1., 87., 44.,
       0., 0., 53., 38., 80., 49., 49., 9., 0., 0., 48., 101., 87., 30.,
       7., 0., 0., 0., 1., 38., 0., 0., 0., 0., 0., 0., 0., 0., 0., 1.,
       86., 40., 0., 0., 95., 79., 20., 32., 122., 59., 0., 0., 52., 64.,
       77., 122., 84., 3., 0., 0., 0., 19., 5., 4., 1., 0., 0., 0., 0.,
       1., 0., 0., 122., 70., 0., 7., 65., 6., 62., 26., 105., 43., 1.,
       16., 29., 11., 122., 120., 23., 1., 0., 0., 0., 26., 17., 19., 6.,
       0., 0., 0., 0., 4., 1., 2., 5., 6., 7., 51., 122., 27., 10., 15.,
       2., 11., 72., 122., 58., 2., 43., 122., 23., 2., 17., 6., 0., 3.,
       14., 48., 14., 0., 0., 0., 0., 4., 13., 20., 31., 109., 120., 4.,
       0., 2., 110., 22., 0., 39., 101., 2., 0., 0., 120., 25., 0., 0.,
       85., 32., 0., 2., 78., 14., 0., 0., 94., 30., 0., 0., 2., 20.,
       91., 86., 16., 3., 21., 31., 94., 13., 2., 27., 20., 24., 75.,
       29., 120., 28., 0., 0., 67., 39., 15., 36., 54., 6., 0., 0., 101.,
       83., 39., 30., 10., 1., 4., 0., 0., 5., 72., 120., 14., 0., 0.,
       0., 0., 61., 120., 88., 67., 1., 0., 0., 4., 35., 74., 120., 6.,
       0., 0., 0., 5., 78., 103., 38., 5., 0., 0., 0., 0., 1., 6., 23.,
       1., 0., 0., 0., 0., 6., 11., 8., 2., 0., 0., 0., 0., 1., 4., 6.,
       0., 0., 0., 0., 0., 2., 2., 1., 1., 0., 2., 89., 108., 0., 0., 0.,
       118., 23., 11., 58., 35., 0., 0., 11., 86., 2., 0., 0., 0., 0.,
       0., 15., 2., 0., 0., 1., 0., 0., 0., 1., 8., 4., 26., 125., 125.,
