%YAML:1.0
tag: !!opencv-matrix
   rows: 138
   cols: 128
   dt: f
   data: [ 3., 135., 103., 0., 0., 1., 1., 0., 22., 135., 98., 0., 0.,
       0., 0., 0., 6., 135., 91., 0., 0., 0., 0., 0., 0., 134., 75., 0.,
       0., 0., 0., 0., 28., 47., 11., 0., 0., 22., 42., 25., 135., 120.,
       8., 0., 0., 0., 3., 39., 51., 135., 91., 6., 0., 0., 0., 1., 0.,
       135., 120., 1., 0., 0., 0., 0., 8., 0., 0., 0., 0., 36., 75., 23.,
       89., 36., 21., 1., 0., 2., 13., 39., 14., 34., 108., 15., 0., 0.,
       0., 1., 0., 57., 117., 15., 0., 0., 0., 0., 0., 0., 0., 0., 0.,
       20., 23., 1., 2., 6., 7., 0., 0., 19., 24., 2., 2., 9., 21., 3.,
       3., 7., 11., 3., 0., 3., 22., 27., 19., 7., 0., 0., 0., 9., 145.,
       51., 0., 0., 0., 0., 13., 116., 145., 5., 0., 0., 0., 0., 17.,
       85., 47., 0., 0., 0., 0., 0., 20., 35., 5., 0., 0., 0., 0., 0.,
       19., 23., 124., 64., 9., 0., 0., 0., 145., 123., 46., 3., 0., 0.,
       0., 1., 145., 51., 2., 0., 0., 0., 0., 1., 86., 10., 0., 0., 0.,
       0., 0., 1., 41., 2., 1., 7., 31., 9., 1., 6., 145., 4., 0., 0.,
       0., 1., 0., 15., 145., 2., 0., 0., 0., 0., 0., 11., 90., 3., 0.,
       0., 0., 0., 0., 2., 26., 0., 0., 0., 12., 17., 3., 11., 145., 0.,
       0., 0., 0., 1., 1., 25., 145., 5., 0., 0., 0., 0., 0., 4., 67.,
       4., 0., 0., 0., 0., 0., 1., 71., 2., 0., 0., 86., 11., 0., 2.,
       147., 14., 0., 0., 0., 0., 0., 1., 135., 12., 0., 0., 0., 0., 0.,
       1., 104., 9., 0., 0., 0., 0., 0., 0., 62., 0., 0., 0., 83., 49.,
       12., 16., 147., 5., 0., 0., 0., 2., 4., 23., 147., 11., 0., 0.,
       0., 0., 0., 6., 135., 16., 0., 0., 0., 0., 0., 0., 16., 2., 0.,
       1., 23., 53., 44., 27., 147., 5., 0., 0., 0., 2., 17., 68., 147.,
       13., 0., 0., 0., 0., 0., 3., 138., 16., 0., 0., 0., 0., 0., 0.,
       12., 17., 4., 5., 27., 6., 2., 4., 147., 34., 1., 0., 0., 0., 1.,
       10., 103., 15., 0., 0., 0., 0., 0., 2., 112., 14., 0., 0., 0., 0.,
       0., 0., 150., 50., 1., 0., 0., 0., 44., 109., 150., 60., 0., 0.,
       0., 0., 0., 24., 145., 42., 0., 0., 0., 0., 0., 1., 19., 4., 1.,
       0., 0., 0., 0., 1., 52., 0., 0., 0., 0., 2., 150., 150., 127., 9.,
       0., 0., 0., 9., 69., 109., 150., 26., 0., 0., 0., 0., 4., 17.,
       28., 5., 0., 0., 0., 0., 0., 3., 0., 0., 0., 0., 0., 12., 150.,
       19., 8., 0., 0., 0., 0., 39., 150., 27., 68., 2., 0., 0., 0., 4.,
       58., 81., 18., 1., 0., 0., 0., 0., 2., 16., 0., 0., 1., 2., 0.,
       1., 45., 6., 0., 0., 1., 5., 2., 12., 52., 2., 0., 0., 0., 1., 3.,
       8., 28., 10., 4., 2., 0., 0., 2., 1., 2., 4., 23., 12., 3., 23.,
       11., 0., 0., 0., 161., 54., 1., 2., 0., 0., 0., 0., 154., 35., 0.,
       0., 0., 0., 0., 0., 32., 11., 0., 0., 0., 0., 0., 0., 39., 11.,
       19., 34., 3., 0., 0., 0., 161., 22., 2., 2., 0., 0., 0., 2., 161.,
       22., 0., 0., 0., 0., 0., 1., 54., 12., 0., 0., 0., 0., 0., 0.,
       47., 8., 16., 8., 0., 9., 45., 16., 161., 7., 1., 0., 0., 0., 5.,
       52., 161., 8., 0., 0., 0., 0., 0., 8., 68., 4., 0., 0., 0., 0.,
       0., 1., 7., 0., 0., 0., 0., 33., 161., 29., 113., 0., 0., 0., 0.,
       3., 70., 138., 121., 0., 0., 0., 0., 0., 1., 26., 50., 1., 0., 0.,
       0., 0., 0., 6., 57., 19., 7., 18., 3., 0., 0., 0., 151., 44., 0.,
       0., 0., 0., 0., 0., 136., 31., 0., 0., 0., 0., 0., 0., 40., 14.,
       0., 0., 0., 0., 0., 0., 78., 19., 14., 8., 0., 1., 11., 9., 151.,
       29., 0., 0., 0., 0., 0., 12., 151., 23., 0., 0., 0., 0., 0., 1.,
       71., 11., 0., 0., 0., 0., 0., 0., 29., 1., 0., 0., 0., 10., 151.,
       56., 151., 1., 0., 0., 0., 0., 37., 147., 151., 6., 0., 0., 0.,
       0., 0., 17., 82., 5., 0., 0., 0., 0., 0., 3., 0., 0., 0., 0., 0.,
       17., 151., 13., 14., 0., 0., 0., 0., 10., 108., 81., 67., 0., 0.,
       0., 0., 3., 10., 29., 61., 0., 0., 0., 0., 0., 0., 8., 47., 4.,
       0., 1., 42., 2., 0., 0., 171., 30., 0., 0., 1., 0., 0., 0., 141.,
       20., 0., 0., 0., 0., 0., 0., 60., 13., 0., 0., 0., 0., 0., 0.,
       51., 2., 0., 0., 51., 7., 0., 1., 171., 13., 0., 0., 2., 0., 0.,
       7., 171., 13., 0., 0., 0., 0., 0., 1., 90., 6., 0., 0., 0., 0.,
       0., 1., 46., 0., 0., 0., 43., 16., 0., 5., 171., 5., 0., 0., 2.,
       1., 0., 9., 171., 6., 0., 0., 0., 0., 0., 1., 91., 6., 0., 0., 0.,
       0., 0., 1., 26., 0., 0., 0., 23., 18., 2., 7., 171., 2., 0., 0.,
       1., 2., 1., 15., 156., 6., 0., 0., 0., 0., 0., 1., 71., 5., 0.,
       0., 0., 0., 0., 2., 49., 6., 0., 1., 53., 3., 0., 0., 176., 41.,
       0., 0., 2., 0., 0., 0., 143., 24., 0., 0., 0., 0., 0., 0., 48.,
       9., 0., 0., 0., 0., 0., 1., 50., 1., 0., 0., 56., 18., 1., 5.,
       176., 11., 0., 0., 3., 2., 0., 16., 176., 7., 0., 0., 0., 0., 0.,
       8., 77., 2., 0., 0., 0., 0., 0., 3., 36., 0., 0., 0., 32., 34.,
       2., 9., 176., 5., 0., 0., 1., 4., 1., 20., 176., 12., 0., 0., 0.,
       0., 0., 2., 76., 9., 0., 0., 0., 0., 0., 0., 20., 0., 0., 0., 14.,
       15., 3., 10., 176., 17., 0., 0., 0., 2., 2., 19., 134., 35., 2.,
       0., 0., 0., 0., 0., 55., 19., 4., 0., 0., 0., 0., 0., 18., 0., 0.,
       0., 62., 21., 2., 14., 149., 0., 0., 0., 4., 4., 1., 115., 135.,
       1., 0., 0., 0., 0., 0., 57., 60., 0., 0., 0., 0., 0., 0., 41.,
       33., 0., 0., 0., 47., 24., 3., 16., 149., 3., 0., 0., 2., 3., 2.,
       59., 149., 6., 0., 0., 0., 0., 0., 23., 99., 0., 0., 0., 0., 0.,
       0., 33., 30., 1., 0., 0., 25., 20., 2., 6., 149., 50., 0., 0., 1.,
       2., 1., 10., 149., 35., 0., 0., 0., 0., 0., 6., 110., 5., 0., 0.,
       0., 0., 0., 6., 9., 1., 0., 0., 7., 24., 2., 1., 149., 78., 0.,
       0., 0., 3., 1., 2., 149., 112., 1., 0., 0., 0., 0., 0., 60., 40.,
       14., 1., 0., 0., 0., 0., 35., 9., 1., 8., 19., 0., 0., 0., 174.,
       49., 0., 0., 0., 0., 0., 0., 163., 30., 0., 0., 0., 0., 0., 0.,
       22., 6., 0., 0., 0., 0., 0., 0., 43., 8., 1., 14., 33., 0., 0.,
       0., 174., 22., 0., 1., 1., 0., 0., 1., 174., 19., 0., 0., 0., 0.,
       0., 1., 43., 4., 0., 0., 0., 0., 0., 2., 53., 5., 0., 20., 34.,
       0., 0., 1., 174., 6., 0., 1., 1., 0., 0., 17., 174., 9., 0., 0.,
       0., 0., 0., 6., 54., 2., 0., 0., 0., 0., 0., 2., 60., 2., 1., 21.,
       21., 0., 0., 11., 174., 1., 0., 1., 0., 0., 0., 64., 157., 0., 0.,
       0., 0., 0., 0., 26., 37., 0., 0., 0., 0., 0., 0., 6., 32., 4., 0.,
       5., 17., 0., 0., 0., 174., 14., 0., 0., 0., 0., 0., 1., 174., 5.,
       0., 0., 0., 0., 0., 4., 30., 2., 0., 0., 0., 0., 1., 5., 45., 3.,
       0., 12., 19., 0., 0., 1., 174., 4., 0., 1., 0., 0., 0., 17., 174.,
       3., 0., 0., 0., 0., 0., 9., 45., 1., 0., 0., 0., 0., 0., 3., 63.,
       4., 2., 18., 15., 0., 0., 4., 174., 2., 0., 0., 0., 0., 0., 35.,
       174., 1., 0., 0., 0., 0., 0., 13., 42., 2., 0., 0., 0., 0., 0.,
       2., 75., 2., 0., 13., 11., 0., 0., 13., 174., 0., 0., 0., 0., 0.,
       0., 65., 153., 0., 0., 0., 0., 0., 0., 22., 27., 1., 0., 0., 0.,
       0., 1., 5., 0., 0., 4., 25., 3., 0., 0., 0., 10., 5., 13., 27.,
       1., 0., 0., 2., 96., 7., 3., 1., 0., 0., 1., 119., 27., 0., 0.,
       0., 0., 0., 24., 147., 0., 0., 1., 50., 21., 0., 0., 0., 39., 27.,
       34., 69., 13., 1., 2., 10., 147., 41., 8., 2., 0., 0., 0., 67.,
       147., 4., 0., 0., 0., 0., 1., 80., 0., 0., 0., 31., 55., 1., 0.,
       0., 61., 15., 3., 21., 32., 5., 12., 78., 147., 60., 1., 0., 0.,
       0., 2., 90., 147., 88., 0., 0., 0., 0., 0., 2., 0., 0., 0., 2.,
       51., 8., 0., 0., 47., 57., 8., 3., 26., 5., 0., 6., 72., 147.,
       77., 3., 0., 0., 0., 5., 59., 147., 25., 0., 0., 0., 0., 0., 24.,
       0., 0., 15., 94., 0., 0., 1., 150., 2., 0., 1., 7., 0., 0., 12.,
       133., 21., 0., 0., 0., 0., 0., 3., 84., 5., 0., 0., 0., 0., 0.,
       4., 36., 1., 0., 15., 112., 0., 0., 0., 150., 2., 0., 1., 6., 0.,
       0., 11., 150., 4., 0., 0., 0., 0., 0., 13., 115., 1., 0., 0., 0.,
       0., 0., 10., 42., 1., 0., 11., 116., 0., 0., 0., 150., 2., 0., 1.,
       5., 0., 0., 7., 150., 2., 0., 0., 0., 0., 0., 11., 108., 0., 0.,
