%YAML:1.0
tag: !!opencv-matrix
   rows: 79
   cols: 128
   dt: f
   data: [ 0., 95., 131., 0., 0., 0., 0., 0., 30., 131., 112., 0., 0.,
       0., 0., 0., 27., 48., 9., 3., 0., 0., 0., 0., 0., 1., 27., 13.,
       0., 0., 0., 0., 28., 44., 62., 0., 0., 0., 0., 4., 131., 114.,
       36., 3., 0., 0., 0., 23., 95., 41., 112., 106., 0., 0., 0., 3.,
       0., 0., 131., 131., 0., 0., 0., 0., 44., 9., 0., 0., 0., 0., 0.,
       6., 131., 84., 73., 33., 0., 0., 0., 12., 15., 17., 131., 131.,
       0., 0., 0., 1., 0., 0., 97., 102., 0., 0., 0., 0., 5., 9., 2., 0.,
       0., 0., 0., 0., 4., 29., 46., 14., 0., 0., 0., 0., 0., 1., 25.,
       38., 0., 0., 6., 3., 0., 0., 2., 4., 0., 1., 14., 1., 4., 0., 0.,
       0., 4., 1., 2., 12., 3., 0., 0., 0., 0., 16., 44., 25., 1., 0.,
       0., 0., 0., 31., 20., 5., 19., 0., 0., 0., 0., 1., 2., 99., 54.,
       7., 0., 1., 6., 0., 1., 16., 141., 10., 0., 0., 0., 47., 96., 86.,
       9., 0., 0., 0., 0., 151., 151., 43., 31., 0., 0., 0., 0., 11.,
       54., 151., 64., 9., 0., 1., 2., 0., 0., 0., 151., 29., 0., 0., 0.,
       8., 15., 24., 85., 2., 0., 0., 0., 86., 151., 41., 4., 0., 0., 0.,
       0., 9., 88., 128., 48., 1., 0., 0., 0., 0., 0., 9., 151., 3., 0.,
       0., 0., 0., 0., 47., 108., 0., 0., 0., 0., 1., 8., 18., 0., 0.,
       0., 0., 0., 0., 8., 4., 68., 6., 0., 0., 0., 0., 0., 0., 174.,
       36., 0., 0., 0., 0., 0., 0., 85., 8., 0., 0., 0., 0., 0., 0., 0.,
       0., 0., 0., 0., 0., 0., 0., 68., 6., 0., 0., 0., 1., 4., 1., 174.,
       46., 0., 0., 0., 0., 0., 1., 136., 10., 0., 0., 0., 0., 0., 0.,
       0., 0., 0., 0., 0., 0., 0., 0., 27., 1., 0., 0., 0., 47., 174.,
       18., 174., 16., 0., 0., 0., 4., 67., 103., 137., 8., 0., 0., 0.,
       0., 0., 15., 1., 0., 0., 0., 0., 0., 0., 0., 0., 0., 0., 0., 0.,
       47., 174., 6., 32., 0., 0., 0., 0., 8., 139., 102., 25., 0., 0.,
       0., 0., 0., 3., 30., 0., 0., 0., 0., 0., 0., 0., 0., 1., 0., 32.,
       5., 0., 0., 0., 0., 149., 42., 15., 1., 0., 0., 0., 0., 156., 62.,
       0., 0., 0., 0., 0., 0., 23., 4., 0., 0., 0., 0., 0., 0., 1., 0.,
       0., 0., 0., 0., 7., 11., 137., 15., 0., 0., 0., 0., 34., 56.,
       156., 44., 0., 0., 0., 0., 5., 47., 45., 5., 0., 0., 0., 0., 0.,
       2., 45., 22., 0., 0., 0., 2., 10., 42., 79., 80., 1., 0., 0., 0.,
       103., 156., 131., 29., 0., 0., 0., 0., 36., 156., 22., 1., 0., 0.,
       0., 0., 0., 11., 13., 38., 3., 0., 11., 47., 1., 1., 36., 156.,
       9., 0., 0., 0., 1., 11., 56., 156., 1., 0., 0., 0., 2., 15., 11.,
       23., 0., 0., 0., 0., 0., 1., 0., 20., 146., 0., 0., 0., 0., 0.,
       19., 110., 106., 0., 0., 0., 0., 0., 15., 25., 2., 0., 0., 0., 0.,
       0., 0., 0., 0., 0., 0., 0., 0., 0., 23., 42., 146., 0., 0., 0.,
       1., 1., 146., 146., 52., 0., 0., 0., 0., 2., 123., 23., 0., 0.,
       0., 0., 0., 0., 0., 0., 0., 0., 0., 0., 0., 0., 30., 3., 3., 0.,
       0., 0., 141., 34., 146., 4., 0., 0., 0., 0., 33., 121., 133., 0.,
       0., 0., 0., 0., 0., 18., 0., 0., 0., 0., 0., 0., 0., 0., 1., 0.,
       0., 0., 0., 1., 146., 24., 36., 0., 0., 0., 0., 0., 110., 133.,
       23., 0., 0., 0., 0., 0., 2., 28., 0., 0., 0., 0., 0., 0., 0., 0.,
       0., 21., 144., 0., 0., 0., 11., 0., 29., 127., 106., 0., 0., 0.,
       15., 1., 21., 27., 1., 0., 0., 0., 20., 1., 0., 0., 0., 0., 0.,
       0., 16., 1., 29., 41., 144., 0., 0., 0., 0., 2., 144., 142., 42.,
       0., 0., 0., 0., 4., 137., 22., 0., 0., 0., 0., 0., 0., 1., 0., 0.,
       0., 0., 0., 0., 0., 43., 2., 2., 0., 0., 0., 10., 84., 144., 3.,
       0., 0., 0., 0., 4., 144., 136., 0., 0., 0., 0., 0., 0., 22., 1.,
       0., 0., 0., 0., 0., 0., 0., 78., 53., 0., 0., 6., 14., 4., 50.,
       144., 83., 0., 0., 0., 0., 2., 122., 40., 10., 0., 0., 0., 0., 0.,
       21., 0., 0., 0., 0., 0., 0., 0., 0., 0., 0., 144., 30., 0., 0.,
       0., 0., 47., 76., 144., 13., 0., 0., 0., 0., 144., 117., 21., 0.,
       0., 0., 0., 0., 18., 5., 0., 0., 0., 0., 0., 0., 0., 0., 20., 3.,
       0., 0., 9., 8., 114., 20., 10., 1., 0., 0., 28., 38., 144., 41.,
       0., 0., 0., 0., 3., 34., 42., 4., 0., 0., 0., 0., 0., 1., 35.,
       21., 1., 0., 0., 2., 16., 41., 57., 63., 3., 0., 0., 0., 103.,
       144., 136., 25., 0., 0., 0., 0., 29., 144., 22., 1., 0., 0., 0.,
       0., 0., 9., 11., 34., 6., 0., 12., 54., 2., 1., 25., 144., 22.,
       0., 1., 1., 2., 12., 52., 144., 2., 0., 0., 0., 2., 17., 12., 21.,
       0., 0., 0., 0., 0., 1., 0., 12., 137., 12., 0., 0., 4., 0., 20.,
       91., 86., 1., 0., 0., 2., 1., 12., 18., 1., 1., 3., 0., 0., 0.,
       0., 0., 0., 24., 102., 0., 0., 0., 28., 38., 137., 9., 0., 0., 3.,
       4., 137., 136., 46., 1., 0., 0., 0., 7., 93., 17., 0., 0., 5., 0.,
       0., 1., 0., 0., 0., 11., 137., 4., 0., 0., 25., 3., 5., 0., 0.,
       0., 137., 71., 137., 6., 0., 0., 0., 0., 42., 137., 84., 1., 0.,
       0., 4., 0., 0., 22., 0., 0., 0., 0., 137., 32., 0., 0., 0., 0.,
       0., 0., 0., 0., 137., 36., 11., 0., 0., 0., 0., 0., 67., 96., 8.,
       0., 0., 0., 1., 0., 1., 16., 0., 0., 0., 0., 42., 32., 0., 0., 0.,
       1., 18., 14., 3., 57., 106., 0., 0., 7., 21., 1., 0., 72., 124.,
       0., 0., 2., 2., 0., 0., 73., 124., 1., 0., 0., 0., 0., 0., 51.,
       118., 0., 0., 9., 91., 102., 60., 4., 3., 0., 10., 106., 124., 7.,
       1., 8., 19., 0., 70., 98., 29., 0., 0., 23., 69., 7., 13., 2., 0.,
       0., 0., 50., 124., 4., 0., 1., 9., 21., 124., 46., 0., 0., 91.,
       39., 28., 4., 13., 8., 0., 5., 124., 41., 3., 0., 0., 0., 0., 21.,
       34., 2., 0., 0., 0., 2., 5., 5., 0., 0., 7., 20., 100., 79., 0.,
       0., 58., 18., 0., 2., 27., 35., 1., 1., 124., 113., 1., 0., 0.,
       0., 0., 2., 18., 43., 7., 0., 0., 0., 0., 0., 0., 1., 54., 124.,
       1., 0., 0., 0., 25., 58., 124., 55., 0., 0., 0., 0., 61., 73.,
       18., 3., 71., 12., 0., 0., 1., 0., 0., 0., 124., 30., 0., 0., 0.,
       1., 15., 124., 10., 0., 6., 6., 79., 23., 14., 16., 0., 0., 21.,
       38., 124., 32., 0., 0., 51., 13., 3., 30., 4., 0., 0., 0., 124.,
       43., 0., 1., 6., 0., 3., 13., 3., 0., 37., 124., 11., 0., 0., 0.,
       0., 0., 124., 124., 47., 1., 0., 0., 39., 18., 53., 114., 2., 0.,
       0., 0., 124., 51., 1., 3., 68., 0., 0., 0., 0., 0., 7., 124., 5.,
       0., 0., 0., 0., 0., 37., 62., 0., 0., 0., 0., 33., 11., 17., 10.,
       0., 0., 0., 0., 124., 38., 0., 0., 13., 88., 144., 0., 0., 0., 0.,
       0., 12., 79., 99., 0., 0., 0., 0., 0., 9., 17., 2., 0., 0., 0.,
       0., 0., 0., 0., 0., 0., 0., 0., 0., 0., 22., 89., 144., 0., 0.,
       0., 0., 1., 144., 144., 80., 0., 0., 0., 0., 2., 103., 22., 0.,
       0., 0., 0., 0., 0., 0., 0., 0., 0., 0., 0., 0., 0., 33., 5., 5.,
       0., 0., 0., 122., 56., 144., 8., 0., 0., 0., 0., 32., 144., 115.,
       1., 0., 0., 0., 0., 0., 18., 0., 0., 0., 0., 0., 0., 0., 0., 1.,
       0., 0., 0., 0., 0., 144., 59., 27., 0., 0., 0., 0., 0., 90., 144.,
       15., 0., 0., 0., 0., 0., 1., 21., 0., 0., 0., 0., 0., 0., 0., 0.,
       0., 18., 146., 0., 0., 0., 0., 0., 21., 111., 108., 0., 0., 0.,
       0., 0., 16., 25., 2., 0., 0., 0., 0., 0., 0., 0., 0., 0., 0., 0.,
       0., 0., 24., 38., 146., 0., 0., 0., 1., 1., 146., 144., 50., 0.,
       0., 0., 0., 2., 124., 22., 0., 0., 0., 0., 0., 0., 0., 0., 0., 0.,
       0., 0., 0., 0., 28., 2., 3., 0., 0., 0., 145., 34., 146., 4., 0.,
       0., 0., 0., 35., 123., 132., 0., 0., 0., 0., 0., 0., 18., 0., 0.,
       0., 0., 0., 0., 0., 0., 1., 0., 0., 0., 0., 1., 146., 21., 34.,
       0., 0., 0., 0., 0., 110., 130., 22., 0., 0., 0., 0., 0., 2., 28.,
       0., 0., 0., 0., 0., 0., 0., 0., 27., 26., 0., 1., 17., 4., 0., 0.,
       136., 103., 0., 0., 0., 0., 0., 2., 81., 24., 0., 0., 0., 0., 0.,
       0., 0., 0., 0., 0., 0., 0., 0., 0., 37., 2., 0., 7., 10., 0., 0.,
       5., 136., 46., 6., 0., 0., 0., 0., 28., 109., 55., 36., 0., 0.,
       0., 0., 4., 0., 14., 11., 0., 0., 0., 0., 0., 19., 9., 0., 1., 0.,
       0., 24., 12., 79., 134., 65., 0., 0., 7., 23., 5., 11., 136.,
