%YAML:1.0
tag: !!opencv-matrix
   rows: 81
   cols: 128
   dt: f
   data: [ 0., 0., 0., 69., 79., 0., 0., 0., 69., 0., 0., 4., 4., 0., 0.,
       30., 157., 0., 0., 0., 0., 0., 0., 131., 93., 0., 0., 0., 0., 0.,
       0., 48., 1., 0., 0., 28., 60., 0., 0., 1., 157., 4., 0., 1., 1.,
       0., 0., 13., 157., 13., 0., 0., 0., 0., 0., 43., 91., 9., 2., 7.,
       1., 0., 0., 12., 1., 0., 0., 10., 33., 1., 1., 1., 137., 21., 0.,
       0., 0., 0., 0., 6., 157., 99., 3., 0., 0., 0., 0., 1., 57., 42.,
       36., 38., 1., 0., 0., 0., 0., 0., 1., 6., 14., 0., 0., 0., 32.,
       37., 1., 1., 0., 0., 0., 0., 86., 157., 34., 0., 0., 0., 0., 0.,
       6., 66., 148., 62., 0., 0., 0., 0., 44., 94., 17., 0., 0., 0., 0.,
       0., 167., 167., 2., 0., 0., 0., 0., 0., 73., 35., 0., 0., 0., 0.,
       0., 0., 2., 3., 1., 0., 0., 0., 0., 0., 72., 18., 0., 0., 0., 0.,
       0., 1., 167., 57., 0., 0., 0., 0., 0., 6., 167., 18., 0., 0., 0.,
       0., 0., 2., 8., 4., 0., 0., 0., 0., 0., 2., 70., 2., 0., 0., 0.,
       0., 0., 20., 167., 10., 0., 0., 0., 0., 0., 58., 167., 7., 0., 0.,
       0., 0., 0., 23., 6., 1., 0., 0., 0., 0., 1., 5., 83., 0., 0., 0.,
       0., 0., 0., 38., 167., 0., 0., 0., 0., 0., 0., 126., 75., 1., 1.,
       0., 0., 0., 0., 37., 2., 1., 4., 4., 0., 0., 0., 2., 0., 9., 143.,
       24., 0., 0., 0., 0., 13., 89., 121., 1., 0., 0., 0., 0., 21., 37.,
       5., 0., 0., 0., 0., 0., 2., 1., 0., 0., 0., 0., 0., 0., 25., 40.,
       143., 27., 0., 0., 0., 1., 143., 140., 69., 1., 0., 0., 0., 6.,
       143., 29., 1., 0., 0., 0., 0., 3., 5., 2., 0., 0., 0., 0., 0., 0.,
       51., 9., 12., 1., 0., 0., 61., 64., 143., 5., 0., 0., 0., 0., 11.,
       131., 142., 1., 0., 0., 0., 0., 0., 24., 6., 1., 0., 0., 0., 0.,
       0., 0., 2., 0., 0., 0., 0., 0., 143., 92., 43., 0., 0., 0., 0.,
       0., 69., 143., 26., 0., 0., 0., 0., 0., 1., 39., 2., 0., 0., 0.,
       0., 0., 0., 2., 0., 85., 154., 10., 1., 0., 0., 0., 7., 118., 66.,
       0., 0., 0., 0., 0., 8., 27., 2., 0., 0., 0., 0., 0., 0., 3., 3.,
       0., 0., 0., 0., 0., 20., 112., 143., 29., 17., 0., 0., 0., 154.,
       154., 49., 0., 0., 0., 0., 3., 103., 39., 0., 0., 0., 0., 0., 1.,
       2., 2., 1., 2., 2., 2., 1., 1., 81., 11., 5., 14., 32., 0., 0.,
       16., 154., 16., 1., 0., 0., 0., 0., 84., 137., 3., 0., 0., 0., 0.,
       0., 24., 4., 0., 0., 24., 18., 0., 0., 1., 108., 0., 0., 5., 16.,
       0., 0., 29., 154., 0., 0., 0., 0., 0., 0., 95., 59., 1., 0., 3.,
       2., 0., 0., 20., 1., 0., 0., 54., 52., 0., 0., 0., 4., 0., 0.,
       24., 125., 1., 0., 2., 125., 5., 1., 6., 21., 1., 0., 23., 63.,
       7., 3., 94., 93., 0., 0., 4., 49., 0., 0., 31., 46., 0., 0., 34.,
       11., 0., 0., 39., 125., 0., 0., 2., 125., 10., 2., 17., 20., 0.,
       0., 14., 32., 7., 3., 103., 104., 0., 0., 4., 125., 0., 0., 15.,
       18., 0., 0., 86., 17., 2., 0., 38., 125., 0., 0., 0., 99., 26.,
       8., 32., 15., 0., 0., 2., 31., 4., 4., 76., 56., 0., 0., 25.,
       125., 0., 0., 3., 4., 0., 0., 125., 7., 4., 0., 25., 124., 0., 0.,
       0., 18., 23., 12., 19., 6., 0., 0., 0., 73., 1., 3., 24., 7., 0.,
       0., 45., 125., 0., 0., 5., 5., 0., 0., 93., 3., 0., 0., 0., 133.,
       24., 0., 1., 21., 0., 0., 0., 11., 16., 12., 20., 45., 25., 0.,
       0., 9., 34., 6., 3., 133., 96., 0., 0., 0., 0., 0., 0., 8., 1.,
       0., 1., 133., 29., 0., 0., 102., 3., 0., 1., 25., 18., 7., 26.,
       28., 8., 0., 0., 57., 80., 6., 9., 133., 102., 0., 0., 5., 5., 0.,
       0., 7., 1., 0., 1., 133., 24., 0., 0., 133., 15., 0., 0., 29.,
       10., 2., 8., 50., 3., 0., 0., 95., 96., 5., 8., 101., 71., 0., 0.,
       31., 18., 0., 0., 2., 0., 0., 0., 133., 34., 0., 0., 133., 14.,
       0., 0., 30., 6., 1., 3., 89., 5., 0., 0., 82., 79., 6., 8., 37.,
       26., 0., 0., 65., 40., 0., 0., 2., 11., 126., 40., 0., 0., 57.,
       36., 71., 121., 65., 5., 0., 0., 36., 40., 58., 31., 0., 0., 0.,
       0., 29., 35., 2., 1., 0., 0., 0., 0., 13., 10., 42., 22., 121.,
       39., 0., 0., 0., 21., 139., 101., 28., 2., 0., 0., 0., 61., 139.,
       55., 0., 0., 0., 0., 0., 6., 6., 8., 0., 0., 0., 0., 0., 0., 35.,
       63., 21., 2., 8., 11., 2., 8., 100., 139., 48., 0., 0., 0., 0.,
       17., 126., 139., 5., 0., 0., 0., 0., 1., 17., 28., 1., 0., 0., 0.,
       0., 0., 1., 8., 10., 20., 40., 9., 0., 5., 86., 73., 17., 1., 0.,
       0., 0., 81., 139., 70., 1., 0., 0., 0., 0., 92., 39., 10., 0., 0.,
       0., 0., 0., 7., 9., 69., 41., 0., 2., 4., 2., 10., 28., 132., 71.,
       0., 0., 2., 12., 34., 111., 72., 11., 0., 0., 22., 40., 49., 12.,
       0., 0., 0., 0., 87., 117., 14., 58., 28., 2., 7., 10., 3., 3.,
       24., 124., 29., 1., 0., 0., 0., 37., 132., 111., 5., 0., 0., 0.,
       0., 8., 132., 18., 0., 0., 0., 0., 8., 15., 23., 54., 37., 3., 4.,
       1., 0., 17., 26., 132., 59., 0., 0., 0., 0., 3., 84., 131., 4.,
       0., 0., 0., 0., 0., 54., 7., 1., 0., 0., 0., 0., 0., 5., 13., 1.,
       0., 0., 0., 0., 132., 119., 84., 1., 0., 0., 0., 0., 49., 132.,
       51., 1., 0., 0., 0., 0., 0., 36., 5., 2., 0., 0., 0., 0., 0., 0.,
       0., 0., 68., 33., 0., 0., 72., 38., 0., 1., 43., 22., 0., 0.,
       118., 74., 5., 5., 15., 6., 0., 0., 118., 108., 1., 0., 2., 1.,
       0., 0., 118., 87., 0., 0., 106., 41., 0., 0., 85., 47., 11., 29.,
       118., 49., 0., 0., 57., 38., 110., 109., 41., 2., 0., 0., 29.,
       38., 29., 10., 0., 0., 0., 0., 18., 18., 3., 4., 118., 40., 0.,
       7., 15., 0., 66., 42., 72., 20., 0., 1., 0., 30., 118., 112., 12.,
       0., 0., 0., 0., 39., 46., 38., 0., 0., 0., 0., 0., 1., 1., 2., 2.,
       11., 38., 77., 59., 0., 14., 48., 21., 5., 18., 11., 1., 2., 79.,
       118., 23., 0., 0., 0., 0., 12., 79., 71., 0., 0., 0., 0., 0., 7.,
       3., 35., 63., 60., 14., 0., 2., 3., 87., 4., 3., 29., 17., 1., 7.,
       9., 129., 14., 0., 0., 65., 11., 0., 2., 54., 7., 0., 0., 126.,
       20., 0., 0., 13., 5., 8., 2., 0., 6., 24., 81., 57., 3., 0., 1.,
       0., 53., 73., 49., 129., 15., 0., 0., 62., 18., 13., 32., 54., 8.,
       0., 0., 129., 30., 0., 1., 3., 0., 0., 0., 0., 18., 129., 129.,
       5., 0., 0., 0., 0., 74., 129., 74., 41., 0., 0., 0., 59., 36.,
       115., 91., 34., 5., 0., 0., 129., 44., 3., 3., 0., 0., 0., 0., 0.,
       3., 53., 31., 0., 0., 0., 0., 0., 4., 46., 11., 0., 0., 0., 0.,
       66., 24., 29., 4., 17., 1., 0., 0., 129., 39., 0., 0., 1., 1.,
       12., 127., 43., 2., 3., 5., 106., 12., 0., 17., 10., 4., 12., 9.,
       127., 16., 0., 0., 64., 51., 3., 5., 14., 39., 3., 0., 93., 73.,
       0., 1., 9., 0., 0., 8., 77., 26., 18., 61., 78., 6., 0., 0., 5.,
       75., 48., 52., 127., 21., 0., 0., 24., 55., 10., 30., 12., 2., 1.,
       0., 78., 127., 8., 4., 13., 0., 0., 0., 18., 38., 91., 127., 12.,
       0., 0., 0., 2., 93., 127., 95., 97., 2., 0., 0., 1., 19., 88.,
       127., 12., 0., 0., 0., 6., 127., 34., 13., 46., 3., 0., 0., 0.,
       1., 41., 48., 1., 0., 0., 0., 0., 6., 48., 19., 0., 0., 0., 0.,
       0., 2., 31., 15., 0., 0., 0., 0., 0., 4., 7., 6., 8., 2., 0., 1.,
       100., 41., 2., 4., 52., 17., 1., 0., 1., 3., 26., 34., 38., 51.,
       8., 0., 0., 1., 83., 83., 90., 42., 2., 0., 0., 0., 10., 93., 3.,
       19., 11., 2., 33., 122., 34., 1., 101., 28., 0., 0., 0., 64., 59.,
       24., 122., 21., 0., 0., 0., 0., 41., 114., 35., 0., 0., 0., 0.,
       0., 12., 109., 0., 122., 65., 0., 0., 30., 10., 0., 24., 100.,
       23., 0., 0., 49., 81., 40., 122., 41., 2., 0., 0., 1., 21., 121.,
       43., 10., 2., 0., 0., 0., 0., 16., 3., 55., 16., 0., 0., 2., 12.,
       11., 7., 122., 38., 0., 0., 3., 20., 9., 22., 122., 52., 0., 0.,
       1., 2., 10., 4., 114., 37., 0., 0., 0., 0., 1., 1., 129., 99., 6.,
       0., 0., 0., 0., 19., 129., 46., 0., 0., 0., 0., 0., 15., 31., 2.,
       0., 0., 0., 0., 0., 0., 0., 0., 0., 0., 0., 0., 0., 26., 44., 17.,
       2., 1., 17., 10., 4., 129., 129., 11., 0., 0., 0., 1., 24., 97.,
       58., 4., 0., 0., 0., 0., 7., 2., 5., 1., 0., 0., 0., 0., 0., 15.,
