%YAML:1.0
tag: !!opencv-matrix
   rows: 117
   cols: 128
   dt: f
   data: [ 44., 100., 1., 0., 0., 0., 0., 0., 48., 90., 7., 5., 84., 36.,
       4., 3., 1., 0., 0., 0., 78., 67., 66., 12., 0., 0., 0., 0., 0.,
       0., 111., 34., 46., 33., 0., 0., 0., 0., 0., 0., 161., 48., 0.,
       0., 5., 36., 35., 32., 32., 1., 0., 0., 6., 76., 161., 59., 0.,
       0., 0., 0., 0., 0., 161., 83., 54., 1., 0., 0., 0., 0., 0., 8.,
       161., 19., 0., 0., 0., 0., 5., 39., 123., 10., 0., 0., 0., 1.,
       57., 24., 1., 0., 0., 1., 1., 0., 36., 13., 62., 0., 0., 0., 0.,
       0., 0., 15., 161., 2., 0., 0., 0., 0., 0., 101., 80., 3., 0., 0.,
       0., 0., 0., 25., 1., 0., 1., 2., 2., 0., 0., 1., 0., 0., 0., 3.,
       18., 18., 3., 0., 20., 0., 0., 0., 1., 0., 1., 20., 38., 0., 0.,
       0., 0., 0., 87., 138., 1., 0., 0., 0., 1., 20., 157., 35., 0., 0.,
       1., 27., 23., 3., 0., 0., 107., 1., 0., 0., 1., 0., 0., 12., 157.,
       2., 0., 0., 0., 0., 26., 126., 53., 0., 0., 0., 26., 32., 122.,
       53., 1., 0., 1., 5., 0., 0., 1., 1., 106., 11., 0., 0., 0., 0.,
       0., 3., 157., 97., 2., 0., 0., 0., 0., 2., 84., 41., 18., 18.,
       42., 2., 1., 2., 0., 0., 0., 0., 0., 15., 31., 7., 22., 21., 0.,
       0., 1., 11., 2., 0., 85., 157., 35., 0., 0., 0., 0., 0., 12.,
       107., 157., 48., 6., 0., 0., 0., 34., 61., 0., 0., 0., 0., 0., 0.,
       141., 141., 1., 0., 0., 0., 0., 0., 42., 39., 39., 24., 0., 0.,
       0., 0., 0., 29., 52., 7., 0., 0., 0., 0., 42., 4., 0., 0., 0., 0.,
       0., 8., 141., 51., 7., 15., 1., 0., 0., 22., 60., 30., 74., 141.,
       19., 0., 0., 1., 0., 141., 141., 66., 3., 0., 0., 0., 48., 0., 0.,
       0., 0., 0., 1., 47., 141., 18., 18., 73., 9., 1., 2., 53., 11.,
       7., 15., 141., 39., 0., 0., 0., 0., 59., 26., 34., 6., 0., 0., 0.,
       9., 0., 0., 0., 0., 6., 36., 141., 13., 1., 3., 32., 49., 110.,
       36., 54., 0., 0., 1., 45., 27., 68., 9., 0., 0., 1., 1., 3., 1.,
       6., 1., 0., 5., 18., 141., 16., 0., 0., 0., 0., 26., 42., 83.,
       38., 66., 15., 1., 3., 1., 0., 0., 9., 92., 41., 1., 1., 0., 0.,
       0., 0., 3., 2., 0., 0., 40., 11., 25., 2., 0., 0., 0., 1., 141.,
       20., 4., 0., 11., 43., 11., 25., 14., 0., 0., 0., 69., 141., 11.,
       9., 0., 0., 0., 0., 8., 46., 4., 0., 31., 4., 0., 0., 0., 0., 42.,
       14., 141., 16., 0., 0., 1., 12., 18., 59., 66., 1., 0., 0., 11.,
       141., 50., 26., 0., 0., 0., 0., 1., 141., 110., 0., 2., 0., 0.,
       0., 0., 0., 141., 39., 57., 0., 0., 0., 0., 0., 119., 141., 27.,
       0., 0., 0., 0., 30., 25., 48., 0., 0., 0., 0., 0., 78., 86., 0.,
       0., 0., 0., 1., 0., 0., 0., 0., 0., 2., 17., 30., 2., 0., 0., 0.,
       3., 28., 30., 10., 0., 0., 0., 0., 2., 5., 1., 0., 0., 0., 0., 0.,
       0., 1., 3., 50., 5., 0., 0., 0., 13., 19., 45., 155., 23., 0., 0.,
       0., 152., 115., 60., 51., 1., 0., 0., 6., 30., 10., 0., 0., 0.,
       0., 0., 2., 0., 26., 112., 155., 17., 0., 0., 0., 95., 15., 19.,
       155., 26., 0., 0., 5., 155., 23., 8., 18., 0., 0., 0., 30., 41.,
       2., 0., 0., 0., 0., 0., 4., 0., 22., 121., 68., 3., 1., 0., 0.,
       89., 33., 12., 62., 3., 0., 0., 1., 155., 150., 30., 0., 0., 0.,
       0., 2., 15., 60., 46., 0., 0., 0., 0., 0., 0., 0., 0., 1., 2.,
       65., 115., 20., 101., 3., 0., 0., 0., 56., 17., 28., 157., 12.,
       0., 0., 0., 0., 30., 141., 13., 1., 0., 0., 0., 0., 40., 57., 0.,
       0., 0., 0., 5., 157., 118., 29., 99., 3., 0., 0., 28., 157., 24.,
       14., 157., 20., 0., 0., 1., 16., 8., 18., 41., 3., 0., 0., 0., 0.,
       0., 1., 0., 0., 0., 0., 6., 50., 3., 1., 14., 0., 0., 0., 29.,
       157., 56., 16., 157., 6., 0., 0., 1., 46., 73., 96., 32., 2., 0.,
       0., 0., 1., 1., 8., 0., 0., 0., 0., 0., 2., 1., 1., 0., 0., 0.,
       0., 1., 27., 19., 1., 4., 0., 0., 0., 0., 9., 34., 24., 3., 0.,
       0., 0., 0., 0., 0., 5., 22., 0., 0., 1., 4., 0., 0., 2., 160., 2.,
       0., 0., 0., 0., 6., 52., 106., 4., 1., 57., 32., 52., 62., 33.,
       0., 0., 0., 113., 111., 79., 22., 0., 35., 0., 0., 1., 3., 0., 0.,
       4., 160., 18., 6., 17., 1., 0., 0., 30., 103., 14., 12., 160.,
       50., 0., 0., 5., 0., 0., 0., 160., 57., 0., 0., 0., 28., 7., 0.,
       1., 2., 0., 0., 2., 160., 110., 44., 53., 3., 0., 0., 6., 17.,
       21., 34., 160., 40., 0., 0., 0., 1., 0., 0., 45., 8., 0., 0., 4.,
       2., 4., 0., 0., 1., 1., 1., 0., 6., 36., 30., 12., 0., 0., 0., 0.,
       0., 3., 18., 36., 4., 0., 0., 1., 13., 0., 0., 1., 0., 0., 0.,
       55., 3., 0., 1., 1., 1., 0., 1., 7., 5., 0., 0., 0., 0., 13., 41.,
       24., 0., 1., 0., 0., 1., 28., 17., 1., 10., 40., 0., 0., 0., 1.,
       0., 0., 37., 4., 0., 0., 3., 1., 1., 8., 162., 10., 0., 0., 1.,
       62., 73., 78., 14., 0., 0., 0., 37., 162., 45., 11., 1., 3., 0.,
       0., 7., 40., 0., 0., 41., 4., 0., 0., 5., 1., 0., 0., 162., 27.,
       0., 0., 1., 19., 8., 13., 92., 3., 0., 0., 48., 162., 14., 12.,
       0., 0., 0., 0., 44., 162., 0., 0., 22., 3., 0., 0., 7., 1., 0.,
       0., 162., 67., 6., 0., 0., 0., 0., 1., 96., 42., 64., 50., 25.,
       67., 3., 2., 0., 0., 23., 83., 109., 118., 0., 0., 1., 0., 0., 1.,
       26., 1., 0., 0., 95., 0., 0., 0., 0., 0., 0., 17., 153., 2., 0.,
       0., 0., 6., 46., 97., 16., 0., 0., 15., 21., 82., 112., 15., 1.,
       0., 0., 2., 30., 1., 0., 0., 153., 2., 0., 0., 0., 0., 0., 6.,
       153., 14., 2., 12., 1., 0., 0., 12., 36., 4., 3., 153., 68., 4.,
       2., 1., 1., 0., 0., 1., 29., 1., 0., 1., 152., 7., 0., 0., 0., 0.,
       0., 8., 153., 50., 18., 77., 8., 0., 0., 10., 8., 5., 7., 153.,
       59., 0., 0., 0., 1., 0., 0., 1., 21., 1., 0., 0., 54., 33., 1.,
       0., 0., 0., 0., 0., 58., 83., 55., 72., 8., 0., 0., 0., 0., 1.,
       9., 110., 23., 0., 0., 0., 0., 0., 0., 1., 2., 34., 70., 12., 57.,
       1., 0., 0., 1., 33., 9., 22., 135., 2., 0., 0., 0., 0., 31., 138.,
       5., 0., 0., 0., 0., 0., 52., 61., 0., 0., 0., 0., 6., 139., 108.,
       23., 79., 2., 0., 0., 18., 139., 15., 11., 139., 12., 0., 0., 0.,
       10., 5., 19., 23., 1., 0., 0., 0., 0., 1., 3., 0., 0., 10., 2.,
       6., 43., 5., 2., 15., 0., 8., 4., 22., 139., 28., 15., 139., 6.,
       10., 1., 1., 35., 30., 58., 20., 3., 24., 1., 0., 0., 0., 1., 0.,
       0., 139., 14., 0., 1., 0., 0., 0., 0., 139., 24., 4., 17., 5., 1.,
       8., 5., 139., 17., 1., 6., 7., 10., 2., 2., 139., 12., 0., 0., 0.,
       0., 0., 1., 0., 1., 0., 2., 0., 0., 0., 0., 5., 23., 5., 54., 3.,
       0., 2., 6., 12., 15., 7., 144., 16., 0., 1., 0., 0., 0., 0., 144.,
       19., 0., 0., 4., 9., 35., 2., 0., 0., 0., 9., 9., 31., 144., 10.,
       0., 0., 0., 129., 55., 49., 61., 2., 25., 6., 9., 22., 2., 0., 0.,
       0., 144., 24., 5., 0., 38., 138., 131., 3., 0., 0., 0., 69., 9.,
       24., 144., 10., 0., 0., 4., 144., 16., 8., 16., 0., 0., 0., 29.,
       35., 1., 0., 0., 0., 29., 4., 6., 0., 12., 76., 30., 2., 1., 0.,
       0., 65., 21., 11., 33., 0., 0., 0., 2., 144., 129., 23., 0., 0.,
       0., 0., 5., 11., 60., 41., 0., 0., 0., 0., 0., 15., 14., 125.,
       54., 0., 0., 0., 0., 146., 71., 42., 11., 46., 3., 0., 3., 15.,
       4., 6., 34., 164., 18., 0., 0., 0., 0., 10., 10., 14., 2., 0., 0.,
       49., 4., 8., 5., 1., 0., 0., 1., 164., 11., 1., 1., 52., 8., 0.,
       15., 27., 1., 0., 1., 164., 27., 0., 3., 3., 0., 0., 0., 30., 2.,
       1., 4., 51., 2., 0., 0., 2., 1., 0., 2., 164., 9., 0., 0., 45.,
       5., 0., 15., 34., 1., 0., 1., 164., 28., 0., 3., 19., 2., 0., 0.,
       39., 4., 0., 3., 39., 2., 0., 0., 0., 0., 0., 2., 164., 7., 0.,
       0., 32., 5., 0., 12., 30., 1., 0., 0., 164., 25., 0., 2., 12., 2.,
       0., 0., 38., 3., 0., 0., 22., 0., 0., 0., 23., 2., 0., 1., 161.,
       5., 0., 3., 13., 0., 0., 11., 58., 2., 0., 34., 161., 0., 0., 1.,
       0., 0., 0., 8., 59., 0., 0., 0., 33., 1., 0., 6., 19., 1., 0., 1.,
       161., 6., 0., 4., 26., 0., 0., 14., 55., 2., 0., 42., 161., 0.,
       0., 3., 1., 0., 0., 7., 57., 0., 0., 0., 36., 0., 1., 3., 2., 0.,
