%YAML:1.0
tag: !!opencv-matrix
   rows: 132
   cols: 128
   dt: f
   data: [ 8., 31., 5., 0., 0., 0., 0., 0., 172., 172., 7., 0., 0., 0.,
       0., 0., 82., 39., 0., 0., 0., 0., 0., 0., 6., 1., 0., 0., 0., 0.,
       0., 0., 35., 16., 1., 0., 0., 0., 0., 3., 172., 85., 1., 0., 0.,
       0., 0., 18., 172., 23., 0., 0., 0., 0., 0., 3., 9., 4., 0., 0.,
       0., 0., 0., 0., 27., 0., 0., 0., 0., 0., 2., 24., 172., 0., 0.,
       0., 0., 0., 4., 144., 172., 1., 0., 0., 0., 0., 0., 28., 12., 1.,
       0., 0., 0., 0., 0., 1., 2., 0., 0., 0., 0., 0., 9., 25., 90., 0.,
       0., 0., 0., 0., 19., 172., 49., 1., 0., 0., 0., 0., 0., 37., 7.,
       1., 0., 0., 0., 0., 0., 1., 0., 25., 134., 0., 0., 0., 0., 0.,
       15., 111., 91., 0., 0., 0., 1., 0., 19., 30., 3., 0., 1., 0., 1.,
       1., 1., 0., 0., 16., 40., 0., 0., 0., 25., 57., 134., 0., 0., 0.,
       2., 4., 134., 134., 39., 0., 0., 0., 0., 7., 127., 24., 0., 0.,
       2., 0., 0., 1., 2., 0., 0., 15., 93., 0., 0., 0., 29., 5., 4., 0.,
       0., 2., 131., 63., 134., 5., 0., 0., 0., 0., 22., 134., 121., 2.,
       0., 0., 2., 0., 0., 24., 2., 0., 0., 6., 111., 6., 0., 0., 0., 0.,
       0., 0., 0., 3., 134., 38., 22., 0., 0., 0., 0., 0., 74., 134.,
       17., 0., 0., 0., 1., 1., 2., 34., 0., 0., 0., 0., 57., 17., 0.,
       0., 4., 23., 2., 0., 0., 0., 0., 0., 156., 171., 5., 0., 0., 0.,
       0., 0., 82., 42., 0., 0., 0., 0., 0., 0., 8., 1., 0., 0., 0., 0.,
       0., 0., 25., 13., 0., 0., 0., 0., 0., 1., 171., 115., 0., 0., 0.,
       0., 0., 10., 171., 33., 0., 0., 0., 0., 0., 1., 12., 4., 0., 0.,
       0., 0., 0., 0., 21., 0., 0., 0., 0., 0., 0., 15., 171., 2., 0.,
       0., 0., 0., 1., 141., 171., 2., 0., 0., 0., 0., 0., 30., 16., 1.,
       0., 0., 0., 0., 0., 1., 2., 0., 0., 0., 0., 0., 4., 16., 94., 0.,
       0., 0., 0., 0., 15., 171., 64., 0., 0., 0., 0., 0., 0., 41., 11.,
       0., 0., 0., 0., 0., 0., 0., 0., 7., 1., 0., 0., 0., 0., 0., 87.,
       173., 11., 0., 0., 0., 0., 0., 56., 38., 0., 0., 0., 0., 0., 1.,
       11., 1., 0., 0., 0., 0., 0., 1., 12., 8., 0., 0., 0., 0., 0., 0.,
       173., 142., 1., 0., 0., 0., 0., 3., 173., 30., 0., 0., 0., 0., 0.,
       2., 12., 0., 0., 0., 0., 0., 0., 5., 19., 0., 0., 0., 0., 0., 0.,
       12., 173., 6., 0., 0., 0., 0., 0., 125., 173., 2., 0., 0., 0., 0.,
       0., 32., 11., 0., 0., 0., 0., 0., 0., 6., 4., 0., 0., 0., 0., 0.,
       3., 24., 152., 0., 0., 0., 0., 0., 7., 173., 72., 0., 0., 0., 0.,
       0., 0., 44., 10., 0., 0., 0., 0., 0., 0., 1., 1., 0., 0., 0., 27.,
       29., 1., 6., 2., 0., 0., 0., 0., 4., 33., 27., 12., 0., 0., 0.,
       0., 7., 41., 51., 81., 0., 0., 0., 0., 0., 1., 144., 24., 3., 0.,
       7., 100., 26., 1., 14., 102., 7., 0., 0., 0., 6., 76., 109., 17.,
       0., 0., 0., 0., 15., 144., 144., 52., 0., 0., 0., 0., 0., 29.,
       144., 34., 8., 0., 39., 67., 0., 0., 1., 144., 38., 0., 0., 0.,
       0., 8., 28., 144., 5., 0., 0., 0., 0., 82., 102., 4., 0., 0., 0.,
       0., 0., 26., 80., 28., 1., 0., 19., 6., 0., 0., 7., 144., 4., 0.,
       0., 0., 0., 0., 51., 144., 1., 0., 0., 0., 0., 0., 34., 7., 0.,
       1., 1., 0., 0., 1., 5., 1., 0., 0., 0., 54., 33., 1., 3., 1., 1.,
       0., 0., 0., 5., 25., 14., 1., 9., 2., 0., 0., 14., 19., 5., 41.,
       60., 5., 0., 0., 0., 2., 65., 17., 3., 0., 12., 129., 14., 1.,
       10., 96., 8., 0., 0., 1., 20., 66., 88., 11., 0., 0., 0., 0.,
       122., 141., 56., 30., 0., 0., 0., 0., 7., 46., 141., 23., 7., 0.,
       44., 61., 0., 0., 1., 141., 31., 0., 0., 0., 3., 11., 29., 117.,
       2., 0., 0., 0., 39., 141., 91., 4., 0., 0., 0., 0., 3., 79., 141.,
       17., 0., 0., 10., 9., 15., 2., 8., 141., 2., 0., 0., 0., 0., 0.,
       72., 141., 0., 0., 0., 0., 0., 7., 54., 3., 1., 1., 0., 0., 0.,
       5., 11., 0., 21., 143., 1., 0., 0., 28., 0., 26., 123., 89., 0.,
       0., 0., 40., 3., 20., 23., 0., 0., 0., 0., 55., 3., 0., 0., 0.,
       0., 0., 0., 48., 2., 31., 42., 143., 1., 0., 0., 0., 2., 143.,
       143., 42., 0., 0., 0., 0., 3., 130., 24., 0., 0., 0., 0., 0., 1.,
       2., 1., 1., 0., 0., 0., 0., 0., 45., 2., 2., 0., 0., 0., 12., 83.,
       143., 3., 0., 0., 0., 0., 6., 143., 133., 1., 0., 0., 0., 0., 0.,
       21., 2., 1., 0., 0., 0., 0., 0., 0., 80., 53., 0., 0., 4., 10.,
       6., 62., 138., 69., 0., 0., 0., 0., 4., 136., 38., 8., 0., 0., 0.,
       0., 0., 22., 1., 0., 0., 0., 0., 0., 0., 1., 1., 19., 144., 1.,
       0., 0., 7., 12., 21., 123., 102., 0., 0., 0., 0., 2., 16., 28.,
       1., 0., 0., 0., 0., 0., 1., 0., 0., 1., 0., 0., 0., 0., 23., 39.,
       144., 1., 0., 0., 1., 3., 144., 144., 57., 0., 0., 0., 0., 5.,
       130., 26., 0., 0., 0., 0., 0., 1., 2., 0., 0., 0., 0., 0., 0., 0.,
       36., 3., 3., 0., 0., 0., 51., 93., 144., 5., 0., 0., 0., 0., 24.,
       144., 133., 2., 0., 0., 0., 0., 0., 23., 1., 1., 0., 0., 0., 0.,
       0., 0., 66., 103., 1., 0., 1., 2., 20., 56., 108., 90., 0., 0.,
       0., 0., 15., 125., 32., 11., 1., 0., 0., 0., 0., 18., 3., 2., 0.,
       0., 0., 0., 0., 0., 0., 1., 1., 0., 20., 71., 3., 4., 6., 10., 6.,
       0., 0., 1., 29., 34., 134., 36., 6., 0., 0., 0., 10., 137., 91.,
       10., 0., 0., 0., 0., 0., 57., 20., 3., 0., 16., 137., 80., 1.,
       12., 117., 12., 0., 1., 5., 2., 83., 137., 69., 0., 0., 0., 0.,
       0., 64., 137., 25., 0., 0., 0., 0., 0., 0., 47., 31., 6., 3.,
       112., 101., 2., 0., 3., 137., 28., 0., 3., 3., 0., 4., 43., 116.,
       2., 0., 0., 0., 0., 9., 58., 1., 0., 0., 0., 0., 0., 1., 6., 31.,
       0., 5., 31., 3., 0., 0., 41., 137., 0., 0., 0., 0., 0., 0., 135.,
       70., 0., 0., 0., 0., 0., 0., 26., 1., 0., 0., 0., 0., 0., 1., 2.,
       0., 0., 138., 45., 0., 0., 1., 0., 27., 76., 138., 21., 0., 0.,
       0., 0., 124., 136., 24., 0., 0., 0., 0., 0., 20., 9., 0., 0., 0.,
       0., 0., 0., 1., 1., 45., 11., 0., 0., 1., 4., 98., 30., 22., 2.,
       0., 0., 2., 36., 138., 57., 1., 0., 0., 0., 0., 28., 54., 8., 0.,
       0., 0., 0., 0., 2., 12., 1., 0., 0., 0., 33., 27., 10., 96., 33.,
       0., 0., 0., 2., 5., 130., 138., 38., 0., 0., 0., 0., 1., 138.,
       39., 5., 0., 0., 0., 0., 0., 11., 3., 2., 0., 0., 26., 138., 44.,
       1., 40., 113., 2., 0., 22., 35., 1., 5., 92., 138., 0., 0., 0.,
       0., 0., 8., 30., 48., 0., 0., 0., 0., 0., 1., 0., 1., 2., 2., 86.,
       16., 0., 0., 19., 10., 15., 2., 1., 0., 0., 16., 61., 2., 9., 3.,
       0., 0., 11., 134., 7., 0., 0., 0., 0., 3., 94., 134., 0., 0., 0.,
       1., 134., 25., 0., 1., 96., 2., 0., 0., 4., 1., 0., 24., 134.,
       11., 1., 0., 0., 0., 0., 123., 45., 5., 10., 8., 1., 1., 7., 55.,
       1., 0., 0., 0., 134., 32., 0., 0., 85., 21., 0., 0., 6., 1., 0.,
       2., 134., 134., 45., 2., 0., 0., 0., 3., 20., 36., 134., 67., 0.,
       0., 0., 1., 0., 0., 0., 0., 134., 29., 0., 0., 9., 13., 1., 1.,
       9., 2., 0., 2., 14., 84., 69., 3., 0., 0., 3., 5., 0., 11., 127.,
       37., 0., 0., 18., 9., 10., 106., 140., 0., 0., 0., 0., 0., 14.,
       104., 80., 0., 0., 0., 0., 0., 12., 20., 2., 0., 0., 0., 0., 0.,
       2., 1., 0., 0., 0., 0., 0., 0., 34., 114., 140., 0., 0., 0., 2.,
       5., 140., 140., 50., 0., 0., 0., 0., 7., 97., 23., 0., 0., 0., 0.,
       0., 1., 1., 2., 1., 0., 0., 0., 0., 0., 38., 7., 4., 0., 0., 0.,
       140., 101., 140., 9., 0., 0., 0., 0., 31., 140., 89., 3., 0., 0.,
       0., 0., 0., 26., 2., 2., 0., 0., 0., 0., 0., 2., 0., 0., 0., 0.,
       0., 0., 140., 74., 16., 0., 0., 0., 0., 0., 64., 137., 8., 0., 0.,
       0., 0., 0., 2., 20., 0., 0., 0., 0., 0., 0., 1., 3., 4., 31.,
       146., 0., 0., 0., 35., 61., 22., 110., 78., 0., 0., 0., 3., 27.,
       17., 23., 1., 0., 0., 0., 0., 1., 1., 1., 0., 0., 0., 0., 0., 0.,
       22., 43., 146., 0., 0., 0., 1., 2., 146., 146., 57., 0., 0., 0.,
       0., 2., 117., 22., 0., 0., 0., 0., 0., 0., 3., 0., 0., 0., 0., 0.,
       0., 0., 30., 2., 3., 0., 0., 0., 143., 34., 146., 5., 0., 0., 0.,
       0., 36., 121., 130., 1., 0., 0., 0., 0., 0., 16., 3., 0., 0., 0.,
