%YAML:1.0
tag: !!opencv-matrix
   rows: 94
   cols: 128
   dt: f
   data: [ 0., 0., 2., 149., 10., 0., 0., 0., 1., 0., 4., 106., 12., 0.,
       0., 1., 9., 0., 2., 9., 1., 0., 3., 80., 29., 1., 0., 0., 0., 0.,
       1., 149., 0., 0., 2., 118., 11., 2., 0., 0., 16., 4., 6., 15.,
       10., 3., 0., 4., 149., 37., 1., 0., 0., 0., 1., 136., 139., 64.,
       0., 0., 0., 0., 0., 149., 0., 4., 14., 13., 2., 1., 4., 2., 11.,
       6., 5., 4., 9., 6., 3., 2., 82., 149., 10., 2., 1., 1., 0., 5.,
       49., 149., 3., 0., 0., 0., 0., 1., 2., 1., 2., 0., 0., 15., 88.,
       45., 0., 0., 1., 2., 5., 78., 42., 2., 3., 32., 4., 3., 3., 15.,
       2., 5., 3., 149., 5., 0., 0., 1., 1., 1., 0., 12., 154., 6., 0.,
       0., 0., 0., 7., 75., 88., 1., 0., 0., 0., 0., 7., 18., 4., 1., 0.,
       0., 0., 1., 2., 2., 1., 0., 1., 0., 0., 1., 21., 57., 154., 8.,
       0., 1., 10., 6., 154., 154., 88., 0., 0., 0., 1., 13., 92., 30.,
       1., 0., 0., 0., 0., 5., 3., 2., 2., 1., 0., 0., 0., 5., 22., 6.,
       10., 1., 0., 5., 154., 61., 154., 14., 1., 0., 0., 0., 86., 154.,
       91., 2., 0., 0., 0., 1., 2., 36., 1., 2., 2., 0., 0., 1., 3., 1.,
       0., 0., 0., 0., 0., 0., 154., 17., 6., 0., 0., 0., 0., 0., 93.,
       84., 4., 0., 0., 0., 0., 0., 5., 19., 0., 0., 0., 0., 0., 1., 3.,
       0., 0., 7., 148., 40., 0., 0., 0., 0., 11., 77., 100., 4., 0., 0.,
       0., 0., 8., 21., 4., 0., 0., 0., 0., 0., 0., 1., 2., 1., 0., 0.,
       0., 0., 28., 38., 167., 115., 27., 0., 0., 0., 167., 157., 81.,
       3., 0., 0., 0., 6., 97., 22., 1., 0., 0., 0., 0., 3., 1., 2., 1.,
       1., 0., 0., 0., 0., 94., 7., 6., 20., 90., 0., 0., 7., 167., 8.,
       1., 0., 0., 0., 0., 47., 116., 3., 0., 0., 1., 0., 0., 10., 1.,
       0., 0., 0., 1., 1., 0., 0., 95., 0., 0., 3., 73., 1., 0., 9.,
       167., 0., 0., 0., 0., 0., 0., 39., 66., 1., 0., 0., 0., 1., 0.,
       11., 1., 1., 0., 0., 0., 2., 1., 0., 10., 0., 0., 19., 131., 0.,
       0., 1., 131., 1., 0., 1., 8., 0., 0., 35., 83., 2., 2., 62., 24.,
       12., 14., 25., 0., 0., 0., 114., 73., 23., 5., 1., 21., 0., 0.,
       21., 131., 0., 0., 3., 131., 8., 5., 15., 6., 0., 0., 27., 59.,
       7., 9., 131., 46., 0., 0., 4., 7., 0., 0., 124., 32., 0., 0., 30.,
       23., 3., 0., 17., 131., 0., 0., 2., 128., 46., 33., 46., 5., 0.,
       0., 6., 12., 7., 18., 131., 35., 0., 0., 15., 34., 0., 0., 18.,
       5., 0., 0., 131., 4., 3., 0., 15., 95., 0., 0., 0., 7., 18., 23.,
       15., 2., 1., 0., 4., 23., 1., 8., 23., 2., 0., 0., 101., 36., 0.,
       0., 0., 0., 0., 0., 131., 3., 1., 0., 1., 115., 8., 0., 2., 9.,
       3., 0., 0., 2., 12., 20., 22., 24., 85., 0., 0., 3., 24., 9., 1.,
       50., 131., 0., 0., 0., 0., 0., 0., 18., 2., 0., 0., 131., 11., 0.,
       2., 131., 7., 0., 0., 6., 38., 26., 50., 15., 13., 0., 0., 34.,
       131., 17., 10., 42., 131., 0., 0., 7., 20., 0., 0., 18., 2., 0.,
       0., 131., 13., 0., 0., 131., 20., 0., 0., 7., 11., 3., 9., 69.,
       3., 0., 0., 51., 131., 6., 11., 10., 31., 0., 0., 38., 120., 0.,
       0., 10., 1., 0., 0., 131., 10., 0., 0., 131., 27., 1., 0., 7., 1.,
       0., 1., 89., 20., 14., 12., 27., 55., 1., 3., 0., 1., 5., 22.,
       74., 108., 0., 0., 62., 130., 0., 0., 6., 13., 0., 0., 153., 153.,
       0., 0., 0., 0., 0., 0., 27., 18., 0., 1., 2., 0., 0., 0., 1., 1.,
       0., 0., 1., 1., 1., 1., 68., 29., 0., 1., 72., 33., 0., 1., 153.,
       105., 0., 0., 0., 0., 0., 6., 100., 20., 0., 0., 0., 0., 0., 2.,
       2., 0., 0., 1., 1., 2., 1., 2., 74., 1., 0., 26., 93., 5., 0.,
       24., 153., 11., 0., 0., 0., 0., 0., 97., 99., 9., 0., 0., 0., 0.,
       0., 16., 2., 2., 1., 1., 1., 1., 0., 1., 58., 24., 1., 19., 10.,
       1., 2., 11., 153., 153., 40., 0., 0., 0., 0., 28., 19., 137., 65.,
       0., 0., 0., 0., 4., 0., 27., 19., 1., 1., 1., 0., 0., 68., 3., 0.,
       0., 37., 22., 0., 0., 167., 21., 0., 0., 0., 0., 0., 0., 98., 6.,
       0., 0., 0., 0., 0., 4., 0., 0., 0., 1., 3., 0., 0., 1., 70., 3.,
       0., 0., 101., 24., 1., 3., 167., 31., 0., 0., 0., 0., 0., 2.,
       142., 10., 0., 0., 0., 0., 0., 0., 1., 0., 0., 2., 2., 0., 0., 0.,
       29., 1., 0., 0., 50., 121., 99., 21., 167., 8., 0., 0., 0., 4.,
       45., 95., 140., 4., 0., 0., 0., 0., 0., 14., 1., 0., 0., 0., 0.,
       1., 2., 0., 1., 0., 0., 0., 1., 77., 167., 8., 40., 0., 0., 0.,
       0., 8., 131., 106., 30., 0., 0., 0., 0., 0., 3., 32., 0., 0., 0.,
       0., 0., 0., 0., 0., 1., 10., 159., 75., 1., 0., 0., 0., 33., 104.,
       113., 8., 0., 0., 0., 0., 19., 24., 2., 0., 1., 0., 0., 0., 0.,
       1., 2., 1., 1., 0., 0., 1., 35., 29., 123., 129., 63., 0., 0., 1.,
       170., 116., 51., 4., 0., 0., 0., 6., 114., 15., 0., 0., 1., 0.,
       0., 2., 0., 0., 1., 0., 2., 1., 2., 1., 79., 2., 1., 21., 122.,
       1., 0., 7., 170., 2., 0., 0., 0., 0., 0., 35., 120., 1., 0., 0.,
       0., 0., 0., 9., 1., 2., 1., 0., 2., 1., 1., 1., 72., 0., 1., 21.,
       41., 0., 0., 7., 170., 0., 0., 0., 0., 0., 0., 30., 79., 1., 0.,
       0., 1., 1., 0., 6., 2., 1., 0., 0., 1., 1., 1., 0., 0., 11., 153.,
       1., 0., 0., 0., 0., 6., 70., 80., 1., 0., 0., 0., 0., 5., 16., 2.,
       0., 0., 1., 1., 0., 0., 0., 0., 0., 1., 0., 0., 0., 17., 46.,
       153., 1., 0., 0., 11., 6., 153., 153., 104., 0., 0., 0., 1., 13.,
       91., 33., 1., 0., 0., 0., 0., 2., 0., 0., 1., 1., 1., 1., 0., 0.,
       19., 5., 15., 0., 0., 1., 153., 51., 153., 14., 2., 0., 0., 0.,
       85., 153., 100., 3., 0., 0., 1., 1., 1., 31., 1., 1., 1., 1., 3.,
       2., 1., 0., 0., 0., 0., 0., 0., 0., 153., 15., 9., 0., 0., 0., 0.,
       0., 96., 86., 7., 0., 0., 0., 0., 1., 4., 20., 0., 0., 0., 0., 1.,
       2., 3., 1., 0., 0., 154., 61., 9., 2., 32., 2., 76., 12., 49.,
       100., 52., 12., 18., 1., 154., 38., 0., 2., 2., 0., 0., 0., 30.,
       3., 0., 0., 0., 0., 0., 0., 0., 0., 23., 4., 4., 35., 154., 20.,
       62., 4., 6., 6., 55., 154., 117., 14., 154., 27., 0., 0., 5., 17.,
       11., 41., 50., 4., 0., 0., 0., 0., 0., 2., 0., 0., 0., 0., 8.,
       29., 59., 4., 7., 0., 0., 0., 50., 154., 116., 25., 96., 1., 0.,
       0., 3., 22., 100., 143., 20., 0., 0., 0., 0., 0., 0., 11., 0., 0.,
       0., 0., 0., 1., 1., 0., 0., 0., 0., 0., 0., 8., 20., 2., 0., 0.,
       0., 1., 0., 1., 18., 9., 0., 0., 0., 0., 0., 0., 0., 1., 0., 0.,
       0., 1., 0., 0., 0., 0., 0., 2., 15., 10., 0., 0., 0., 0., 0., 10.,
       15., 1., 0., 0., 1., 0., 0., 1., 0., 0., 0., 0., 0., 0., 0., 0.,
       0., 31., 15., 0., 0., 0., 8., 27., 91., 128., 42., 0., 0., 1.,
       81., 128., 88., 21., 1., 0., 0., 6., 16., 15., 1., 0., 0., 0., 0.,
       1., 0., 0., 0., 127., 78., 0., 0., 0., 49., 27., 13., 128., 123.,
       0., 2., 4., 128., 128., 31., 13., 2., 0., 1., 21., 25., 70., 30.,
       0., 0., 0., 0., 1., 2., 0., 0., 128., 112., 1., 1., 8., 12., 14.,
       1., 71., 49., 16., 77., 67., 14., 128., 46., 0., 0., 65., 76., 5.,
       0., 128., 101., 0., 0., 13., 8., 0., 4., 0., 0., 38., 132., 0.,
       0., 1., 132., 0., 0., 9., 47., 0., 0., 39., 117., 0., 0., 0., 0.,
       0., 0., 22., 1., 0., 0., 1., 0., 0., 0., 0., 13., 1., 17., 103.,
       132., 0., 0., 1., 132., 38., 6., 11., 28., 0., 0., 31., 91., 43.,
       39., 0., 0., 0., 0., 11., 1., 12., 11., 0., 0., 0., 0., 0., 6.,
       4., 29., 70., 17., 22., 71., 1., 64., 112., 45., 6., 3., 11., 64.,
       3., 35., 132., 132., 0., 0., 2., 23., 13., 59., 71., 19., 0., 0.,
       0., 0., 9., 0., 0., 0., 0., 0., 39., 132., 0., 0., 3., 3., 0., 0.,
       45., 132., 1., 23., 14., 8., 0., 0., 17., 132., 55., 50., 7., 0.,
       0., 0., 0., 15., 57., 5., 31., 10., 14., 126., 32., 0., 0., 11.,
       94., 123., 11., 7., 1., 5., 6., 0., 3., 126., 53., 0., 0., 32.,
       13., 0., 0., 104., 39., 0., 0., 55., 20., 3., 1., 1., 0., 126.,
       75., 1., 4., 62., 8., 18., 1., 26., 12., 43., 119., 14., 1., 12.,
       3., 0., 0., 126., 126., 0., 0., 2., 1., 0., 0., 126., 71., 6., 0.,
       0., 0., 126., 89., 4., 2., 126., 21., 0., 0., 37., 30., 17., 58.,
