%YAML:1.0
tag: !!opencv-matrix
   rows: 84
   cols: 128
   dt: f
   data: [ 5., 1., 0., 2., 101., 33., 0., 4., 9., 1., 0., 0., 2., 14.,
       20., 22., 1., 9., 2., 5., 8., 27., 10., 6., 41., 80., 5., 1., 1.,
       0., 1., 73., 22., 5., 1., 45., 125., 4., 0., 6., 132., 15., 0.,
       0., 1., 36., 48., 74., 16., 1., 0., 1., 3., 137., 134., 70., 19.,
       0., 0., 0., 0., 6., 40., 137., 20., 8., 2., 49., 23., 2., 1., 3.,
       137., 36., 0., 0., 0., 5., 9., 42., 102., 3., 0., 0., 0., 43.,
       137., 70., 2., 0., 0., 0., 0., 2., 59., 111., 19., 1., 1., 4., 5.,
       51., 13., 29., 137., 0., 0., 0., 0., 0., 2., 137., 82., 0., 0.,
       0., 0., 0., 5., 46., 0., 0., 0., 0., 0., 0., 4., 4., 0., 3., 29.,
       17., 2., 52., 88., 0., 0., 11., 28., 0., 0., 75., 125., 0., 0.,
       4., 3., 0., 0., 82., 125., 0., 0., 0., 0., 0., 0., 60., 123., 0.,
       0., 15., 107., 99., 54., 2., 1., 0., 8., 119., 125., 4., 1., 6.,
       13., 0., 62., 123., 40., 0., 0., 20., 55., 4., 18., 6., 0., 0.,
       0., 48., 109., 4., 0., 2., 9., 18., 125., 45., 0., 0., 75., 37.,
       30., 2., 8., 6., 0., 10., 125., 45., 5., 0., 0., 0., 0., 31., 49.,
       3., 0., 0., 0., 1., 3., 8., 0., 0., 5., 11., 91., 93., 0., 0.,
       59., 13., 0., 1., 19., 38., 2., 4., 125., 87., 0., 0., 0., 0., 0.,
       6., 26., 36., 2., 0., 0., 0., 0., 1., 0., 0., 55., 127., 1., 0.,
       0., 0., 31., 57., 116., 54., 0., 0., 0., 0., 86., 81., 15., 2.,
       52., 6., 0., 0., 2., 1., 0., 0., 127., 24., 0., 0., 0., 0., 10.,
       106., 16., 1., 8., 4., 84., 16., 9., 12., 0., 0., 23., 28., 127.,
       28., 0., 0., 41., 7., 2., 26., 8., 1., 0., 0., 127., 31., 0., 1.,
       3., 0., 1., 10., 4., 1., 52., 116., 13., 0., 0., 0., 0., 0., 127.,
       127., 64., 1., 0., 0., 32., 11., 46., 124., 3., 0., 0., 0., 127.,
       38., 1., 4., 43., 0., 0., 0., 0., 0., 14., 127., 2., 0., 0., 0.,
       0., 0., 57., 55., 0., 0., 0., 0., 31., 8., 23., 17., 0., 0., 0.,
       0., 127., 28., 0., 0., 1., 105., 148., 0., 0., 0., 0., 0., 35.,
       148., 85., 0., 0., 0., 0., 0., 17., 25., 1., 0., 0., 0., 0., 0.,
       0., 0., 0., 0., 0., 0., 0., 0., 38., 51., 70., 1., 2., 7., 10.,
       2., 148., 135., 23., 0., 0., 0., 1., 3., 124., 18., 0., 0., 0.,
       0., 0., 1., 0., 0., 0., 0., 0., 0., 0., 0., 24., 0., 0., 0., 1.,
       97., 148., 20., 148., 1., 0., 0., 0., 12., 78., 130., 119., 0.,
       0., 0., 0., 0., 0., 19., 0., 0., 0., 0., 0., 0., 0., 0., 0., 0.,
       0., 0., 0., 53., 136., 5., 19., 0., 0., 0., 0., 13., 105., 85.,
       15., 0., 0., 0., 0., 0., 2., 22., 0., 0., 0., 0., 0., 0., 0., 0.,
       0., 16., 150., 2., 0., 0., 0., 0., 17., 108., 98., 0., 0., 0., 0.,
       0., 13., 21., 1., 0., 0., 0., 0., 0., 0., 0., 0., 0., 0., 0., 0.,
       0., 27., 35., 150., 7., 1., 0., 1., 0., 150., 150., 57., 0., 0.,
       0., 0., 1., 111., 21., 0., 0., 0., 0., 0., 0., 0., 0., 0., 0., 0.,
       0., 0., 0., 32., 2., 2., 2., 1., 7., 150., 30., 150., 3., 0., 0.,
       0., 0., 47., 135., 118., 0., 0., 0., 0., 0., 0., 19., 0., 0., 0.,
       0., 0., 0., 0., 0., 1., 0., 0., 0., 0., 4., 150., 17., 27., 0.,
       0., 0., 0., 0., 110., 120., 16., 0., 0., 0., 0., 0., 1., 22., 0.,
       0., 0., 0., 0., 0., 0., 0., 1., 21., 149., 4., 0., 0., 0., 0.,
       29., 126., 107., 0., 0., 0., 0., 0., 17., 23., 1., 0., 0., 0., 0.,
       0., 0., 0., 0., 0., 0., 0., 0., 0., 35., 32., 149., 7., 1., 2.,
       2., 2., 149., 132., 41., 0., 0., 0., 0., 4., 120., 17., 0., 0.,
       0., 0., 0., 0., 0., 0., 0., 0., 0., 0., 0., 0., 29., 0., 0., 0.,
       1., 7., 149., 38., 149., 1., 0., 0., 0., 0., 57., 149., 111., 0.,
       0., 0., 0., 0., 0., 21., 0., 0., 0., 0., 0., 0., 0., 0., 1., 0.,
       0., 0., 0., 2., 149., 19., 17., 0., 0., 0., 0., 0., 96., 107.,
       12., 0., 0., 0., 0., 0., 2., 21., 0., 0., 0., 0., 0., 0., 0., 0.,
       0., 12., 144., 0., 0., 0., 40., 0., 15., 101., 100., 0., 0., 0.,
       55., 1., 12., 22., 1., 0., 0., 0., 63., 1., 0., 0., 0., 0., 0.,
       1., 48., 3., 20., 30., 144., 3., 0., 2., 2., 1., 144., 144., 73.,
       0., 0., 0., 0., 4., 122., 27., 0., 0., 0., 0., 0., 1., 1., 0., 0.,
       0., 0., 0., 0., 0., 41., 3., 2., 0., 0., 6., 27., 64., 144., 4.,
       0., 0., 0., 0., 16., 144., 130., 0., 0., 0., 0., 0., 0., 23., 1.,
       0., 0., 0., 0., 0., 0., 0., 72., 72., 1., 0., 14., 30., 7., 37.,
       138., 117., 0., 0., 0., 0., 6., 112., 36., 11., 0., 0., 0., 0.,
       0., 19., 0., 0., 0., 0., 0., 0., 0., 0., 0., 15., 143., 2., 0.,
       0., 2., 3., 17., 111., 107., 0., 0., 0., 0., 0., 13., 25., 2., 0.,
       0., 0., 0., 0., 0., 0., 0., 0., 0., 0., 0., 0., 23., 33., 143.,
       6., 1., 2., 3., 2., 143., 143., 66., 0., 0., 0., 1., 5., 123.,
       27., 0., 0., 0., 0., 0., 0., 1., 0., 0., 0., 0., 0., 0., 0., 40.,
       6., 2., 1., 1., 4., 76., 79., 143., 5., 0., 0., 0., 0., 40., 143.,
       121., 1., 0., 0., 0., 0., 0., 27., 1., 0., 0., 0., 0., 0., 0., 0.,
       52., 129., 8., 0., 3., 4., 18., 39., 96., 142., 1., 0., 0., 0.,
       17., 99., 29., 13., 0., 0., 0., 0., 0., 19., 0., 0., 0., 0., 0.,
       0., 0., 0., 1., 1., 0., 0., 18., 65., 4., 2., 1., 7., 6., 0., 2.,
       3., 21., 22., 52., 39., 15., 0., 0., 0., 28., 126., 116., 25., 1.,
       0., 0., 0., 1., 88., 14., 1., 0., 5., 138., 83., 1., 10., 104.,
       6., 0., 1., 8., 3., 59., 138., 22., 0., 0., 0., 0., 0., 122.,
       138., 15., 0., 0., 0., 0., 0., 10., 106., 29., 5., 1., 87., 138.,
       5., 0., 3., 138., 29., 0., 4., 9., 0., 2., 42., 120., 4., 0., 0.,
       0., 0., 12., 44., 1., 0., 0., 0., 0., 0., 2., 6., 32., 0., 4.,
       64., 19., 0., 0., 25., 138., 1., 0., 1., 1., 0., 0., 100., 80.,
       0., 0., 0., 0., 0., 0., 22., 1., 0., 0., 0., 0., 0., 0., 0., 42.,
       127., 80., 40., 19., 7., 1., 0., 150., 160., 5., 0., 0., 0., 0.,
       0., 20., 18., 0., 0., 0., 0., 0., 0., 0., 0., 0., 0., 0., 0., 1.,
       0., 56., 29., 0., 14., 50., 13., 1., 2., 160., 133., 0., 0., 0.,
       0., 0., 9., 102., 21., 0., 0., 0., 0., 0., 2., 0., 0., 0., 0., 0.,
       0., 1., 0., 40., 1., 2., 13., 8., 0., 4., 77., 160., 6., 0., 0.,
       0., 0., 0., 160., 85., 1., 0., 0., 0., 0., 0., 27., 0., 0., 0.,
       1., 0., 0., 0., 0., 7., 0., 0., 0., 0., 0., 70., 160., 49., 0.,
       0., 0., 0., 0., 9., 160., 8., 0., 0., 0., 0., 0., 0., 14., 0., 0.,
       0., 0., 1., 0., 0., 0., 1., 18., 149., 3., 0., 0., 24., 1., 27.,
       121., 104., 0., 0., 0., 11., 8., 16., 23., 1., 0., 0., 0., 0., 2.,
       0., 0., 0., 0., 0., 0., 0., 0., 31., 31., 149., 5., 1., 1., 2.,
       2., 149., 137., 48., 0., 0., 0., 0., 4., 117., 19., 0., 0., 0.,
       0., 0., 1., 1., 0., 0., 0., 0., 0., 0., 0., 27., 1., 1., 0., 1.,
       4., 149., 35., 149., 1., 0., 0., 0., 0., 58., 149., 110., 0., 0.,
       0., 0., 0., 0., 21., 1., 0., 0., 0., 0., 0., 0., 0., 0., 1., 42.,
       4., 0., 1., 149., 16., 21., 21., 28., 1., 0., 0., 83., 107., 15.,
       7., 1., 0., 0., 0., 0., 20., 0., 0., 0., 0., 0., 1., 0., 0., 0.,
       17., 151., 2., 0., 0., 0., 0., 25., 116., 109., 0., 0., 0., 0.,
       0., 16., 22., 2., 0., 0., 0., 0., 0., 0., 0., 0., 0., 0., 0., 0.,
       0., 30., 30., 151., 4., 1., 1., 1., 1., 151., 135., 49., 0., 0.,
       0., 0., 2., 116., 18., 0., 0., 0., 0., 0., 1., 1., 0., 0., 1., 0.,
       0., 0., 0., 31., 1., 1., 0., 1., 5., 151., 30., 151., 1., 0., 0.,
       0., 0., 48., 137., 116., 0., 0., 0., 0., 0., 0., 18., 1., 0., 0.,
       1., 1., 0., 0., 0., 0., 1., 22., 0., 0., 2., 151., 18., 26., 7.,
       11., 0., 0., 0., 97., 120., 16., 2., 0., 0., 0., 0., 1., 23., 0.,
       0., 0., 0., 0., 0., 0., 0., 0., 17., 149., 3., 0., 0., 0., 0.,
       27., 118., 104., 0., 0., 0., 0., 0., 17., 21., 1., 0., 0., 0., 0.,
       0., 0., 0., 5., 27., 11., 1., 1., 0., 30., 29., 149., 5., 1., 1.,
       1., 1., 149., 129., 45., 0., 0., 0., 0., 2., 114., 17., 0., 0.,
       2., 0., 0., 0., 0., 0., 2., 26., 74., 33., 3., 0., 28., 1., 1.,
       1., 1., 4., 149., 30., 149., 2., 0., 0., 0., 0., 52., 140., 110.,
