%YAML:1.0
tag: !!opencv-matrix
   rows: 115
   cols: 128
   dt: f
   data: [ 0., 22., 150., 0., 0., 0., 0., 0., 1., 65., 99., 1., 0., 0.,
       0., 0., 1., 16., 47., 13., 0., 0., 0., 0., 0., 12., 44., 5., 1.,
       0., 0., 0., 11., 57., 150., 0., 0., 0., 0., 1., 150., 150., 117.,
       4., 1., 0., 0., 3., 32., 46., 89., 89., 33., 3., 0., 1., 30., 80.,
       99., 19., 5., 1., 1., 3., 47., 5., 10., 1., 0., 1., 1., 5., 150.,
       16., 2., 1., 2., 3., 3., 53., 62., 4., 2., 15., 47., 81., 51.,
       25., 48., 13., 3., 3., 7., 19., 67., 63., 51., 1., 1., 1., 0., 1.,
       7., 7., 150., 0., 0., 0., 0., 1., 2., 51., 72., 0., 0., 0., 0.,
       26., 53., 27., 1., 0., 0., 0., 0., 7., 72., 29., 0., 1., 1., 0.,
       36., 1., 0., 1., 8., 1., 2., 1., 0., 0., 1., 12., 14., 0., 0., 0.,
       0., 0., 76., 91., 0., 0., 0., 0., 0., 1., 151., 25., 1., 0., 0.,
       0., 47., 2., 1., 1., 80., 0., 1., 1., 0., 3., 1., 19., 151., 4.,
       0., 0., 0., 0., 52., 151., 39., 3., 3., 0., 0., 2., 151., 82., 3.,
       1., 0., 0., 49., 1., 0., 1., 87., 14., 0., 1., 1., 1., 1., 2.,
       151., 148., 33., 0., 0., 0., 0., 10., 51., 61., 151., 6., 0., 0.,
       5., 7., 1., 2., 1., 1., 40., 0., 0., 0., 14., 16., 2., 1., 1., 0.,
       0., 0., 33., 119., 88., 0., 0., 0., 0., 0., 1., 27., 151., 6., 0.,
       0., 0., 0., 1., 0., 0., 1., 71., 10., 0., 1., 23., 1., 0., 1., 0.,
       0., 3., 19., 40., 0., 0., 0., 0., 13., 108., 99., 1., 0., 0., 0.,
       0., 71., 138., 8., 1., 1., 0., 2., 112., 1., 0., 0., 114., 3., 1.,
       2., 1., 0., 0., 11., 138., 10., 2., 0., 0., 6., 46., 102., 25.,
       4., 18., 11., 0., 79., 138., 21., 0., 0., 0., 3., 109., 0., 0.,
       0., 98., 17., 0., 0., 2., 0., 0., 5., 138., 138., 91., 10., 0.,
       0., 0., 2., 15., 23., 138., 100., 0., 3., 2., 1., 0., 0., 0., 16.,
       51., 0., 0., 1., 11., 14., 3., 1., 1., 0., 0., 3., 10., 59., 87.,
       11., 1., 0., 0., 0., 0., 3., 103., 40., 0., 0., 0., 0., 1., 1.,
       0., 0., 68., 13., 0., 0., 17., 1., 1., 1., 1., 0., 1., 18., 30.,
       0., 0., 0., 0., 10., 97., 97., 0., 0., 0., 0., 0., 62., 138., 8.,
       0., 0., 1., 2., 115., 2., 0., 0., 102., 4., 1., 2., 1., 1., 0.,
       12., 138., 9., 2., 0., 0., 5., 52., 118., 27., 4., 15., 11., 1.,
       82., 138., 28., 1., 0., 0., 7., 110., 1., 0., 0., 92., 16., 0.,
       0., 1., 2., 1., 2., 138., 138., 81., 10., 0., 0., 0., 3., 20.,
       25., 138., 110., 1., 3., 3., 2., 1., 0., 0., 17., 50., 0., 0., 1.,
       11., 14., 2., 1., 0., 1., 1., 1., 15., 65., 85., 11., 1., 0., 0.,
       0., 0., 5., 108., 45., 0., 0., 0., 0., 1., 1., 1., 1., 32., 2.,
       0., 1., 21., 1., 1., 0., 0., 1., 3., 17., 24., 0., 0., 0., 2.,
       45., 59., 51., 0., 0., 0., 1., 7., 57., 11., 1., 1., 1., 0., 1.,
       46., 2., 0., 1., 107., 2., 0., 2., 2., 1., 0., 12., 176., 1., 0.,
       0., 9., 98., 45., 90., 6., 0., 0., 0., 62., 176., 17., 8., 0., 0.,
       0., 1., 51., 3., 0., 1., 128., 4., 0., 1., 2., 1., 0., 3., 176.,
       6., 0., 0., 5., 32., 7., 26., 44., 0., 0., 0., 85., 176., 7., 11.,
       1., 2., 2., 3., 41., 4., 8., 1., 85., 7., 1., 1., 1., 1., 11., 7.,
       176., 17., 0., 0., 0., 2., 1., 11., 69., 2., 0., 0., 33., 103.,
       1., 3., 32., 0., 0., 1., 3., 0., 1., 3., 142., 3., 0., 3., 14.,
       0., 0., 6., 39., 2., 0., 28., 142., 0., 0., 1., 0., 0., 0., 6.,
       56., 1., 0., 0., 43., 2., 0., 1., 0., 0., 0., 1., 142., 4., 0.,
       5., 24., 0., 0., 9., 39., 2., 0., 39., 142., 3., 1., 2., 0., 1.,
       0., 8., 50., 3., 12., 4., 30., 0., 1., 1., 0., 0., 44., 40., 142.,
       1., 0., 1., 20., 8., 16., 93., 26., 0., 0., 5., 142., 93., 77.,
       15., 0., 0., 0., 1., 15., 16., 142., 53., 1., 0., 0., 0., 0., 0.,
       142., 80., 17., 0., 0., 0., 0., 4., 76., 132., 2., 0., 0., 0., 2.,
       36., 96., 21., 0., 0., 0., 0., 0., 3., 105., 27., 0., 3., 13., 1.,
       0., 1., 2., 1., 86., 31., 16., 0., 0., 0., 0., 1., 137., 51., 1.,
       0., 0., 0., 0., 0., 31., 4., 0., 0., 0., 0., 0., 0., 0., 0., 0.,
       0., 0., 47., 126., 0., 83., 8., 0., 0., 0., 27., 89., 18., 137.,
       27., 0., 0., 0., 0., 10., 34., 53., 4., 0., 0., 0., 0., 0., 1.,
       0., 20., 107., 1., 1., 59., 134., 0., 10., 24., 76., 0., 0., 53.,
       137., 30., 123., 36., 15., 0., 0., 3., 51., 112., 35., 5., 0., 0.,
       0., 0., 0., 8., 0., 30., 137., 0., 0., 0., 0., 0., 7., 75., 137.,
       0., 0., 1., 4., 1., 111., 137., 40., 0., 0., 0., 2., 4., 41., 18.,
       0., 0., 0., 0., 0., 0., 1., 1., 1., 0., 1., 17., 85., 22., 18.,
       10., 4., 0., 0., 0., 56., 147., 72., 18., 3., 0., 0., 0., 3.,
       147., 17., 3., 0., 0., 0., 0., 0., 15., 4., 14., 52., 51., 76.,
       27., 38., 13., 26., 118., 147., 2., 0., 0., 16., 56., 126., 147.,
       49., 0., 0., 0., 1., 23., 34., 15., 0., 0., 0., 0., 0., 1., 0.,
       1., 15., 46., 147., 0., 0., 0., 83., 30., 46., 3., 3., 0., 0., 7.,
       147., 43., 6., 0., 0., 0., 0., 36., 63., 2., 0., 0., 0., 0., 0.,
       8., 0., 0., 3., 42., 74., 0., 0., 0., 101., 0., 0., 0., 2., 0.,
       0., 14., 147., 0., 0., 0., 0., 0., 0., 45., 36., 0., 0., 0., 0.,
       0., 0., 7., 0., 9., 61., 1., 0., 0., 0., 0., 0., 6., 45., 7., 0.,
       0., 0., 0., 1., 15., 19., 2., 0., 0., 0., 0., 1., 2., 0., 0., 0.,
       0., 0., 0., 38., 136., 136., 3., 0., 0., 0., 0., 29., 93., 136.,
       49., 4., 5., 7., 5., 74., 114., 61., 5., 0., 1., 2., 13., 11., 8.,
       0., 0., 0., 0., 0., 1., 136., 74., 38., 0., 0., 0., 2., 20., 136.,
       26., 12., 11., 4., 16., 107., 86., 79., 17., 3., 1., 0., 2., 57.,
       118., 12., 1., 0., 0., 0., 0., 0., 8., 136., 0., 0., 0., 0., 0.,
       105., 132., 136., 0., 0., 0., 0., 0., 24., 92., 4., 0., 0., 0.,
       0., 0., 20., 24., 0., 0., 0., 0., 0., 0., 0., 2., 0., 0., 0., 0.,
       106., 133., 136., 0., 36., 0., 0., 0., 2., 21., 136., 72., 136.,
       2., 0., 0., 0., 1., 39., 136., 62., 1., 0., 0., 0., 0., 0., 10.,
       0., 0., 0., 0., 24., 92., 136., 0., 12., 10., 4., 16., 108., 86.,
       136., 26., 136., 48., 4., 5., 7., 5., 29., 94., 45., 7., 0., 0.,
       0., 0., 0., 7., 0., 0., 0., 0., 20., 24., 4., 0., 3., 1., 0., 2.,
       57., 118., 79., 17., 61., 5., 0., 1., 2., 13., 74., 114., 19., 2.,
       0., 0., 0., 0., 1., 15., 0., 0., 0., 0., 0., 2., 0., 0., 0., 0.,
       0., 0., 0., 8., 12., 1., 0., 0., 0., 0., 0., 1., 11., 8., 0., 0.,
       0., 0., 0., 0., 1., 2., 2., 27., 143., 18., 0., 0., 0., 0., 14.,
       98., 143., 17., 1., 1., 0., 0., 16., 46., 97., 27., 2., 1., 2.,
       3., 27., 40., 8., 0., 0., 0., 0., 2., 45., 41., 125., 8., 0., 0.,
       0., 0., 143., 100., 31., 6., 1., 4., 14., 21., 54., 16., 13., 9.,
       3., 9., 87., 78., 49., 10., 1., 0., 0., 0., 8., 49., 43., 3., 1.,
       0., 0., 0., 103., 43., 143., 10., 0., 0., 0., 0., 29., 112., 95.,
       0., 0., 0., 0., 0., 36., 53., 2., 0., 0., 0., 0., 0., 8., 18., 2.,
       0., 0., 0., 0., 0., 143., 59., 43., 0., 0., 0., 0., 0., 107.,
       143., 27., 0., 0., 0., 0., 0., 2., 29., 1., 0., 0., 0., 0., 0.,
       0., 1., 0., 0., 0., 16., 136., 1., 0., 0., 11., 0., 0., 1., 10.,
       1., 1., 14., 31., 0., 0., 0., 0., 1., 55., 125., 1., 0., 0., 0.,
       5., 70., 123., 32., 0., 0., 0., 1., 136., 2., 0., 0., 76., 1., 0.,
       0., 12., 0., 0., 12., 136., 5., 0., 0., 0., 1., 14., 113., 34.,
       2., 0., 2., 81., 76., 41., 35., 0., 0., 0., 0., 136., 1., 0., 0.,
       75., 12., 0., 0., 13., 0., 0., 0., 136., 124., 32., 1., 0., 0.,
       0., 2., 27., 39., 89., 63., 68., 3., 0., 1., 0., 0., 0., 0., 136.,
       1., 0., 0., 10., 12., 1., 0., 10., 0., 0., 0., 18., 86., 69., 0.,
       0., 0., 0., 0., 0., 18., 136., 33., 2., 0., 0., 0., 0., 0., 0.,
       0., 127., 7., 0., 0., 40., 1., 0., 0., 6., 0., 0., 13., 117., 1.,
       0., 0., 0., 0., 60., 105., 8., 0., 0., 0., 0., 0., 127., 30., 0.,
       0., 0., 0., 127., 26., 8., 0., 74., 2., 0., 0., 7., 3., 23., 11.,
       127., 15., 0., 0., 0., 0., 3., 22., 40., 7., 2., 0., 0., 0., 12.,
       7., 0., 0., 0., 12., 74., 116., 86., 0., 21., 2., 16., 37., 10.,
