%YAML:1.0
tag: !!opencv-matrix
   rows: 86
   cols: 128
   dt: f
   data: [ 1., 119., 142., 0., 0., 0., 0., 0., 22., 142., 73., 0., 0.,
       0., 0., 0., 14., 24., 1., 0., 0., 0., 0., 0., 0., 0., 0., 0., 0.,
       0., 0., 0., 40., 90., 83., 0., 0., 0., 0., 1., 142., 142., 26.,
       0., 0., 0., 0., 2., 117., 22., 0., 0., 0., 0., 0., 0., 1., 0., 0.,
       0., 0., 0., 0., 0., 45., 2., 0., 0., 0., 0., 80., 72., 142., 3.,
       0., 0., 0., 0., 21., 140., 123., 0., 0., 0., 0., 0., 0., 19., 1.,
       0., 0., 0., 0., 0., 0., 0., 1., 0., 0., 0., 0., 0., 142., 107.,
       32., 0., 0., 0., 0., 0., 78., 142., 19., 0., 0., 0., 0., 0., 1.,
       25., 0., 0., 0., 0., 0., 0., 0., 0., 0., 10., 85., 0., 0., 0.,
       142., 2., 7., 37., 24., 0., 0., 0., 142., 12., 4., 3., 0., 0., 0.,
       0., 142., 24., 16., 0., 0., 0., 0., 0., 81., 78., 24., 57., 142.,
       1., 0., 0., 2., 4., 142., 142., 51., 0., 0., 0., 6., 9., 60., 14.,
       0., 0., 0., 0., 19., 5., 0., 0., 0., 0., 0., 0., 9., 4., 70., 11.,
       10., 0., 0., 15., 6., 74., 142., 17., 1., 0., 0., 0., 0., 142.,
       66., 1., 0., 0., 0., 0., 0., 16., 0., 1., 0., 0., 0., 0., 0., 0.,
       60., 48., 1., 2., 52., 52., 4., 17., 142., 129., 0., 0., 0., 0.,
       0., 40., 29., 16., 0., 0., 0., 0., 0., 5., 0., 0., 0., 0., 0., 0.,
       0., 0., 3., 29., 130., 0., 0., 0., 53., 101., 7., 68., 57., 0.,
       0., 0., 4., 38., 4., 11., 2., 0., 0., 0., 0., 1., 0., 0., 0., 0.,
       0., 0., 0., 0., 30., 96., 140., 0., 0., 0., 1., 7., 140., 140.,
       69., 0., 0., 0., 0., 9., 70., 23., 1., 0., 0., 0., 0., 1., 0., 0.,
       0., 0., 0., 0., 0., 0., 77., 20., 13., 0., 0., 1., 15., 140.,
       140., 19., 1., 0., 0., 0., 5., 140., 77., 1., 0., 0., 0., 0., 0.,
       20., 1., 0., 0., 0., 0., 0., 0., 1., 98., 119., 1., 0., 14., 16.,
       2., 39., 140., 140., 0., 0., 0., 0., 1., 73., 24., 11., 0., 0.,
       0., 0., 0., 10., 0., 0., 0., 0., 0., 0., 0., 1., 0., 4., 4., 0.,
       12., 82., 7., 2., 19., 31., 16., 0., 0., 3., 13., 53., 137., 56.,
       7., 0., 0., 0., 3., 112., 74., 8., 0., 0., 0., 3., 5., 32., 12.,
       2., 0., 12., 137., 102., 3., 10., 107., 6., 0., 1., 8., 6., 33.,
       137., 74., 0., 0., 0., 0., 0., 26., 137., 26., 0., 0., 0., 0., 0.,
       0., 40., 28., 5., 7., 121., 115., 3., 0., 2., 137., 26., 1., 6.,
       7., 0., 1., 37., 137., 5., 0., 0., 0., 0., 3., 53., 2., 0., 0.,
       0., 0., 0., 0., 6., 27., 0., 11., 44., 4., 0., 2., 46., 137., 1.,
       0., 1., 0., 0., 0., 135., 85., 0., 0., 0., 0., 0., 0., 35., 1.,
       0., 0., 0., 0., 0., 0., 0., 0., 3., 2., 0., 21., 67., 4., 3., 4.,
       33., 14., 0., 0., 1., 28., 22., 96., 93., 15., 0., 0., 0., 15.,
       70., 109., 40., 1., 0., 0., 0., 0., 40., 17., 2., 0., 8., 128.,
       56., 2., 8., 104., 8., 0., 0., 5., 2., 71., 115., 50., 0., 0., 0.,
       0., 0., 105., 128., 47., 0., 0., 0., 0., 0., 3., 98., 23., 5., 0.,
       43., 128., 20., 4., 3., 128., 31., 0., 2., 5., 1., 6., 39., 128.,
       4., 0., 0., 0., 0., 21., 75., 3., 0., 0., 0., 0., 0., 2., 19., 5.,
       8., 5., 3., 29., 111., 72., 13., 128., 1., 0., 0., 0., 11., 54.,
       128., 90., 1., 0., 0., 0., 0., 0., 43., 1., 0., 0., 0., 0., 0.,
       0., 1., 3., 12., 107., 99., 0., 0., 9., 13., 80., 133., 69., 15.,
       0., 0., 0., 2., 51., 39., 0., 0., 0., 0., 0., 0., 0., 0., 0., 1.,
       7., 4., 0., 0., 23., 6., 51., 54., 0., 0., 7., 6., 133., 69., 10.,
       4., 0., 0., 1., 33., 124., 51., 2., 0., 0., 0., 0., 9., 1., 3.,
       0., 0., 1., 2., 0., 0., 12., 2., 1., 1., 0., 50., 133., 26., 87.,
       133., 18., 0., 7., 59., 28., 7., 37., 133., 23., 0., 1., 1., 0.,
       1., 12., 57., 0., 0., 0., 0., 0., 0., 8., 14., 3., 3., 13., 77.,
       82., 20., 1., 21., 5., 10., 115., 133., 13., 0., 80., 133., 4.,
       2., 23., 9., 0., 0., 83., 90., 0., 0., 0., 0., 0., 0., 0., 23.,
       25., 0., 1., 45., 19., 1., 10., 76., 76., 0., 0., 3., 6., 30.,
       133., 100., 34., 0., 0., 0., 3., 75., 63., 12., 0., 0., 0., 0.,
       0., 17., 4., 0., 0., 1., 89., 138., 24., 7., 82., 5., 0., 0., 14.,
       19., 26., 138., 73., 2., 0., 0., 0., 0., 24., 138., 22., 0., 0.,
       1., 1., 0., 0., 35., 11., 4., 9., 98., 138., 29., 1., 2., 138.,
       33., 1., 13., 30., 4., 1., 42., 138., 8., 0., 0., 0., 0., 2., 44.,
       1., 0., 0., 1., 3., 0., 0., 3., 20., 1., 37., 101., 22., 0., 0.,
       19., 138., 2., 1., 8., 4., 0., 0., 104., 95., 1., 0., 0., 0., 0.,
       0., 26., 1., 0., 0., 0., 1., 1., 0., 0., 0., 14., 140., 0., 0.,
       1., 130., 11., 33., 80., 46., 0., 0., 0., 48., 76., 22., 14., 0.,
       0., 1., 0., 0., 15., 0., 0., 0., 0., 2., 0., 0., 0., 20., 48.,
       140., 0., 0., 0., 5., 3., 140., 140., 64., 0., 0., 0., 0., 7.,
       100., 27., 0., 0., 1., 0., 0., 1., 0., 0., 0., 0., 1., 0., 0., 0.,
       22., 5., 8., 0., 0., 4., 140., 44., 140., 9., 1., 0., 0., 0., 56.,
       140., 104., 1., 0., 0., 1., 0., 0., 24., 1., 0., 0., 0., 1., 0.,
       0., 1., 1., 9., 122., 4., 0., 3., 140., 13., 42., 78., 48., 1.,
       0., 0., 44., 82., 28., 18., 0., 0., 1., 0., 0., 13., 0., 1., 0.,
       0., 1., 0., 0., 0., 0., 16., 146., 4., 0., 0., 0., 0., 14., 104.,
       94., 0., 0., 0., 0., 0., 9., 22., 1., 0., 1., 0., 0., 0., 0., 0.,
       0., 1., 10., 7., 0., 0., 25., 45., 146., 4., 0., 0., 9., 6., 146.,
       146., 64., 0., 0., 0., 1., 11., 106., 26., 0., 0., 1., 0., 0., 1.,
       1., 0., 0., 1., 1., 1., 0., 0., 21., 3., 5., 0., 0., 0., 146.,
       55., 146., 6., 0., 0., 0., 0., 67., 146., 100., 1., 0., 0., 1.,
       0., 0., 28., 1., 0., 0., 0., 2., 0., 0., 0., 0., 12., 132., 2.,
       0., 0., 136., 15., 32., 81., 47., 0., 0., 0., 45., 77., 22., 16.,
       0., 0., 1., 0., 0., 14., 0., 0., 0., 0., 2., 0., 0., 0., 0., 16.,
       151., 0., 0., 0., 1., 0., 10., 96., 91., 0., 0., 0., 0., 0., 8.,
       20., 1., 0., 2., 0., 0., 0., 0., 0., 0., 8., 10., 0., 0., 0., 22.,
       51., 151., 0., 0., 0., 6., 4., 151., 151., 74., 0., 0., 0., 0.,
       8., 103., 29., 0., 0., 2., 0., 0., 1., 0., 0., 0., 4., 27., 8.,
       0., 0., 23., 5., 8., 0., 0., 2., 151., 49., 151., 10., 1., 0., 0.,
       0., 72., 151., 105., 1., 0., 0., 1., 0., 0., 28., 0., 0., 0., 0.,
       4., 6., 1., 0., 0., 0., 0., 0., 0., 0., 151., 16., 11., 0., 0.,
       0., 0., 0., 95., 98., 9., 0., 0., 0., 0., 1., 2., 20., 0., 0., 0.,
       8., 8., 1., 0., 0., 8., 28., 102., 0., 0., 0., 69., 119., 30.,
       107., 50., 0., 0., 0., 5., 90., 13., 19., 0., 0., 1., 0., 0., 6.,
       0., 0., 0., 4., 15., 5., 0., 0., 21., 51., 146., 1., 0., 0., 7.,
       5., 146., 146., 65., 0., 0., 0., 1., 8., 107., 27., 0., 0., 1.,
       0., 0., 1., 0., 0., 0., 0., 4., 4., 1., 0., 21., 4., 7., 0., 0.,
       2., 146., 44., 146., 9., 1., 0., 0., 0., 78., 146., 104., 1., 0.,
       0., 1., 0., 0., 28., 0., 0., 0., 0., 1., 1., 0., 0., 0., 0., 1.,
       0., 0., 2., 146., 13., 10., 0., 1., 0., 0., 0., 93., 94., 8., 0.,
       0., 1., 1., 0., 1., 19., 0., 0., 0., 1., 1., 0., 0., 0., 0., 12.,
       144., 3., 0., 0., 0., 0., 11., 90., 95., 0., 0., 0., 0., 0., 7.,
       19., 2., 0., 1., 0., 0., 0., 0., 0., 0., 0., 1., 1., 0., 0., 20.,
       40., 144., 3., 0., 0., 6., 4., 144., 144., 75., 0., 0., 0., 1.,
       8., 101., 27., 0., 1., 1., 0., 0., 1., 0., 0., 0., 1., 1., 0., 0.,
       0., 19., 3., 5., 0., 0., 1., 144., 41., 144., 7., 0., 0., 0., 0.,
       54., 144., 106., 1., 0., 0., 0., 0., 0., 22., 0., 0., 0., 1., 1.,
       0., 0., 0., 1., 10., 144., 5., 0., 0., 127., 12., 55., 105., 65.,
       1., 0., 0., 38., 73., 38., 27., 0., 0., 0., 0., 0., 10., 0., 0.,
       0., 0., 1., 0., 0., 0., 8., 27., 66., 0., 0., 0., 64., 142., 18.,
       56., 31., 0., 0., 0., 3., 88., 4., 9., 1., 0., 0., 0., 0., 4., 0.,
       0., 0., 0., 0., 0., 0., 0., 28., 111., 142., 0., 0., 0., 2., 12.,
       142., 142., 67., 0., 0., 0., 0., 11., 60., 26., 0., 0., 0., 0.,
       0., 1., 1., 0., 0., 0., 0., 0., 0., 0., 109., 30., 26., 0., 0.,
       7., 4., 115., 142., 36., 1., 0., 0., 0., 0., 142., 77., 3., 0.,
