%YAML:1.0
tag: !!opencv-matrix
   rows: 129
   cols: 128
   dt: f
   data: [ 0., 106., 130., 0., 0., 0., 0., 0., 0., 89., 122., 0., 0., 0.,
       0., 0., 1., 55., 39., 0., 0., 0., 0., 0., 1., 10., 6., 0., 0., 0.,
       0., 0., 0., 99., 130., 0., 0., 2., 1., 0., 20., 130., 130., 0.,
       0., 1., 0., 2., 125., 130., 59., 0., 0., 0., 0., 3., 24., 32.,
       29., 12., 0., 0., 0., 0., 0., 5., 8., 0., 0., 6., 4., 0., 99.,
       36., 20., 0., 0., 4., 3., 39., 130., 75., 66., 23., 0., 0., 0.,
       35., 17., 17., 130., 116., 0., 0., 0., 0., 1., 2., 3., 1., 1., 0.,
       0., 0., 47., 40., 12., 1., 0., 0., 0., 7., 33., 42., 112., 53.,
       0., 0., 0., 4., 0., 1., 80., 78., 0., 0., 1., 0., 5., 1., 0., 0.,
       3., 0., 0., 1., 103., 13., 0., 1., 6., 1., 0., 0., 157., 38., 0.,
       0., 0., 0., 0., 0., 75., 10., 0., 0., 0., 0., 0., 0., 5., 2., 1.,
       1., 2., 1., 13., 13., 86., 10., 1., 2., 6., 4., 53., 37., 157.,
       35., 0., 0., 0., 0., 8., 63., 110., 9., 0., 0., 0., 0., 0., 6.,
       51., 28., 0., 0., 0., 0., 27., 66., 51., 45., 0., 0., 0., 1.,
       157., 157., 104., 9., 0., 0., 0., 0., 66., 157., 47., 1., 0., 0.,
       0., 0., 0., 32., 21., 70., 6., 0., 1., 1., 0., 3., 41., 157., 10.,
       0., 0., 0., 6., 19., 40., 157., 0., 0., 0., 0., 6., 30., 9., 21.,
       1., 0., 0., 0., 0., 5., 1., 0., 1., 0., 26., 19., 3., 6., 3., 1.,
       0., 0., 0., 8., 31., 22., 13., 0., 0., 1., 1., 13., 19., 46., 73.,
       0., 0., 0., 0., 0., 0., 148., 27., 4., 0., 9., 70., 9., 1., 11.,
       129., 9., 0., 0., 0., 25., 88., 84., 25., 0., 0., 0., 0., 53.,
       148., 148., 58., 0., 0., 0., 0., 0., 22., 148., 32., 8., 0., 22.,
       27., 0., 0., 0., 148., 28., 0., 0., 0., 1., 12., 30., 132., 2.,
       0., 0., 0., 5., 112., 81., 6., 0., 0., 0., 0., 0., 22., 71., 28.,
       1., 0., 4., 1., 0., 0., 14., 148., 1., 0., 0., 0., 0., 0., 88.,
       131., 0., 0., 0., 0., 0., 0., 36., 4., 0., 0., 0., 0., 0., 0.,
       11., 3., 6., 1., 0., 1., 2., 0., 0., 129., 81., 0., 0., 1., 2.,
       0., 1., 180., 130., 0., 0., 0., 0., 0., 1., 28., 9., 0., 0., 0.,
       0., 0., 6., 2., 1., 0., 0., 1., 3., 4., 6., 138., 21., 0., 2., 3.,
       2., 1., 5., 180., 46., 0., 0., 0., 0., 0., 9., 64., 3., 0., 0.,
       1., 1., 0., 6., 1., 1., 2., 4., 3., 1., 1., 2., 151., 3., 1., 8.,
       8., 0., 0., 20., 180., 2., 0., 0., 0., 0., 0., 50., 60., 1., 0.,
       0., 1., 0., 0., 7., 1., 2., 3., 2., 2., 0., 0., 1., 144., 0., 0.,
       2., 4., 0., 0., 59., 180., 0., 0., 0., 0., 0., 0., 107., 24., 0.,
       0., 1., 2., 0., 0., 11., 2., 1., 1., 1., 2., 1., 0., 0., 103., 3.,
       1., 4., 3., 0., 0., 2., 204., 9., 0., 0., 0., 0., 0., 4., 70., 1.,
       0., 3., 2., 0., 0., 2., 0., 0., 0., 1., 4., 5., 0., 0., 124., 6.,
       0., 1., 2., 2., 0., 2., 204., 14., 0., 0., 0., 0., 0., 3., 82.,
       8., 1., 19., 13., 0., 0., 0., 0., 1., 1., 2., 3., 5., 0., 0.,
       123., 2., 0., 1., 4., 5., 0., 7., 204., 11., 0., 0., 0., 0., 0.,
       6., 81., 5., 0., 55., 50., 0., 0., 1., 1., 0., 1., 2., 2., 3., 0.,
       0., 93., 5., 1., 1., 2., 1., 0., 1., 204., 16., 1., 4., 2., 0.,
       0., 2., 52., 4., 1., 105., 85., 0., 0., 1., 1., 0., 0., 76., 44.,
       0., 0., 1., 16., 1., 3., 4., 1., 1., 1., 12., 136., 0., 0., 0.,
       0., 0., 1., 153., 77., 0., 0., 0., 0., 0., 0., 153., 0., 0., 0.,
       16., 24., 2., 0., 1., 78., 1., 1., 2., 1., 1., 1., 20., 153., 8.,
       0., 0., 0., 0., 0., 131., 89., 2., 0., 0., 0., 0., 1., 51., 1.,
       0., 0., 4., 9., 2., 0., 1., 70., 20., 1., 1., 1., 1., 1., 4.,
       153., 153., 0., 0., 0., 0., 0., 7., 82., 78., 4., 0., 0., 0., 0.,
       2., 0., 0., 0., 1., 3., 2., 2., 1., 8., 12., 0., 0., 3., 2., 1.,
       0., 66., 153., 8., 0., 1., 1., 0., 0., 17., 153., 80., 0., 0., 0.,
       0., 0., 0., 1., 39., 104., 67., 1., 1., 0., 42., 96., 69., 6., 0.,
       2., 2., 1., 181., 164., 8., 0., 0., 0., 0., 0., 49., 20., 0., 0.,
       0., 1., 0., 0., 1., 5., 2., 35., 91., 1., 1., 0., 93., 9., 2., 2.,
       1., 3., 2., 2., 181., 15., 0., 0., 0., 0., 0., 9., 101., 6., 0.,
       0., 0., 0., 0., 8., 2., 4., 1., 18., 59., 2., 2., 2., 99., 9., 3.,
       1., 0., 1., 1., 2., 181., 11., 0., 0., 0., 0., 0., 9., 108., 2.,
       0., 0., 0., 0., 0., 10., 0., 0., 0., 4., 24., 4., 5., 4., 71., 3.,
       0., 0., 0., 7., 5., 7., 181., 6., 0., 0., 0., 0., 0., 10., 91.,
       4., 0., 0., 0., 0., 0., 2., 1., 0., 0., 1., 32., 2., 1., 0., 27.,
       1., 0., 0., 0., 0., 0., 20., 110., 0., 0., 0., 0., 0., 5., 158.,
       18., 0., 0., 0., 0., 0., 53., 158., 1., 0., 0., 1., 38., 3., 1.,
       1., 107., 3., 1., 0., 0., 1., 1., 17., 158., 7., 0., 0., 0., 0.,
       0., 109., 63., 4., 6., 3., 1., 0., 2., 39., 1., 0., 0., 1., 38.,
       1., 0., 1., 92., 23., 2., 2., 2., 0., 0., 1., 158., 158., 79., 1.,
       0., 0., 0., 2., 28., 38., 158., 40., 0., 0., 0., 0., 0., 1., 1.,
       2., 30., 0., 0., 0., 10., 14., 2., 1., 1., 1., 1., 1., 15., 81.,
       103., 1., 0., 1., 4., 1., 0., 10., 158., 22., 0., 0., 6., 0., 2.,
       65., 148., 2., 0., 0., 0., 0., 24., 107., 120., 1., 0., 0., 0.,
       0., 19., 30., 2., 0., 0., 0., 0., 0., 3., 1., 0., 0., 0., 0., 0.,
       0., 18., 44., 148., 2., 0., 0., 0., 1., 148., 130., 63., 1., 0.,
       0., 0., 0., 133., 27., 0., 0., 0., 0., 0., 0., 6., 1., 0., 0., 0.,
       0., 0., 1., 25., 3., 1., 2., 1., 0., 60., 26., 148., 8., 0., 0.,
       0., 0., 19., 96., 148., 6., 0., 0., 0., 0., 0., 17., 7., 3., 0.,
       0., 0., 0., 0., 1., 1., 0., 0., 0., 0., 0., 148., 61., 49., 0.,
       0., 0., 0., 0., 110., 148., 32., 0., 0., 0., 0., 0., 3., 36., 3.,
       1., 0., 0., 0., 0., 0., 2., 29., 46., 5., 12., 0., 0., 1., 1.,
       141., 141., 0., 0., 0., 0., 0., 1., 74., 44., 0., 0., 0., 0., 0.,
       0., 1., 6., 1., 0., 0., 0., 0., 0., 41., 5., 1., 0., 0., 0., 0.,
       7., 141., 46., 4., 0., 0., 0., 0., 32., 124., 60., 19., 0., 0.,
       0., 0., 4., 4., 20., 6., 0., 0., 0., 0., 0., 25., 13., 1., 0., 0.,
       0., 4., 5., 107., 141., 84., 0., 0., 1., 1., 7., 17., 141., 141.,
       0., 0., 0., 0., 0., 1., 141., 102., 0., 0., 0., 0., 0., 1., 2.,
       0., 0., 0., 22., 127., 10., 0., 16., 24., 1., 1., 64., 57., 0.,
       1., 65., 67., 0., 0., 18., 5., 0., 0., 141., 64., 0., 0., 0., 0.,
       0., 0., 0., 0., 0., 6., 13., 2., 3., 1., 0., 0., 0., 0., 1., 24.,
       18., 5., 1., 0., 0., 0., 1., 43., 108., 74., 1., 0., 0., 0., 0.,
       7., 154., 22., 3., 0., 1., 59., 22., 1., 14., 102., 6., 0., 0.,
       0., 0., 93., 154., 12., 0., 0., 0., 0., 0., 154., 154., 9., 0.,
       0., 0., 0., 0., 31., 154., 42., 9., 0., 16., 85., 2., 0., 2.,
       154., 41., 0., 0., 0., 0., 6., 39., 113., 5., 0., 0., 0., 0., 26.,
       69., 6., 0., 0., 0., 0., 0., 3., 23., 32., 0., 0., 17., 20., 0.,
       0., 5., 154., 6., 0., 0., 0., 0., 0., 34., 125., 1., 0., 0., 0.,
       0., 0., 19., 2., 0., 0., 0., 0., 0., 0., 6., 22., 42., 10., 24.,
       1., 0., 1., 1., 142., 142., 1., 0., 0., 0., 0., 1., 70., 36., 1.,
       0., 0., 0., 0., 0., 1., 2., 3., 1., 0., 0., 0., 0., 31., 5., 4.,
       2., 0., 0., 1., 6., 142., 57., 7., 0., 0., 0., 0., 33., 113., 68.,
       28., 0., 0., 0., 0., 4., 3., 17., 6., 0., 0., 0., 0., 0., 17.,
       10., 1., 0., 0., 2., 12., 4., 85., 142., 83., 0., 0., 2., 3., 5.,
       12., 142., 142., 0., 0., 0., 0., 0., 0., 142., 79., 0., 0., 0.,
       0., 0., 0., 1., 0., 0., 0., 33., 142., 12., 0., 9., 15., 0., 1.,
       104., 80., 0., 0., 60., 46., 0., 1., 32., 3., 0., 3., 142., 42.,
       0., 0., 0., 0., 0., 0., 0., 0., 0., 16., 27., 1., 1., 2., 2., 0.,
       0., 1., 1., 20., 14., 5., 3., 1., 0., 0., 0., 37., 93., 78., 4.,
       0., 0., 0., 0., 6., 149., 15., 2., 0., 2., 107., 34., 0., 8.,
       106., 7., 0., 0., 1., 0., 77., 148., 18., 0., 0., 0., 0., 0.,
       149., 149., 8., 0., 0., 0., 0., 0., 31., 149., 26., 5., 0., 38.,
       110., 2., 0., 1., 149., 29., 0., 0., 1., 0., 4., 38., 135., 4.,
       0., 0., 0., 0., 24., 61., 5., 1., 0., 0., 0., 0., 4., 16., 25.,
       0., 0., 28., 17., 0., 0., 8., 149., 1., 0., 0., 0., 0., 0., 68.,
