%YAML:1.0
tag: !!opencv-matrix
   rows: 86
   cols: 128
   dt: f
   data: [ 0., 0., 77., 61., 0., 1., 1., 0., 85., 25., 39., 24., 0., 1.,
       0., 1., 158., 27., 2., 0., 22., 26., 2., 8., 9., 0., 0., 0., 133.,
       101., 1., 2., 1., 0., 3., 3., 1., 4., 2., 1., 115., 8., 0., 1.,
       1., 3., 1., 2., 158., 18., 0., 0., 10., 14., 1., 7., 33., 0., 0.,
       0., 156., 131., 2., 5., 0., 0., 1., 2., 1., 0., 0., 0., 97., 8.,
       0., 1., 1., 0., 0., 1., 158., 29., 0., 0., 2., 4., 1., 5., 64.,
       4., 0., 0., 118., 106., 2., 5., 0., 0., 0., 0., 2., 1., 1., 1.,
       63., 6., 0., 0., 1., 1., 0., 1., 158., 22., 0., 0., 0., 0., 0.,
       1., 83., 4., 0., 0., 54., 47., 1., 2., 2., 0., 0., 0., 15., 0.,
       0., 1., 10., 1., 1., 0., 0., 0., 2., 13., 16., 0., 0., 0., 0., 2.,
       94., 86., 0., 0., 0., 0., 0., 1., 153., 17., 4., 1., 0., 1., 21.,
       0., 0., 0., 94., 3., 1., 2., 4., 0., 0., 15., 153., 4., 0., 0.,
       0., 0., 61., 153., 29., 2., 1., 0., 0., 2., 153., 52., 3., 1., 0.,
       1., 22., 0., 0., 0., 106., 12., 0., 1., 5., 1., 0., 2., 153.,
       135., 37., 0., 0., 0., 0., 6., 40., 47., 153., 3., 0., 0., 6., 4.,
       2., 1., 0., 0., 17., 1., 0., 1., 18., 16., 1., 0., 0., 1., 0., 1.,
       35., 122., 101., 0., 0., 0., 0., 0., 1., 23., 153., 4., 0., 0.,
       0., 0., 0., 3., 146., 7., 1., 0., 0., 0., 19., 37., 146., 4., 0.,
       0., 0., 1., 57., 68., 97., 25., 19., 11., 1., 7., 1., 1., 123.,
       52., 41., 16., 0., 1., 1., 1., 11., 2., 6., 1., 1., 2., 81., 6.,
       10., 1., 0., 1., 1., 3., 146., 6., 1., 1., 38., 38., 4., 27., 7.,
       0., 3., 4., 143., 95., 2., 4., 2., 0., 0., 0., 8., 0., 0., 1.,
       86., 4., 0., 1., 2., 0., 0., 0., 146., 4., 0., 0., 23., 23., 2.,
       13., 23., 0., 0., 0., 146., 120., 1., 5., 1., 0., 0., 0., 7., 0.,
       0., 1., 67., 1., 0., 0., 3., 1., 0., 1., 146., 3., 0., 0., 7., 7.,
       1., 4., 36., 0., 0., 0., 130., 87., 1., 3., 5., 3., 0., 0., 1.,
       4., 47., 53., 29., 15., 4., 0., 0., 0., 33., 151., 61., 20., 3.,
       0., 0., 0., 1., 151., 10., 2., 0., 0., 0., 0., 0., 13., 12., 47.,
       66., 15., 21., 5., 15., 30., 43., 151., 151., 0., 0., 0., 6., 60.,
       129., 151., 38., 0., 0., 0., 0., 16., 26., 12., 0., 0., 0., 0.,
       0., 1., 0., 6., 25., 14., 42., 0., 0., 0., 134., 45., 42., 0., 0.,
       0., 0., 16., 151., 43., 4., 0., 0., 0., 0., 41., 51., 2., 0., 0.,
       0., 0., 0., 5., 2., 0., 0., 5., 22., 0., 0., 0., 151., 0., 0., 0.,
       0., 0., 0., 26., 151., 0., 0., 0., 0., 0., 0., 52., 27., 0., 0.,
       0., 0., 0., 0., 5., 0., 8., 61., 0., 0., 0., 0., 0., 0., 8., 57.,
       1., 0., 0., 0., 0., 0., 5., 18., 18., 80., 0., 0., 0., 0., 0., 0.,
       26., 137., 0., 0., 0., 0., 31., 137., 0., 0., 0., 0., 0., 10.,
       81., 137., 0., 0., 0., 0., 0., 41., 105., 74., 26., 75., 0., 0.,
       0., 1., 1., 1., 35., 137., 0., 0., 0., 0., 5., 40., 0., 0., 2.,
       9., 0., 82., 30., 45., 0., 0., 0., 4., 10., 137., 34., 5., 12.,
       75., 0., 0., 17., 3., 1., 0., 23., 137., 0., 0., 0., 0., 0., 0.,
       0., 0., 19., 137., 0., 38., 0., 0., 0., 0., 9., 137., 53., 91.,
       0., 0., 7., 81., 4., 19., 70., 1., 0., 0., 16., 137., 1., 0., 0.,
       0., 0., 0., 0., 87., 16., 0., 0., 102., 18., 0., 0., 1., 0., 0.,
       0., 134., 45., 0., 0., 0., 0., 0., 0., 19., 4., 0., 0., 0., 0.,
       0., 0., 0., 0., 0., 0., 122., 47., 20., 2., 80., 10., 0., 0., 1.,
       2., 46., 33., 134., 36., 0., 0., 0., 0., 5., 37., 36., 9., 4., 0.,
       0., 0., 0., 1., 0., 0., 24., 10., 35., 86., 121., 8., 9., 1., 50.,
       9., 0., 2., 134., 75., 82., 12., 107., 12., 0., 0., 32., 92., 14.,
       6., 134., 24., 0., 0., 0., 2., 0., 0., 134., 36., 1., 5., 10., 1.,
       0., 0., 134., 38., 0., 0., 10., 2., 0., 2., 134., 33., 0., 0., 1.,
       1., 0., 0., 134., 26., 0., 0., 0., 0., 0., 0., 0., 1., 92., 21.,
       0., 0., 15., 1., 1., 0., 1., 0., 1., 13., 28., 0., 0., 0., 0., 6.,
       87., 85., 1., 0., 0., 0., 0., 52., 136., 10., 0., 0., 0., 1.,
       136., 2., 0., 0., 88., 0., 0., 0., 2., 0., 0., 12., 136., 10., 1.,
       0., 0., 3., 47., 125., 32., 6., 16., 10., 0., 78., 136., 36., 0.,
       0., 0., 4., 136., 1., 0., 0., 81., 12., 0., 0., 2., 1., 0., 1.,
       136., 136., 70., 6., 0., 0., 0., 5., 23., 35., 136., 96., 0., 4.,
       4., 3., 0., 0., 1., 27., 69., 0., 0., 0., 10., 12., 2., 0., 1.,
       0., 0., 0., 14., 60., 80., 7., 0., 0., 0., 0., 0., 5., 108., 41.,
       0., 0., 0., 0., 1., 84., 141., 0., 0., 0., 2., 1., 24., 141., 90.,
       0., 0., 0., 1., 1., 17., 27., 1., 0., 0., 0., 0., 0., 0., 0., 0.,
       0., 0., 0., 0., 0., 29., 68., 105., 0., 0., 3., 8., 3., 141.,
       141., 32., 0., 0., 0., 0., 4., 132., 24., 0., 0., 0., 0., 0., 0.,
       1., 0., 0., 0., 0., 0., 0., 0., 23., 1., 0., 0., 0., 59., 141.,
       24., 141., 3., 0., 0., 0., 5., 60., 126., 138., 1., 0., 0., 0.,
       0., 0., 20., 1., 0., 0., 0., 0., 0., 0., 0., 1., 57., 73., 0., 0.,
       33., 124., 8., 36., 47., 18., 0., 0., 5., 81., 102., 27., 6., 0.,
       0., 0., 0., 1., 26., 0., 0., 0., 0., 0., 0., 0., 0., 0., 19.,
       146., 0., 0., 0., 0., 0., 27., 122., 108., 0., 0., 0., 0., 0.,
       20., 27., 2., 0., 0., 0., 0., 0., 0., 0., 0., 0., 0., 0., 0., 0.,
       26., 35., 146., 0., 0., 0., 1., 1., 146., 130., 41., 0., 0., 0.,
       0., 1., 131., 20., 0., 0., 0., 0., 0., 0., 1., 0., 0., 0., 0., 0.,
       0., 0., 28., 2., 1., 0., 0., 0., 146., 32., 146., 3., 0., 0., 0.,
       0., 38., 123., 134., 0., 0., 0., 0., 0., 0., 18., 1., 0., 0., 0.,
       0., 0., 0., 0., 0., 0., 0., 0., 0., 1., 146., 20., 30., 0., 0.,
       0., 0., 0., 110., 127., 21., 0., 0., 0., 0., 0., 2., 28., 0., 0.,
       0., 0., 0., 0., 0., 0., 0., 0., 146., 28., 0., 0., 0., 0., 23.,
       58., 146., 17., 0., 0., 0., 0., 118., 120., 43., 0., 0., 0., 0.,
       0., 12., 4., 0., 0., 0., 0., 0., 0., 1., 0., 52., 6., 0., 0., 6.,
       8., 91., 25., 37., 2., 0., 0., 40., 40., 146., 46., 2., 0., 0.,
       0., 7., 39., 34., 3., 0., 0., 0., 0., 0., 1., 76., 1., 0., 0., 1.,
       0., 13., 64., 76., 1., 0., 0., 0., 0., 146., 146., 101., 1., 0.,
       0., 0., 0., 75., 146., 15., 0., 0., 0., 0., 0., 0., 7., 146., 13.,
       0., 0., 2., 0., 0., 8., 146., 17., 0., 0., 0., 0., 16., 34., 6.,
       0., 0., 0., 0., 0., 14., 14., 0., 0., 0., 0., 0., 0., 0., 1., 0.,
       3., 37., 18., 1., 0., 0., 0., 0., 18., 57., 1., 0., 0., 0., 0.,
       0., 11., 14., 0., 0., 0., 0., 0., 0., 1., 0., 0., 0., 0., 0., 0.,
       0., 10., 109., 133., 82., 0., 0., 0., 13., 133., 133., 18., 3.,
       0., 0., 1., 87., 133., 74., 0., 0., 0., 0., 3., 15., 9., 0., 0.,
       0., 0., 0., 0., 0., 1., 8., 99., 133., 0., 0., 0., 92., 45., 37.,
       11., 12., 0., 0., 8., 133., 119., 35., 0., 0., 0., 0., 23., 23.,
       36., 56., 0., 0., 0., 0., 1., 0., 0., 0., 50., 125., 0., 0., 0.,
       22., 25., 4., 2., 4., 0., 0., 1., 33., 133., 108., 0., 0., 0., 0.,
       1., 1., 84., 133., 0., 0., 0., 0., 0., 0., 0., 3., 5., 3., 38.,
       128., 0., 0., 2., 8., 1., 0., 28., 128., 1., 1., 1., 1., 0., 0.,
       24., 128., 3., 0., 0., 1., 0., 0., 22., 128., 0., 0., 1., 44.,
       96., 73., 16., 26., 0., 12., 60., 128., 20., 3., 8., 43., 1., 95.,
       74., 20., 0., 0., 8., 100., 18., 14., 1., 0., 0., 0., 22., 128.,
       8., 0., 0., 6., 57., 128., 0., 0., 0., 82., 24., 28., 12., 19.,
       0., 0., 10., 128., 29., 7., 5., 0., 0., 0., 27., 28., 6., 55.,
       17., 0., 1., 5., 3., 0., 0., 0., 23., 128., 4., 1., 0., 95., 0.,
       0., 2., 12., 1., 2., 20., 128., 2., 3., 24., 24., 0., 0., 29., 5.,
       4., 77., 84., 43., 0., 0., 0., 5., 73., 59., 0., 1., 5., 1., 1.,
       1., 25., 128., 63., 8., 0., 11., 9., 1., 0., 9., 51., 18., 1.,
       39., 52., 6., 0., 0., 0., 1., 1., 33., 137., 16., 3., 3., 0., 36.,
       29., 2., 9., 82., 3., 7., 1., 0., 0., 62., 137., 12., 0., 0., 1.,
       0., 0., 137., 137., 0., 0., 0., 0., 0., 0., 72., 137., 31., 4.,
       0., 0., 103., 30., 0., 1., 137., 50., 0., 0., 1., 0., 6., 43.,
