%YAML:1.0
tag: !!opencv-matrix
   rows: 126
   cols: 128
   dt: f
   data: [ 7., 0., 0., 0., 4., 5., 4., 12., 11., 1., 0., 0., 0., 19.,
       54., 30., 4., 2., 1., 1., 1., 36., 31., 9., 28., 0., 0., 0., 0.,
       1., 3., 126., 46., 3., 0., 3., 7., 3., 2., 9., 150., 10., 0., 0.,
       0., 32., 71., 82., 13., 0., 0., 0., 0., 142., 150., 52., 32., 0.,
       0., 0., 0., 9., 70., 150., 45., 8., 5., 5., 1., 1., 1., 2., 150.,
       27., 0., 0., 0., 2., 11., 28., 116., 2., 0., 0., 0., 34., 143.,
       50., 3., 0., 0., 0., 0., 4., 72., 107., 41., 0., 2., 1., 0., 0.,
       0., 14., 150., 0., 0., 0., 0., 0., 0., 62., 134., 0., 0., 0., 0.,
       0., 4., 28., 6., 0., 0., 0., 0., 0., 5., 7., 3., 4., 73., 6., 0.,
       1., 1., 1., 101., 43., 52., 2., 0., 0., 0., 0., 157., 68., 3., 0.,
       0., 0., 0., 0., 37., 7., 0., 0., 0., 0., 0., 1., 3., 5., 3., 3.,
       1., 1., 3., 8., 118., 13., 1., 1., 0., 0., 22., 39., 157., 36.,
       0., 0., 0., 0., 4., 39., 65., 7., 0., 0., 0., 0., 0., 2., 34.,
       15., 1., 0., 0., 4., 8., 33., 84., 64., 0., 0., 0., 0., 83., 157.,
       157., 25., 0., 0., 0., 0., 29., 157., 41., 4., 0., 0., 0., 0., 0.,
       12., 11., 21., 1., 0., 17., 64., 4., 1., 52., 157., 4., 1., 1.,
       1., 1., 13., 85., 157., 0., 0., 0., 0., 1., 21., 19., 23., 0., 0.,
       0., 0., 0., 2., 0., 3., 4., 9., 51., 4., 0., 0., 24., 29., 24.,
       0., 1., 2., 0., 10., 153., 62., 17., 0., 0., 0., 0., 94., 99.,
       13., 0., 0., 0., 0., 1., 43., 0., 0., 1., 1., 71., 45., 0., 0.,
       88., 2., 1., 1., 1., 2., 0., 18., 153., 8., 0., 0., 0., 0., 0.,
       100., 84., 2., 0., 0., 0., 0., 0., 35., 0., 1., 8., 8., 95., 127.,
       1., 0., 75., 20., 0., 1., 10., 17., 2., 3., 153., 153., 0., 0.,
       0., 0., 0., 4., 78., 66., 0., 0., 0., 0., 0., 2., 0., 10., 54.,
       37., 42., 21., 0., 0., 9., 12., 1., 14., 23., 7., 1., 1., 84.,
       153., 1., 0., 0., 0., 0., 0., 33., 153., 15., 0., 0., 0., 0., 0.,
       1., 0., 0., 1., 1., 0., 0., 0., 72., 0., 0., 0., 0., 0., 0., 21.,
       169., 0., 0., 0., 0., 0., 0., 103., 99., 1., 0., 0., 0., 0., 0.,
       33., 3., 1., 2., 1., 0., 0., 1., 3., 143., 2., 0., 0., 0., 0., 0.,
       13., 169., 6., 0., 0., 0., 0., 0., 38., 105., 4., 0., 0., 0., 0.,
       0., 9., 2., 1., 1., 1., 1., 1., 6., 4., 114., 24., 1., 0., 0., 0.,
       0., 2., 169., 128., 0., 0., 0., 0., 0., 1., 87., 53., 3., 0., 0.,
       0., 0., 0., 0., 0., 3., 6., 2., 1., 1., 0., 26., 25., 1., 1., 0.,
       0., 0., 1., 115., 169., 4., 0., 0., 0., 0., 0., 25., 169., 54.,
       0., 0., 0., 0., 0., 4., 40., 39., 34., 18., 0., 0., 0., 20., 0.,
       5., 24., 24., 1., 1., 16., 116., 0., 0., 0., 0., 0., 2., 159.,
       28., 0., 0., 0., 0., 0., 18., 159., 0., 2., 11., 5., 1., 1., 4.,
       1., 101., 2., 2., 6., 2., 3., 1., 18., 159., 3., 0., 0., 0., 0.,
       0., 121., 71., 0., 0., 0., 0., 0., 1., 47., 0., 1., 2., 4., 1.,
       1., 1., 0., 96., 26., 2., 6., 3., 3., 0., 0., 159., 118., 0., 0.,
       0., 0., 0., 4., 84., 24., 0., 0., 0., 0., 0., 4., 0., 0., 0., 0.,
       2., 5., 1., 0., 18., 14., 0., 0., 1., 6., 2., 0., 159., 159., 0.,
       0., 0., 1., 0., 0., 83., 130., 0., 0., 0., 0., 0., 0., 0., 0., 0.,
       2., 106., 2., 0., 0., 98., 2., 0., 1., 4., 1., 0., 3., 165., 3.,
       0., 0., 6., 10., 1., 11., 21., 0., 0., 0., 93., 123., 1., 3., 0.,
       0., 0., 2., 134., 3., 0., 0., 126., 2., 0., 1., 3., 1., 0., 3.,
       165., 2., 0., 0., 1., 2., 0., 17., 36., 0., 0., 0., 60., 87., 1.,
       5., 0., 0., 0., 4., 138., 2., 0., 1., 128., 1., 0., 1., 1., 0.,
       0., 10., 165., 3., 0., 0., 0., 0., 0., 16., 41., 2., 0., 0., 21.,
       25., 0., 2., 0., 0., 0., 1., 100., 8., 1., 1., 107., 1., 0., 0.,
       1., 1., 1., 5., 165., 2., 0., 0., 0., 0., 0., 10., 29., 1., 0.,
       0., 4., 3., 0., 3., 2., 0., 0., 0., 7., 2., 1., 1., 48., 1., 0.,
       0., 1., 1., 1., 27., 160., 0., 0., 0., 0., 0., 0., 160., 43., 0.,
       0., 0., 0., 0., 10., 126., 4., 0., 0., 0., 6., 1., 1., 1., 131.,
       5., 0., 0., 0., 1., 1., 14., 160., 14., 1., 0., 0., 0., 0., 58.,
       73., 7., 13., 4., 0., 0., 0., 19., 6., 1., 0., 1., 4., 1., 1., 3.,
       90., 28., 1., 1., 1., 2., 2., 2., 160., 160., 92., 0., 0., 0., 0.,
       1., 21., 45., 160., 34., 0., 0., 0., 0., 4., 1., 1., 1., 3., 0.,
       0., 1., 4., 16., 4., 2., 2., 0., 0., 0., 7., 79., 85., 1., 0., 0.,
       2., 2., 0., 10., 160., 18., 0., 1., 3., 0., 0., 0., 0., 11., 10.,
       1., 1., 0., 8., 0., 1., 2., 2., 3., 1., 12., 56., 0., 0., 0., 0.,
       0., 10., 142., 11., 0., 0., 0., 0., 0., 116., 142., 2., 1., 0.,
       1., 7., 3., 1., 1., 61., 1., 0., 0., 2., 4., 1., 22., 142., 18.,
       0., 0., 0., 0., 0., 142., 73., 9., 0., 0., 0., 0., 13., 99., 1.,
       1., 1., 0., 13., 24., 2., 2., 51., 19., 1., 0., 0., 1., 3., 5.,
       142., 142., 3., 0., 0., 0., 0., 7., 53., 142., 29., 0., 0., 0.,
       0., 2., 0., 0., 1., 0., 17., 142., 3., 0., 2., 10., 3., 1., 0.,
       19., 3., 0., 13., 142., 15., 1., 0., 0., 0., 0., 2., 142., 116.,
       0., 0., 0., 0., 0., 24., 161., 20., 0., 0., 0., 0., 0., 84., 161.,
       2., 0., 0., 0., 0., 0., 12., 20., 0., 1., 0., 0., 1., 1., 0., 0.,
       0., 0., 0., 1., 3., 3., 59., 68., 1., 0., 0., 0., 0., 2., 161.,
       161., 0., 0., 0., 0., 0., 6., 96., 33., 0., 0., 0., 0., 0., 2.,
       5., 1., 0., 0., 0., 0., 0., 4., 72., 3., 1., 0., 0., 0., 0., 32.,
       161., 8., 0., 0., 0., 0., 0., 123., 110., 2., 0., 0., 0., 0., 0.,
       32., 4., 0., 0., 0., 0., 0., 0., 4., 92., 0., 0., 0., 0., 0., 0.,
       97., 161., 0., 0., 0., 0., 0., 0., 161., 26., 0., 0., 0., 0., 0.,
       0., 29., 1., 0., 0., 0., 0., 0., 0., 1., 74., 59., 1., 0., 0., 0.,
       0., 0., 166., 166., 0., 0., 0., 0., 0., 0., 47., 22., 0., 0., 0.,
       0., 0., 1., 1., 1., 0., 0., 0., 0., 0., 1., 65., 15., 1., 1., 2.,
       0., 0., 2., 166., 68., 0., 0., 0., 0., 0., 9., 136., 18., 0., 0.,
       0., 0., 0., 2., 2., 1., 1., 2., 1., 0., 0., 1., 67., 1., 1., 0.,
       0., 0., 1., 40., 166., 1., 0., 0., 0., 0., 0., 128., 118., 5., 0.,
       0., 0., 0., 0., 19., 3., 1., 1., 1., 1., 0., 1., 2., 34., 0., 0.,
       0., 0., 0., 5., 166., 134., 0., 0., 0., 0., 0., 0., 166., 28., 0.,
       0., 0., 0., 0., 0., 25., 3., 0., 0., 0., 0., 0., 0., 3., 4., 3.,
       0., 1., 15., 6., 0., 0., 160., 137., 0., 0., 0., 0., 0., 0., 160.,
       160., 0., 0., 0., 0., 0., 0., 28., 16., 0., 0., 0., 0., 0., 0.,
       2., 0., 0., 1., 36., 12., 3., 1., 160., 54., 0., 0., 1., 4., 2.,
       23., 160., 134., 0., 0., 0., 0., 0., 31., 86., 17., 0., 0., 0.,
       0., 0., 5., 1., 0., 0., 0., 21., 117., 35., 5., 93., 1., 0., 0.,
       1., 6., 11., 123., 160., 4., 0., 0., 0., 0., 0., 110., 53., 1.,
       0., 0., 0., 0., 0., 7., 0., 0., 0., 0., 5., 48., 6., 1., 6., 0.,
       0., 0., 0., 2., 2., 7., 5., 0., 0., 0., 0., 0., 0., 2., 0., 0.,
       0., 0., 0., 0., 0., 0., 0., 0., 142., 33., 0., 0., 0., 0., 74.,
       88., 136., 11., 0., 0., 0., 0., 142., 102., 9., 0., 0., 0., 0.,
       0., 23., 5., 0., 0., 0., 0., 0., 0., 1., 0., 9., 3., 1., 2., 10.,
       9., 136., 17., 3., 1., 0., 1., 27., 49., 142., 43., 0., 0., 0.,
       0., 2., 37., 45., 9., 0., 0., 0., 0., 0., 1., 37., 23., 2., 0.,
       0., 1., 15., 40., 61., 66., 4., 0., 0., 0., 81., 142., 142., 30.,
       0., 0., 0., 0., 17., 142., 35., 2., 0., 0., 0., 0., 0., 6., 11.,
       36., 8., 1., 9., 36., 2., 1., 25., 142., 21., 0., 0., 0., 1., 10.,
       60., 142., 2., 0., 0., 0., 0., 11., 25., 28., 0., 0., 0., 0., 0.,
       1., 0., 8., 133., 4., 0., 0., 9., 1., 11., 68., 82., 1., 0., 0.,
       7., 2., 14., 18., 2., 1., 5., 0., 2., 3., 0., 0., 0., 39., 119.,
       0., 0., 1., 17., 31., 133., 4., 0., 0., 1., 3., 133., 131., 60.,
       1., 0., 0., 0., 5., 97., 21., 0., 3., 13., 0., 0., 1., 0., 0., 0.,
       26., 133., 1., 0., 0., 20., 4., 6., 0., 0., 0., 130., 54., 133.,
       6., 0., 0., 0., 0., 30., 133., 90., 1., 0., 1., 14., 1., 0., 25.,
       0., 0., 0., 2., 133., 28., 0., 0., 0., 0., 0., 0., 0., 2., 133.,
