%YAML:1.0
tag: !!opencv-matrix
   rows: 97
   cols: 128
   dt: f
   data: [ 1., 99., 173., 0., 0., 0., 0., 0., 37., 169., 98., 0., 0., 0.,
       0., 0., 21., 27., 1., 0., 0., 0., 0., 0., 0., 0., 0., 0., 0., 0.,
       0., 0., 30., 50., 67., 0., 0., 0., 0., 0., 173., 129., 24., 0.,
       0., 0., 0., 1., 135., 17., 0., 0., 0., 0., 0., 1., 0., 0., 0., 0.,
       0., 0., 0., 0., 47., 1., 0., 0., 0., 0., 0., 1., 173., 13., 0.,
       0., 0., 0., 0., 2., 163., 7., 0., 0., 0., 0., 0., 1., 0., 0., 0.,
       1., 1., 0., 0., 0., 36., 1., 0., 0., 2., 3., 0., 0., 173., 6., 0.,
       0., 0., 0., 0., 3., 134., 1., 0., 0., 0., 0., 0., 3., 0., 0., 0.,
       6., 5., 0., 0., 0., 0., 1., 95., 14., 0., 0., 0., 0., 114., 67.,
       58., 4., 0., 0., 0., 0., 152., 82., 2., 0., 0., 0., 0., 0., 34.,
       6., 0., 0., 0., 0., 0., 0., 1., 0., 1., 0., 0., 0., 4., 9., 144.,
       15., 0., 0., 0., 0., 16., 45., 152., 44., 0., 0., 0., 0., 1., 33.,
       63., 7., 0., 0., 0., 0., 0., 1., 35., 9., 0., 0., 0., 3., 7., 37.,
       87., 31., 0., 0., 0., 0., 60., 152., 152., 12., 0., 0., 0., 0.,
       15., 152., 38., 1., 0., 0., 0., 0., 0., 16., 20., 29., 1., 0.,
       10., 58., 3., 2., 65., 152., 2., 0., 1., 1., 2., 23., 69., 152.,
       0., 0., 0., 0., 1., 33., 13., 22., 0., 0., 0., 0., 0., 3., 0., 0.,
       144., 22., 0., 0., 0., 0., 49., 58., 144., 11., 0., 0., 0., 0.,
       144., 109., 20., 0., 0., 0., 0., 0., 26., 6., 0., 0., 0., 0., 0.,
       0., 1., 0., 10., 1., 0., 0., 11., 11., 94., 11., 5., 0., 0., 0.,
       41., 34., 144., 33., 0., 0., 0., 0., 6., 38., 53., 4., 0., 0., 0.,
       0., 0., 2., 38., 26., 2., 0., 0., 2., 19., 45., 47., 74., 7., 0.,
       0., 0., 143., 144., 119., 27., 1., 0., 0., 0., 53., 144., 24., 1.,
       0., 0., 0., 0., 0., 13., 10., 38., 9., 0., 11., 43., 1., 1., 20.,
       144., 29., 0., 0., 0., 4., 11., 45., 144., 4., 0., 0., 0., 4.,
       16., 10., 20., 0., 0., 0., 0., 0., 2., 0., 89., 168., 0., 0., 0.,
       0., 0., 21., 141., 85., 0., 0., 0., 0., 0., 13., 22., 1., 0., 0.,
       0., 0., 0., 0., 0., 0., 0., 0., 0., 0., 0., 30., 76., 103., 0.,
       0., 0., 0., 0., 168., 168., 33., 0., 0., 0., 0., 0., 116., 21.,
       0., 0., 0., 0., 0., 0., 0., 0., 0., 2., 2., 0., 0., 0., 61., 2.,
       0., 0., 0., 1., 1., 1., 168., 15., 0., 0., 0., 0., 0., 1., 158.,
       4., 0., 0., 0., 0., 0., 1., 1., 0., 0., 15., 16., 0., 0., 0., 45.,
       1., 0., 0., 8., 11., 2., 0., 168., 6., 0., 0., 0., 0., 0., 1.,
       129., 1., 0., 1., 1., 0., 0., 1., 0., 0., 0., 49., 45., 0., 0.,
       0., 0., 14., 142., 0., 0., 0., 1., 1., 19., 110., 120., 0., 0.,
       0., 0., 0., 16., 26., 3., 0., 0., 0., 0., 0., 0., 0., 0., 0., 0.,
       0., 0., 0., 20., 35., 142., 0., 0., 0., 2., 2., 142., 142., 61.,
       0., 0., 0., 0., 4., 136., 25., 0., 0., 0., 0., 0., 0., 1., 0., 0.,
       0., 0., 0., 0., 0., 32., 4., 3., 0., 0., 0., 64., 79., 142., 4.,
       0., 0., 0., 0., 34., 142., 136., 0., 0., 0., 0., 0., 0., 25., 1.,
       0., 0., 0., 0., 0., 0., 0., 56., 115., 2., 0., 1., 1., 25., 52.,
       82., 107., 0., 0., 0., 0., 25., 130., 26., 8., 0., 0., 0., 0., 0.,
       24., 0., 0., 0., 0., 0., 0., 0., 0., 0., 16., 88., 90., 7., 0.,
       0., 0., 0., 118., 113., 5., 0., 0., 0., 0., 0., 56., 20., 0., 0.,
       0., 0., 0., 0., 4., 0., 0., 0., 0., 0., 0., 0., 17., 63., 136.,
       58., 0., 0., 0., 29., 136., 136., 15., 1., 0., 0., 4., 109., 136.,
       36., 0., 0., 0., 0., 4., 14., 29., 37., 1., 0., 0., 0., 0., 3.,
       1., 2., 97., 45., 0., 0., 1., 114., 43., 10., 4., 1., 0., 0., 34.,
       136., 87., 136., 25., 0., 0., 0., 20., 8., 27., 136., 30., 0., 0.,
       0., 0., 3., 1., 0., 15., 7., 0., 0., 2., 26., 35., 18., 1., 0.,
       0., 9., 10., 8., 21., 103., 33., 1., 4., 27., 3., 1., 6., 90.,
       19., 0., 6., 10., 2., 0., 0., 139., 54., 0., 0., 0., 0., 28., 74.,
       139., 26., 0., 0., 0., 0., 135., 138., 26., 0., 0., 0., 0., 0.,
       21., 9., 0., 0., 0., 0., 0., 0., 1., 0., 44., 11., 0., 0., 4., 9.,
       81., 28., 22., 3., 0., 0., 23., 51., 139., 61., 0., 0., 0., 0.,
       4., 48., 56., 9., 0., 0., 0., 0., 0., 2., 29., 11., 1., 0., 0.,
       7., 10., 27., 63., 70., 6., 0., 0., 0., 48., 139., 124., 57., 2.,
       0., 0., 0., 16., 139., 31., 6., 0., 0., 0., 0., 0., 13., 7., 13.,
       2., 0., 13., 117., 17., 1., 18., 139., 27., 0., 6., 9., 0., 4.,
       46., 139., 10., 0., 0., 0., 0., 7., 28., 62., 0., 0., 0., 0., 0.,
       1., 30., 31., 0., 1., 9., 2., 0., 0., 137., 106., 0., 0., 0., 0.,
       0., 2., 68., 21., 0., 0., 0., 0., 0., 0., 0., 0., 0., 0., 0., 0.,
       0., 0., 42., 3., 0., 3., 6., 0., 0., 6., 137., 47., 8., 0., 0.,
       0., 0., 32., 92., 49., 42., 0., 0., 0., 0., 4., 0., 14., 12., 0.,
       0., 0., 0., 0., 22., 12., 0., 1., 0., 0., 17., 10., 79., 137.,
       81., 0., 0., 5., 18., 6., 8., 137., 137., 0., 0., 2., 1., 0., 0.,
       137., 97., 0., 0., 0., 0., 0., 0., 1., 0., 0., 0., 3., 137., 85.,
       1., 7., 11., 0., 2., 107., 137., 8., 0., 34., 42., 1., 12., 99.,
       15., 0., 5., 137., 32., 0., 2., 3., 0., 0., 0., 0., 0., 0., 14.,
       68., 2., 2., 0., 1., 4., 0., 0., 2., 23., 15., 0., 0., 4., 1., 0.,
       0., 57., 42., 12., 0., 0., 0., 0., 0., 27., 138., 11., 1., 0., 6.,
       138., 90., 1., 9., 100., 4., 0., 0., 7., 4., 76., 134., 16., 0.,
       0., 0., 0., 0., 138., 138., 1., 0., 0., 0., 0., 0., 88., 138.,
       25., 3., 1., 98., 137., 4., 0., 2., 138., 20., 0., 4., 6., 0., 5.,
       34., 115., 3., 0., 0., 0., 0., 34., 40., 0., 0., 0., 0., 0., 0.,
       11., 12., 27., 0., 5., 54., 9., 0., 0., 21., 138., 1., 0., 1., 0.,
       0., 0., 95., 77., 0., 0., 0., 0., 0., 0., 22., 0., 0., 0., 0., 0.,
       0., 0., 0., 26., 62., 142., 0., 0., 0., 0., 0., 19., 104., 110.,
       0., 0., 0., 0., 0., 14., 21., 2., 0., 0., 0., 0., 0., 0., 0., 0.,
       0., 0., 0., 0., 0., 24., 55., 142., 0., 0., 0., 2., 2., 142.,
       142., 59., 0., 0., 0., 0., 3., 119., 21., 0., 0., 0., 0., 0., 0.,
       0., 0., 0., 0., 0., 0., 0., 0., 26., 2., 3., 0., 0., 0., 142.,
       51., 142., 4., 0., 0., 0., 0., 57., 142., 121., 0., 0., 0., 0.,
       0., 0., 20., 0., 0., 0., 0., 0., 0., 0., 0., 24., 0., 0., 0., 0.,
       0., 142., 62., 22., 0., 0., 0., 0., 0., 112., 107., 15., 0., 0.,
       0., 0., 0., 2., 22., 0., 0., 0., 0., 0., 0., 0., 0., 10., 30.,
       73., 99., 0., 0., 0., 0., 138., 138., 21., 3., 0., 0., 0., 1.,
       53., 29., 0., 0., 0., 0., 0., 0., 0., 0., 0., 0., 0., 0., 0., 0.,
       36., 6., 8., 16., 0., 0., 0., 6., 138., 58., 4., 0., 0., 0., 0.,
       33., 99., 49., 10., 0., 0., 0., 0., 6., 0., 5., 1., 0., 0., 0.,
       0., 0., 18., 8., 0., 0., 0., 18., 88., 10., 77., 138., 46., 0.,
       0., 24., 19., 4., 12., 138., 96., 0., 0., 1., 0., 0., 6., 111.,
       9., 0., 0., 0., 0., 0., 0., 0., 0., 0., 1., 74., 138., 16., 0.,
       14., 8., 0., 28., 138., 45., 0., 7., 138., 21., 1., 18., 32., 0.,
       0., 51., 138., 2., 0., 0., 0., 0., 0., 0., 1., 1., 0., 8., 61.,
       5., 1., 1., 12., 9., 0., 0., 2., 16., 30., 70., 40., 14., 0., 0.,
       0., 17., 141., 107., 19., 1., 0., 0., 0., 0., 82., 10., 1., 0.,
       2., 138., 117., 2., 9., 101., 5., 0., 0., 8., 5., 48., 141., 30.,
       1., 0., 0., 0., 0., 88., 141., 18., 0., 0., 0., 0., 0., 4., 81.,
       21., 3., 1., 77., 141., 12., 0., 1., 141., 29., 0., 4., 13., 1.,
       2., 33., 129., 6., 0., 0., 0., 0., 8., 40., 1., 0., 0., 0., 0.,
       0., 1., 4., 24., 0., 7., 85., 26., 0., 0., 13., 141., 2., 0., 2.,
       1., 0., 0., 83., 91., 0., 0., 0., 0., 0., 0., 24., 0., 0., 0., 0.,
       0., 0., 0., 0., 0., 1., 1., 0., 8., 59., 5., 2., 1., 11., 9., 0.,
       0., 1., 16., 32., 71., 36., 13., 0., 0., 0., 17., 141., 105., 16.,
       1., 0., 0., 0., 0., 82., 10., 1., 0., 1., 134., 120., 2., 9.,
       106., 5., 0., 0., 8., 5., 45., 141., 32., 1., 0., 0., 0., 0., 82.,
       141., 17., 0., 0., 0., 0., 0., 3., 77., 20., 3., 1., 74., 141.,
       14., 0., 1., 141., 32., 1., 4., 13., 1., 1., 29., 136., 8., 0.,
