%YAML:1.0
tag: [ 7.5039047241210938e+01, 1.0827852249145508e+01,
    3.1380133628845215e+00, 3.0965542602539062e+02,
    2.1346850320696831e-02, 6947839, -1, 7.5039047241210938e+01,
    1.0827852249145508e+01, 3.1380133628845215e+00,
    2.0140280151367188e+02, 2.1346850320696831e-02, 6947839, -1,
    6.9691909790039062e+01, 6.2887214660644531e+01,
    3.0351645946502686e+00, 1.9159301757812500e+01,
    2.5678234174847603e-02, 4523007, -1, 7.3705055236816406e+01,
    6.4921363830566406e+01, 3.3276348114013672e+00,
    3.2584423828125000e+02, 2.7209848165512085e-02, 11207679, -1,
    7.3705055236816406e+01, 6.4921363830566406e+01,
    3.3276348114013672e+00, 2.0205445861816406e+02,
    2.7209848165512085e-02, 11207679, -1, 6.4686477661132812e+01,
    1.0376013183593750e+02, 3.1435165405273438e+00,
    2.5079641723632812e+02, 3.1112525612115860e-02, 7078911, -1,
    1.4986682128906250e+02, 1.0553939056396484e+02,
    3.5445899963378906e+00, 2.4508442687988281e+02,
    3.2236158847808838e-02, 15729663, -1, 1.4986682128906250e+02,
    1.0553939056396484e+02, 3.5445899963378906e+00,
    8.3117980957031250e+01, 3.2236158847808838e-02, 15729663, -1,
    3.4038825988769531e+01, 1.2002594757080078e+02,
    3.1839892864227295e+00, 3.0932891845703125e+01,
    2.7890166267752647e-02, 7996415, -1, 3.7029182434082031e+01,
    1.2156177520751953e+02, 2.2392201423645020e+00,
    3.3539581298828125e+01, 1.5591187402606010e-02, 15925759, -1,
    4.3369354248046875e+01, 1.2502169036865234e+02,
    3.0803229808807373e+00, 2.1341659545898438e+02,
    1.7634283751249313e-02, 5571583, -1, 7.5021026611328125e+01,
    1.2002641677856445e+01, 4.0274100303649902e+00,
    1.9425753784179688e+02, 2.1312642842531204e-02, 8257792, -1,
    1.5485316467285156e+02, 9.1280471801757812e+01,
    4.5092105865478516e+00, 2.8730984497070312e+02,
    3.2683841884136200e-02, 16449792, -1, 1.5485316467285156e+02,
    9.1280471801757812e+01, 4.5092105865478516e+00,
    1.3081805419921875e+02, 3.2683841884136200e-02, 16449792, -1,
    5.6612331390380859e+01, 1.1123929595947266e+02,
    4.0516920089721680e+00, 2.1939199829101562e+02,
    2.1251540631055832e-02, 8716544, -1, 7.5094535827636719e+01,
    1.3290022850036621e+01, 4.8102374076843262e+00,
    1.9220854187011719e+02, 2.1296259015798569e-02, 4391424, -1,
    8.0366470336914062e+01, 5.1042488098144531e+01,
    5.2949800491333008e+00, 1.6683134460449219e+02,
    1.6739375889301300e-02, 11338240, -1, 1.0328945922851562e+02,
    9.9029060363769531e+01, 4.9230809211730957e+00,
    2.8234045410156250e+02, 1.8112132325768471e-02, 6095360, -1,
    4.0160026550292969e+01, 1.0933767700195312e+02,
    4.9576268196105957e+00, 3.2592956542968750e+01,
    1.7703037708997726e-02, 6619648, -1, 1.0444104194641113e+01,
    1.3774684143066406e+02, 5.1637330055236816e+00,
    1.6203277587890625e+01, 3.1447835266590118e-02, 9568768, -1,
    7.2693031311035156e+01, 4.6570949554443359e+01,
    7.8638205528259277e+00, 3.4345956420898438e+02,
    2.3771591484546661e-02, 6553857, -1, 7.4688865661621094e+01,
    5.7102481842041016e+01, 7.8308625221252441e+00,
    3.5741314697265625e+02, 2.5726361200213432e-02, 6226177, -1,
    7.4688865661621094e+01, 5.7102481842041016e+01,
    7.8308625221252441e+00, 1.6111987304687500e+02,
    2.5726361200213432e-02, 6226177, -1, 1.0166796112060547e+02,
    9.0648658752441406e+01, 9.2433958053588867e+00,
    2.8348675537109375e+02, 2.6655573397874832e-02, 1507841, -1,
    1.0166796112060547e+02, 9.0648658752441406e+01,
    9.2433958053588867e+00, 1.1697175598144531e+02,
    2.6655573397874832e-02, 1507841, -1, 1.1322132873535156e+02,
    9.4602622985839844e+01, 9.6777534484863281e+00,
    2.8893276977539062e+02, 2.7779990807175636e-02, 4850177, -1 ]
