%YAML:1.0
tag: [ 1.2712400817871094e+02, 1.0154649353027344e+02,
    2.6605031490325928e+00, 1.5030516052246094e+02,
    1.7130734398961067e-02, 11731711, -1, 7.2462478637695312e+01,
    1.5347961425781250e+02, 2.4061634540557861e+00,
    2.9937103271484375e+01, 1.9344748929142952e-02, 4457215, -1,
    5.9912338256835938e+01, 1.7251557922363281e+02,
    2.7094266414642334e+00, 3.4653900146484375e+01,
    3.0141392722725868e-02, 13042431, -1, 7.5150848388671875e+01,
    1.8172491455078125e+02, 2.5698225498199463e+00,
    2.1196205139160156e+02, 1.8096556887030602e-02, 9175807, -1,
    9.5851882934570312e+01, 2.4396839141845703e+01,
    3.0111889839172363e+00, 1.9607208251953125e+01,
    1.4635229483246803e-02, 3933183, -1, 1.0940105438232422e+02,
    6.3687099456787109e+01, 3.3167839050292969e+00,
    1.6996690368652344e+02, 1.6481911763548851e-02, 10945535, -1,
    1.1363618469238281e+02, 6.4804824829101562e+01,
    3.4002473354339600e+00, 1.6888414001464844e+02,
    3.4941922873258591e-02, 12715007, -1, 1.1807965087890625e+02,
    1.0487738800048828e+02, 3.2199382781982422e+00,
    3.2943505859375000e+02, 1.8714053556323051e-02, 8782847, -1,
    1.3297459411621094e+02, 1.1581684112548828e+02,
    3.2764649391174316e+00, 1.4016641235351562e+02,
    1.6327625140547752e-02, 10093567, -1, 1.4078924560546875e+02,
    1.1950241088867188e+02, 3.1285624504089355e+00,
    1.3943252563476562e+02, 1.7021201550960541e-02, 6751231, -1,
    1.4651928710937500e+02, 1.2525369262695312e+02,
    3.3762891292572021e+00, 1.3600387573242188e+02,
    1.9493898376822472e-02, 12256255, -1, 1.3050202941894531e+02,
    1.3015637207031250e+02, 3.5328519344329834e+00,
    3.1992068481445312e+02, 1.6479279845952988e-02, 15533055, -1,
    1.4716378784179688e+02, 1.3110671997070312e+02,
    3.1473290920257568e+00, 1.3061135864257812e+02,
    1.6809558495879173e-02, 7144447, -1, 1.6250082397460938e+02,
    1.4133316040039062e+02, 2.7437856197357178e+00,
    9.5282012939453125e+01, 1.5958243981003761e-02, 13959935, -1,
    8.7493392944335938e+01, 1.4984727478027344e+02,
    3.3951168060302734e+00, 2.0314746093750000e+02,
    2.0965611562132835e-02, 12649471, -1, 7.7766441345214844e+01,
    1.5121545410156250e+02, 3.1741664409637451e+00,
    3.0145294189453125e+01, 1.8991086632013321e-02, 7799807, -1,
    2.2644355773925781e+02, 1.5303062438964844e+02,
    2.7642762660980225e+00, 3.0475369262695312e+02,
    1.9961971789598465e-02, 14484223, -1, 7.5579780578613281e+01,
    1.5535397338867188e+02, 3.4605157375335693e+00,
    3.0010681152343750e+01, 1.9940329715609550e-02, 14025727, -1,
    8.9140220642089844e+01, 1.5564436340332031e+02,
    3.2039024829864502e+00, 2.0144918823242188e+02,
    3.5565696656703949e-02, 8455167, -1, 8.9140220642089844e+01,
    1.5564436340332031e+02, 3.2039024829864502e+00,
    7.3414520263671875e+01, 3.5565696656703949e-02, 8455167, -1,
    2.2595512390136719e+02, 1.7788215637207031e+02,
    3.2632477283477783e+00, 2.7140890502929688e+02,
    2.1162796765565872e-02, 9765887, -1, 2.2595512390136719e+02,
    1.7788215637207031e+02, 3.2632477283477783e+00,
    1.1692602539062500e+02, 2.1162796765565872e-02, 9765887, -1,
    6.0137439727783203e+01, 1.7882986450195312e+02,
    3.4979400634765625e+00, 3.2630157470703125e+01,
    1.8936600536108017e-02, 14812159, -1, 6.7990371704101562e+01,
    1.8617022705078125e+02, 3.5116422176361084e+00,
    2.1484295654296875e+02, 1.9606972113251686e-02, 15074303, -1,
    5.3202056884765625e+01, 1.8801071166992188e+02,
    2.9974057674407959e+00, 3.9264984130859375e+01,
    2.0447436720132828e-02, 3605503, -1, 3.3566329956054688e+01,
    1.9373085021972656e+02, 2.9605908393859863e+00,
    2.1955593872070312e+02, 1.8155064433813095e-02, 2753535, -1,
    5.8812576293945312e+01, 1.9850947570800781e+02,
    3.3606121540069580e+00, 2.2042623901367188e+02,
    1.9324162974953651e-02, 11928575, -1, 4.4809833526611328e+01,
    2.1165071105957031e+02, 3.1717786788940430e+00,
    2.3607086181640625e+02, 1.9979877397418022e-02, 7734271, -1,
    1.1413416290283203e+02, 2.4067770004272461e+01,
    4.1766085624694824e+00, 2.0570187377929688e+02,
    2.5926470756530762e-02, 10879232, -1, 1.1092187500000000e+02,
    9.9605316162109375e+01, 3.9095973968505859e+00,
    3.2768505859375000e+02, 3.0175078660249710e-02, 6160640, -1,
    1.3870458984375000e+02, 1.4052420043945312e+02,
    4.7573804855346680e+00, 3.2344897460937500e+02,
    3.3971630036830902e-02, 3604992, -1, 1.3870458984375000e+02,
    1.4052420043945312e+02, 4.7573804855346680e+00,
    7.4364654541015625e+01, 3.3971630036830902e-02, 3604992, -1,
    7.5816749572753906e+01, 1.5527667236328125e+02,
    3.7677788734436035e+00, 3.0023681640625000e+01,
    1.9709944725036621e-02, 3473664, -1, 6.6956398010253906e+01,
    1.6060742187500000e+02, 4.2612533569335938e+00,
    3.0361663818359375e+01, 1.9224148243665695e-02, 12386560, -1,
    2.2460391235351562e+02, 1.7128001403808594e+02,
    4.2287783622741699e+00, 2.3508392333984375e+02,
    1.7160028219223022e-02, 11796736, -1, 6.5041297912597656e+01,
    1.7238327026367188e+02, 3.9990355968475342e+00,
    3.1540588378906250e+01, 1.8050717189908028e-02, 7799040, -1,
    6.7846679687500000e+01, 1.8615376281738281e+02,
    3.6562919616699219e+00, 2.1589324951171875e+02,
    1.9585702568292618e-02, 1310976, -1, 4.6125755310058594e+01,
    1.9731684875488281e+02, 4.2961516380310059e+00,
    4.0192596435546875e+01, 1.7112113535404205e-02, 12976384, -1,
    5.8683830261230469e+01, 1.9836186218261719e+02,
    3.6550519466400146e+00, 2.2032914733886719e+02,
    1.9206568598747253e-02, 1245440, -1, 1.1103755187988281e+02,
    1.0217865753173828e+02, 5.0765852928161621e+00,
    3.2622918701171875e+02, 3.0748140066862106e-02, 8323584, -1,
    1.5198341369628906e+02, 1.5207504272460938e+02,
    4.8910079002380371e+00, 2.8507492065429688e+02,
    2.2116951644420624e-02, 5636608, -1, 1.1421351623535156e+02,
    2.6122171401977539e+01, 5.7140541076660156e+00,
    1.9880267333984375e+02, 2.5552153587341309e-02, 131840, -1,
    1.1986066436767578e+02, 8.1984855651855469e+01,
    6.5638766288757324e+00, 1.6755827331542969e+02,
    2.0291242748498917e-02, 10158848, -1, 1.6287448120117188e+02,
    1.3378684997558594e+02, 8.8435926437377930e+00,
    1.1052911376953125e+02, 2.2670852020382881e-02, 15008001, -1,
    1.5177142333984375e+02, 1.5432044982910156e+02,
    8.0936536788940430e+00, 2.8852618408203125e+02,
    2.2174121811985970e-02, 8651009, -1, 2.0813648223876953e+01,
    2.0220176696777344e+02, 7.3313326835632324e+00,
    1.9553222656250000e+01, 3.5137191414833069e-02, 1442049, -1,
    3.6570663452148438e+01, 2.1168539428710938e+02,
    8.8707208633422852e+00, 2.5018634033203125e+02,
    3.4074813127517700e-02, 15270145, -1, 1.0984345245361328e+02,
    7.5566749572753906e+01, 1.1070979118347168e+01,
    3.4551144409179688e+02, 2.9920963570475578e-02, 14549505, -1,
    1.1225307464599609e+02, 9.0427864074707031e+01,
    1.0827941894531250e+01, 3.5693161010742188e+02,
    3.1350452452898026e-02, 12976641, -1, 1.1225307464599609e+02,
    9.0427864074707031e+01, 1.0827941894531250e+01,
    1.6315177917480469e+02, 3.1350452452898026e-02, 12976641, -1,
    1.3644155883789062e+02, 1.2540090942382812e+02,
    9.1574144363403320e+00, 3.2171228027343750e+02,
    3.3285986632108688e-02, 852481, -1, 1.3644155883789062e+02,
    1.2540090942382812e+02, 9.1574144363403320e+00,
    1.3851625061035156e+02, 3.3285986632108688e-02, 852481, -1,
    6.2078227996826172e+01, 1.6222627258300781e+02,
    9.6238889694213867e+00, 3.5712585449218750e+01,
    1.9297307357192039e-02, 4456961, -1, 1.5002148437500000e+02,
    1.4138954162597656e+02, 1.3436311721801758e+01,
    2.8488488769531250e+02, 3.2549094408750534e-02, 11862785, -1,
    1.5002148437500000e+02, 1.4138954162597656e+02,
    1.3436311721801758e+01, 1.1932040405273438e+02,
    3.2549094408750534e-02, 11862785, -1, 1.6696781921386719e+02,
    1.4814007568359375e+02, 1.4519561767578125e+01,
