%YAML:1.0
tag: [ 1.0704802703857422e+02, 1.1912535858154297e+02,
    2.5529618263244629e+00, 3.2829397583007812e+02,
    1.7240952700376511e-02, 8717055, -1, 6.7127548217773438e+01,
    1.5809036254882812e+02, 2.5379178524017334e+00,
    2.9357910156250000e+01, 1.6484828665852547e-02, 8323839, -1,
    7.0319389343261719e+01, 1.7348222351074219e+02,
    2.5101444721221924e+00, 2.0273886108398438e+02,
    1.9539721310138702e-02, 7537407, -1, 7.2911537170410156e+01,
    1.7593736267089844e+02, 2.7436089515686035e+00,
    2.0140005493164062e+02, 3.6239895969629288e-02, 13959935, -1,
    7.2911537170410156e+01, 1.7593736267089844e+02,
    2.7436089515686035e+00, 7.3216094970703125e+01,
    3.6239895969629288e-02, 13959935, -1, 8.5637878417968750e+01,
    1.8100408935546875e+02, 2.3136720657348633e+00,
    2.5582452392578125e+02, 2.1073900163173676e-02, 1639167, -1,
    2.3110012817382812e+02, 1.8289648437500000e+02,
    2.5500667095184326e+00, 2.1707214355468750e+02,
    3.1774073839187622e-02, 8651519, -1, 2.3110012817382812e+02,
    1.8289648437500000e+02, 2.5500667095184326e+00,
    6.3669708251953125e+01, 3.1774073839187622e-02, 8651519, -1,
    2.9827619552612305e+01, 2.0115391540527344e+02,
    2.5778861045837402e+00, 2.3701240539550781e+02,
    1.9478570669889450e-02, 9437951, -1, 2.8851675033569336e+01,
    2.1619552612304688e+02, 2.6472580432891846e+00,
    3.9708892822265625e+01, 1.7874713987112045e-02, 11338495, -1,
    3.8354396820068359e+01, 2.3082792663574219e+02,
    2.7254624366760254e+00, 2.2223181152343750e+02,
    1.8621226772665977e-02, 13435647, -1, 1.1061370086669922e+02,
    1.7557621002197266e+01, 3.3815886974334717e+00,
    1.3911582946777344e+02, 1.5591607429087162e-02, 12321791, -1,
    1.0751904296875000e+02, 3.0444467544555664e+01,
    3.2842018604278564e+00, 3.3141436767578125e+02,
    1.6932781785726547e-02, 10224639, -1, 1.0938529968261719e+02,
    3.7354442596435547e+01, 3.1852490901947021e+00,
    3.5350570678710938e+02, 1.5629205852746964e-02, 7996415, -1,
    1.0159266662597656e+02, 7.3552619934082031e+01,
    3.4484527111053467e+00, 1.6856507873535156e+02,
    3.3907283097505569e-02, 13763583, -1, 1.0159266662597656e+02,
    7.3552619934082031e+01, 3.4484527111053467e+00,
    1.9208129882812500e+01, 3.3907283097505569e-02, 13763583, -1,
    8.7849067687988281e+01, 8.5676269531250000e+01,
    3.5109684467315674e+00, 3.4492388916015625e+02,
    1.7706025391817093e-02, 15074303, -1, 1.0378531646728516e+02,
    9.6414787292480469e+01, 3.2790322303771973e+00,
    1.5909793090820312e+02, 1.6148610040545464e-02, 10093567, -1,
    1.2154552459716797e+02, 1.3978962707519531e+02,
    3.5878131389617920e+00, 3.2035003662109375e+02,
    1.7750367522239685e-02, 16647167, -1, 2.3183622741699219e+02,
    1.5839950561523438e+02, 3.3403205871582031e+00,
    1.2871330261230469e+02, 1.6696970909833908e-02, 11469823, -1,
    8.9927467346191406e+01, 1.6993388366699219e+02,
    3.0975618362426758e+00, 7.0719848632812500e+01,
    1.8553536385297775e-02, 6030335, -1, 6.0147891998291016e+01,
    1.7127499389648438e+02, 3.3949978351593018e+00,
    2.9951202392578125e+01, 1.8405755981802940e-02, 12649471, -1,
    1.7288204956054688e+02, 1.7132614135742188e+02,
    2.6909120082855225e+00, 1.2018774414062500e+02,
    1.8064662814140320e-02, 12518143, -1, 2.3097755432128906e+02,
    1.7352549743652344e+02, 3.0131475925445557e+00,
    3.0956500244140625e+02, 1.8782328814268112e-02, 3998719, -1,
    4.6195682525634766e+01, 1.9295841979980469e+02,
    3.2138001918792725e+00, 3.1744537353515625e+01,
    1.7762051895260811e-02, 8651775, -1, 3.5318962097167969e+01,
    1.9361720275878906e+02, 3.1412672996520996e+00,
    2.3087721252441406e+02, 3.6326423287391663e-02, 7013375, -1,
    3.5318962097167969e+01, 1.9361720275878906e+02,
    3.1412672996520996e+00, 6.6617858886718750e+01,
    3.6326423287391663e-02, 7013375, -1, 1.9323207855224609e+01,
    1.9810891723632812e+02, 2.9498612880706787e+00,
    6.0298797607421875e+01, 1.8587246537208557e-02, 2491391, -1,
    6.1434345245361328e+01, 1.9935836791992188e+02,
    3.0269730091094971e+00, 2.1007502746582031e+02,
    1.8823979422450066e-02, 4326399, -1, 4.5375831604003906e+01,
    2.1647177124023438e+02, 3.5175156593322754e+00,
    2.1978385925292969e+02, 1.8347559496760368e-02, 15205375, -1,
    1.9002080917358398e+01, 2.4560504150390625e+02,
    3.4024875164031982e+00, 2.4935304260253906e+02,
    1.7231654375791550e-02, 12780543, -1, 9.0773155212402344e+01,
    9.8687332153320312e+01, 4.1887030601501465e+00,
    7.6498413085937500e+00, 1.9450463354587555e-02, 11141376, -1,
    9.8319931030273438e+01, 1.1106292724609375e+02,
    3.9234998226165771e+00, 3.2833694458007812e+02,
    3.3121649175882339e-02, 6357248, -1, 9.8319931030273438e+01,
    1.1106292724609375e+02, 3.9234998226165771e+00,
    2.0317593383789062e+02, 3.3121649175882339e-02, 6357248, -1,
    1.4925935363769531e+02, 1.5526025390625000e+02,
    3.9876766204833984e+00, 1.2085031127929688e+02,
    1.7264727503061295e-02, 7536896, -1, 1.5385032653808594e+02,
    1.6969020080566406e+02, 4.0921430587768555e+00,
    3.0002673339843750e+02, 1.7756110057234764e-02, 9437440, -1,
    1.2969770812988281e+02, 1.7207342529296875e+02,
    4.1143965721130371e+00, 2.6056286621093750e+02,
    1.8581038340926170e-02, 9830656, -1, 1.5907310485839844e+02,
    1.7282785034179688e+02, 4.4035129547119141e+00,
    3.0007550048828125e+02, 1.8728861585259438e-02, 14745856, -1,
    1.0918188476562500e+02, 1.7590377807617188e+02,
    3.8795425891876221e+00, 2.5811126708984375e+02,
    2.0084965974092484e-02, 5570816, -1, 4.3999362945556641e+01,
    1.8862716674804688e+02, 4.0790762901306152e+00,
    3.2439208984375000e+01, 2.0854368805885315e-02, 9175296, -1,
    3.5011119842529297e+01, 2.0030497741699219e+02,
    5.0813250541687012e+00, 3.1593475341796875e+01,
    3.1057175248861313e-02, 8389120, -1, 2.2892413330078125e+02,
    2.0034883117675781e+02, 3.7815251350402832e+00,
    2.6856298828125000e+02, 2.1476604044437408e-02, 3735808, -1,
    2.2892413330078125e+02, 2.0034883117675781e+02,
    3.7815251350402832e+00, 9.0005004882812500e+01,
    2.1476604044437408e-02, 3735808, -1, 2.6231056213378906e+01,
    2.2059422302246094e+02, 4.2105650901794434e+00,
    4.0139648437500000e+01, 1.7662409693002701e-02, 11469056, -1,
    1.4926344871520996e+01, 2.3221563720703125e+02,
    3.9676568508148193e+00, 4.9451141357421875e+01,
    1.8886944279074669e-02, 7209216, -1, 3.3953495025634766e+01,
    2.3628224182128906e+02, 4.4468760490417480e+00,
    2.2935192871093750e+02, 1.7637141048908234e-02, 15466752, -1,
    2.3985467910766602e+01, 2.3784754943847656e+02,
    4.2156820297241211e+00, 2.3530259704589844e+02,
    1.8751753494143486e-02, 11600128, -1, 1.8014368057250977e+01,
    2.4092884826660156e+02, 4.4194731712341309e+00,
    2.4780111694335938e+02, 2.0787470042705536e-02, 15008000, -1,
    1.0235768127441406e+02, 2.7697662353515625e+01,
    6.0914692878723145e+00, 1.9896531677246094e+02,
    2.6014577597379684e-02, 4784896, -1, 1.0315820312500000e+02,
    8.2999702453613281e+01, 4.7088608741760254e+00,
    1.9549790954589844e+02, 1.9963523373007774e-02, 2884096, -1,
    8.9623985290527344e+01, 1.3696305847167969e+02,
    3.7897605895996094e+00, 2.0002185058593750e+02,
    1.7616158351302147e-02, 3866880, -1, 1.4836920166015625e+02,
    1.4817742919921875e+02, 4.8008551597595215e+00,
    1.2793423461914062e+02, 1.8773470073938370e-02, 4260352, -1,
    1.3044326782226562e+02, 1.5789910888671875e+02,
    5.4031820297241211e+00, 3.2284197998046875e+02,
    3.2933428883552551e-02, 12845568, -1, 1.3044326782226562e+02,
    1.5789910888671875e+02, 5.4031820297241211e+00,
    7.6470062255859375e+01, 3.2933428883552551e-02, 12845568, -1,
    1.4519795227050781e+02, 1.7140496826171875e+02,
    6.0496611595153809e+00, 2.8220578002929688e+02,
    2.2960180416703224e-02, 4260608, -1, 7.5621276855468750e+01,
    1.7323248291015625e+02, 5.0785841941833496e+00,
