%YAML:1.0
tag: [ 1.7291267395019531e+02, 7.6827835083007812e+01,
    1.9380645751953125e+00, 1.6128601074218750e+01,
    1.3559600338339806e-02, 5505535, -1, 1.5452114868164062e+02,
    1.3353359985351562e+02, 1.8767460584640503e+00,
    2.0445129394531250e+01, 1.4420304447412491e-02, 3211775, -1,
    3.2087091064453125e+02, 1.9010440063476562e+02,
    1.9669684171676636e+00, 9.5315429687500000e+01,
    1.4104083180427551e-02, 6554111, -1, 2.0226873779296875e+02,
    1.9297215270996094e+02, 1.9522455930709839e+00,
    3.1529223632812500e+02, 1.4037407934665680e-02, 6029823, -1,
    2.6211114501953125e+02, 1.9446250915527344e+02,
    1.8597072362899780e+00, 8.0986145019531250e+01,
    1.5918402001261711e-02, 2556415, -1, 2.5317964172363281e+02,
    1.9545199584960938e+02, 1.8815252780914307e+00,
    8.0091522216796875e+01, 1.7248233780264854e-02, 3342847, -1,
    2.6154724121093750e+02, 1.9716508483886719e+02,
    2.0786447525024414e+00, 8.0840454101562500e+01,
    1.4837539754807949e-02, 10551807, -1, 2.5359985351562500e+02,
    1.9797160339355469e+02, 2.0551960468292236e+00,
    7.9294250488281250e+01, 1.6376847401261330e-02, 9765375, -1,
    1.3692515563964844e+02, 2.0332841491699219e+02,
    2.3197364807128906e+00, 2.0051602172851562e+02,
    1.5500617213547230e-02, 1770239, -1, 3.4830615234375000e+02,
    2.0521862792968750e+02, 1.8160530328750610e+00,
    1.6031094360351562e+02, 1.3789972290396690e-02, 786943, -1,
    1.3502912902832031e+02, 2.0794686889648438e+02,
    2.2263042926788330e+00, 2.0096997070312500e+02,
    1.5440455637872219e-02, 15532543, -1, 1.8306832885742188e+02,
    2.1140252685546875e+02, 2.1792967319488525e+00,
    7.2521453857421875e+01, 1.6016785055398941e-02, 14025215, -1,
    2.2765066528320312e+02, 2.1471562194824219e+02,
    2.4931941032409668e+00, 2.6481890869140625e+02,
    1.7072500661015511e-02, 7013119, -1, 1.3236610412597656e+02,
    2.1495579528808594e+02, 2.1689352989196777e+00,
    2.0238992309570312e+02, 1.8034879118204117e-02, 13631999, -1,
    2.8967135620117188e+02, 2.2333090209960938e+02,
    1.9230444431304932e+00, 1.1019273376464844e+02,
    1.7867669463157654e-02, 4915711, -1, 1.6168537902832031e+02,
    2.2787164306640625e+02, 2.1212327480316162e+00,
    2.5669592285156250e+02, 1.7645133659243584e-02, 12059135, -1,
    2.5386131286621094e+02, 2.2901966857910156e+02,
    2.0938291549682617e+00, 2.9744430541992188e+02,
    1.5223450027406216e-02, 11076095, -1, 3.3302764892578125e+02,
    2.3008877563476562e+02, 2.2462403774261475e+00,
    7.1664703369140625e+01, 1.7502577975392342e-02, 16187903, -1,
    1.3542752075195312e+02, 2.3109381103515625e+02,
    1.9451392889022827e+00, 6.7912200927734375e+01,
    1.5805948525667191e-02, 5767679, -1, 3.3608923339843750e+02,
    2.3355271911621094e+02, 2.2010316848754883e+00,
    2.3169879150390625e+02, 1.8587205559015274e-02, 14680575, -1,
    1.3660511779785156e+02, 2.3589360046386719e+02,
    1.9415130615234375e+00, 2.5213909912109375e+02,
    1.9298648461699486e-02, 5636607, -1, 1.4259062194824219e+02,
    2.3638397216796875e+02, 1.8862686157226562e+00,
    2.5158587646484375e+02, 1.9490092992782593e-02, 3539455, -1,
    9.8298530578613281e+01, 2.3996342468261719e+02,
    1.9130109548568726e+00, 3.0757812500000000e+01,
    1.9503258168697357e-02, 4588031, -1, 1.2035499572753906e+02,
    2.4351676940917969e+02, 2.2112195491790771e+00,
    2.0920140075683594e+02, 1.5059730038046837e-02, 15073791, -1,
    9.3407722473144531e+01, 2.4787023925781250e+02,
    2.0129117965698242e+00, 3.2740478515625000e+01,
    1.5732755884528160e-02, 8258047, -1, 7.9278984069824219e+01,
    2.5139251708984375e+02, 1.9645832777023315e+00,
    6.3336120605468750e+01, 1.8769815564155579e-02, 6488575, -1,
    9.0468765258789062e+01, 2.5669628906250000e+02,
    1.8670173883438110e+00, 2.9856842041015625e+01,
    1.7105612903833389e-02, 2818559, -1, 6.2534061431884766e+01,
    2.6050628662109375e+02, 2.2141864299774170e+00,
    5.9337799072265625e+01, 1.7230372875928879e-02, 15139327, -1,
    4.9014965057373047e+01, 2.6884710693359375e+02,
    2.3613648414611816e+00, 5.8756866455078125e+01,
    1.5218587592244148e-02, 3080959, -1, 4.2761245727539062e+01,
    2.7345407104492188e+02, 1.8757160902023315e+00,
    5.2820587158203125e+01, 1.5071474015712738e-02, 3146239, -1,
    5.4750148773193359e+01, 2.7509912109375000e+02,
    2.0728340148925781e+00, 2.2802111816406250e+02,
    1.5094695612788200e-02, 10355199, -1, 1.0504035949707031e+02,
    2.7512487792968750e+02, 2.1445052623748779e+00,
    2.1270738220214844e+02, 1.3587503693997860e-02, 12845567, -1,
    4.5605712890625000e+01, 2.8852151489257812e+02,
    1.9225724935531616e+00, 2.1985638427734375e+02,
    1.5308292582631111e-02, 4915711, -1, 6.3416564941406250e+01,
    2.8954168701171875e+02, 2.0356929302215576e+00,
    4.0098510742187500e+01, 1.5461597591638565e-02, 9044479, -1,
    4.2109138488769531e+01, 2.9311621093750000e+02,
    2.3422400951385498e+00, 2.1611836242675781e+02,
    1.6911983489990234e-02, 2491135, -1, 5.5471027374267578e+01,
    3.0255252075195312e+02, 2.2251451015472412e+00,
    4.5296600341796875e+01, 1.5867611393332481e-02, 15532543, -1,
    3.0389482498168945e+01, 3.1260998535156250e+02,
    2.1141910552978516e+00, 1.9072160339355469e+02,
    1.3616943731904030e-02, 11796991, -1, 3.8044307708740234e+01,
    3.1656378173828125e+02, 2.2106406688690186e+00,
    5.9804626464843750e+01, 1.7649630084633827e-02, 15008255, -1,
    2.4351633071899414e+01, 3.1951123046875000e+02,
    2.1428194046020508e+00, 3.1210321044921875e+02,
    1.5527121722698212e-02, 12780031, -1, 6.0559345245361328e+01,
    3.2264724731445312e+02, 2.0092923641204834e+00,
    2.4297880554199219e+02, 1.5860443934798241e-02, 8126975, -1,
    1.7562217712402344e+02, 9.9650672912597656e+01,
    2.4408071041107178e+00, 1.9518853759765625e+02,
    1.3670199550688267e-02, 5505791, -1, 1.4921182250976562e+02,
    1.3992796325683594e+02, 2.4878346920013428e+00,
    1.9300598144531250e+01, 1.4754027128219604e-02, 6882047, -1,
    1.4900585937500000e+02, 1.4909796142578125e+02,
    2.8007035255432129e+00, 2.3490539550781250e+01,
    1.3671068474650383e-02, 15401727, -1, 1.9218911743164062e+02,
    1.5188420104980469e+02, 2.1434569358825684e+00,
    1.4640234375000000e+02, 1.5218680724501610e-02, 12780031, -1,
    1.7795072937011719e+02, 1.6370425415039062e+02,
    2.5784833431243896e+00, 3.2570397949218750e+02,
    1.4277975074946880e-02, 9437951, -1, 1.5197438049316406e+02,
    1.7201393127441406e+02, 2.7300903797149658e+00,
    1.9901437377929688e+02, 1.5471020713448524e-02, 13566719, -1,
    1.3276797485351562e+02, 1.7736738586425781e+02,
    2.0788824558258057e+00, 2.3524108886718750e+01,
    1.5689695253968239e-02, 10551807, -1, 1.2934277343750000e+02,
    1.8356970214843750e+02, 2.8156917095184326e+00,
    2.8659301757812500e+01, 1.4717656187713146e-02, 15794943, -1,
    2.4620266723632812e+02, 1.9964108276367188e+02,
    2.6848037242889404e+00, 8.2524658203125000e+01,
    1.4831835404038429e-02, 12387071, -1, 2.8229663085937500e+02,
    2.0496781921386719e+02, 2.3484601974487305e+00,
    2.6185366821289062e+02, 1.4817115850746632e-02, 2687743, -1,
    3.3086990356445312e+02, 2.0499313354492188e+02,
    2.6031939983367920e+00, 2.8738980102539062e+02,
    1.5161186456680298e-02, 10158847, -1, 2.0810108947753906e+02,
    2.0754583740234375e+02, 2.4256925582885742e+00,
    7.6787384033203125e+01, 1.9087551161646843e-02, 5047039, -1,
    2.7261102294921875e+02, 2.0881121826171875e+02,
    2.0767750740051270e+00, 2.6192828369140625e+02,
    1.8280964344739914e-02, 10486271, -1, 1.1794225311279297e+02,
    2.1166998291015625e+02, 2.3413116931915283e+00,
    2.9459503173828125e+01, 1.5715535730123520e-02, 2491135, -1,
    1.4754064941406250e+02, 2.2336552429199219e+02,
    2.8410329818725586e+00, 6.9199096679687500e+01,
    1.7598751932382584e-02, 16450303, -1, 1.0698744201660156e+02,
    2.2482048034667969e+02, 2.6848762035369873e+00,
