%YAML:1.0
tag: [ 8.3070320129394531e+01, 8.3408813476562500e+01,
    2.3893916606903076e+00, 1.9729064941406250e+02,
    1.8866270780563354e-02, 3932927, -1, 1.7086190795898438e+02,
    1.0907051086425781e+02, 2.5204083919525146e+00,
    2.7813681030273438e+02, 1.8431616947054863e-02, 7799551, -1,
    1.7744558715820312e+02, 1.1099977111816406e+02,
    2.2841904163360596e+00, 2.9907153320312500e+02,
    1.9200285896658897e-02, 656127, -1, 1.4503761291503906e+01,
    1.4906588745117188e+02, 2.6381309032440186e+00,
    4.2287261962890625e+01, 1.8340557813644409e-02, 11076351, -1,
    8.7443725585937500e+01, 1.4707947731018066e+01,
    3.0131728649139404e+00, 2.0324237060546875e+02,
    2.2662688046693802e-02, 3998719, -1, 9.7465682983398438e+01,
    7.2586746215820312e+01, 2.7597477436065674e+00,
    1.4773580932617188e+02, 1.4248103834688663e-02, 14353151, -1,
    1.0237596130371094e+02, 7.9002662658691406e+01,
    3.2782294750213623e+00, 1.4326403808593750e+02,
    1.4856360852718353e-02, 10093567, -1, 1.1160262298583984e+02,
    8.9704795837402344e+01, 3.3654572963714600e+00,
    1.3555815124511719e+02, 1.5393694862723351e-02, 11994111, -1,
    7.4088088989257812e+01, 1.0944721984863281e+02,
    3.4942414760589600e+00, 2.0059541320800781e+02,
    1.5298165380954742e-02, 14746623, -1, 1.1979680633544922e+02,
    1.1366497802734375e+02, 3.3472034931182861e+00,
    2.9069134521484375e+02, 1.9671270623803139e-02, 11600895, -1,
    1.1979680633544922e+02, 1.1366497802734375e+02,
    3.3472034931182861e+00, 2.7029937744140625e+02,
    1.9671270623803139e-02, 11600895, -1, 9.9869712829589844e+01,
    1.1754965209960938e+02, 3.1192872524261475e+00,
    2.5701629638671875e+02, 1.7277622595429420e-02, 6489087, -1,
    7.8396469116210938e+01, 1.1968503570556641e+02,
    3.3556168079376221e+00, 2.5040756225585938e+02,
    3.1160881742835045e-02, 11797503, -1, 7.8396469116210938e+01,
    1.1968503570556641e+02, 3.3556168079376221e+00,
    6.9775329589843750e+01, 3.1160881742835045e-02, 11797503, -1,
    7.2966361999511719e+01, 1.2170057678222656e+02,
    3.1449270248413086e+00, 2.5055766296386719e+02,
    3.0956370756030083e-02, 7078911, -1, 7.2966361999511719e+01,
    1.2170057678222656e+02, 3.1449270248413086e+00,
    7.0458312988281250e+01, 3.0956370756030083e-02, 7078911, -1,
    1.7750665283203125e+02, 1.2500110626220703e+02,
    3.2686195373535156e+00, 2.3152282714843750e+02,
    1.6091262921690941e-02, 9896959, -1, 2.0142829895019531e+01,
    1.4361514282226562e+02, 3.2621879577636719e+00,
    5.0339660644531250e+01, 1.7174730077385902e-02, 9765887, -1,
    5.1713600158691406e+01, 1.4531895446777344e+02,
    3.0449399948120117e+00, 2.1662635803222656e+02,
    1.6736427322030067e-02, 4785151, -1, 4.6202217102050781e+01,
    1.5295930480957031e+02, 2.8890073299407959e+00,
    2.2012774658203125e+02, 1.7832260578870773e-02, 984063, -1,
    3.8975910186767578e+01, 1.6040225219726562e+02,
    3.5005130767822266e+00, 2.2562742614746094e+02,
    1.7053313553333282e-02, 14877695, -1, 1.9393003463745117e+01,
    1.6287577819824219e+02, 3.0159447193145752e+00,
    1.9216705322265625e+02, 3.3707916736602783e-02, 4064255, -1,
    1.9393003463745117e+01, 1.6287577819824219e+02,
    3.0159447193145752e+00, 6.1204895019531250e+01,
    3.3707916736602783e-02, 4064255, -1, 8.8944496154785156e+01,
    1.0217144012451172e+01, 3.7724232673645020e+00,
    1.0335473632812500e+02, 2.1513344720005989e-02, 3539200, -1,
    9.2246536254882812e+01, 6.0293025970458984e+01,
    4.2797384262084961e+00, 1.8535211181640625e+02,
    1.7815766856074333e-02, 12648704, -1, 8.6316192626953125e+01,
    7.7631240844726562e+01, 4.4264497756958008e+00,
    3.2516864013671875e+02, 2.5972638279199600e-02, 15139072, -1,
    8.6316192626953125e+01, 7.7631240844726562e+01,
    4.4264497756958008e+00, 2.0224621582031250e+02,
    2.5972638279199600e-02, 15139072, -1, 1.0611358642578125e+02,
    8.2875572204589844e+01, 4.2828402519226074e+00,
    1.4018243408203125e+02, 1.4084006659686565e-02, 12714240, -1,
    9.8915969848632812e+01, 9.5191024780273438e+01,
    4.4124689102172852e+00, 3.1966558837890625e+02,
    1.4574132859706879e-02, 14876928, -1, 1.0878306579589844e+02,
    1.0556007385253906e+02, 3.7917306423187256e+00,
    3.2365655517578125e+02, 2.8508774936199188e-02, 3932416, -1,
    1.0878306579589844e+02, 1.0556007385253906e+02,
    3.7917306423187256e+00, 7.1246093750000000e+01,
    2.8508774936199188e-02, 3932416, -1, 1.1972727203369141e+02,
    1.1395949554443359e+02, 3.7468833923339844e+00,
    2.8866604614257812e+02, 1.9445829093456268e-02, 3080448, -1,
    1.1972727203369141e+02, 1.1395949554443359e+02,
    3.7468833923339844e+00, 2.7471490478515625e+02,
    1.9445829093456268e-02, 3080448, -1, 5.3559097290039062e+01,
    1.1897807312011719e+02, 4.6669497489929199e+00,
    2.9881591796875000e+01, 1.5351958572864532e-02, 2228736, -1,
    1.7422343444824219e+02, 1.2183070373535156e+02,
    3.7639789581298828e+00, 2.3765771484375000e+02,
    3.1647838652133942e-02, 3408128, -1, 1.7422343444824219e+02,
    1.2183070373535156e+02, 3.7639789581298828e+00,
    8.1735504150390625e+01, 3.1647838652133942e-02, 3408128, -1,
    6.6586265563964844e+01, 1.2874954223632812e+02,
    4.1822829246520996e+00, 2.1653912353515625e+02,
    2.1689211949706078e-02, 11010304, -1, 7.9153755187988281e+01,
    6.5338584899902344e+01, 4.6848096847534180e+00,
    3.5650863647460938e+02, 1.7399370670318604e-02, 2490880, -1,
    1.7764299011230469e+02, 1.0621720886230469e+02,
    5.3646593093872070e+00, 2.8518862915039062e+02,
    3.1965877860784531e-02, 12321280, -1, 1.7764299011230469e+02,
    1.0621720886230469e+02, 5.3646593093872070e+00,
    1.2211471557617188e+02, 3.1965877860784531e-02, 12321280, -1,
    2.4360998153686523e+01, 1.6683200073242188e+02,
    5.6312966346740723e+00, 2.6437326049804688e+02,
    2.9566621407866478e-02, 15794688, -1, 2.4360998153686523e+01,
    1.6683200073242188e+02, 5.6312966346740723e+00,
    5.1922546386718750e+01, 2.9566621407866478e-02, 15794688, -1,
    8.7887619018554688e+01, 1.8978904724121094e+01,
    5.9225873947143555e+00, 1.9168972778320312e+02,
    2.0176203921437263e-02, 2753280, -1, 8.6374061584472656e+01,
    7.8033988952636719e+01, 4.5763659477233887e+00,
    3.2194131469726562e+02, 2.6139304041862488e-02, 786944, -1,
    8.6374061584472656e+01, 7.8033988952636719e+01,
    4.5763659477233887e+00, 2.0461215209960938e+02,
    2.6139304041862488e-02, 786944, -1, 4.7926471710205078e+01,
    1.2699276733398438e+02, 6.0154089927673340e+00,
    3.3372131347656250e+01, 1.6783123835921288e-02, 3867392, -1,
    2.2735591888427734e+01, 1.5873156738281250e+02,
    5.7459516525268555e+00, 4.9826049804687500e+01,
    3.2519973814487457e-02, 590592, -1, 1.2707659149169922e+02,
    9.7957015991210938e+01, 8.2567358016967773e+00,
    9.5979583740234375e+01, 1.8344732001423836e-02, 10092801, -1,
    8.4862991333007812e+01, 5.5809909820556641e+01,
    8.9233036041259766e+00, 3.4351428222656250e+02,
    2.4255920201539993e-02, 15663361, -1, 1.1793881225585938e+02,
    1.0571528625488281e+02, 1.0600175857543945e+01,
    2.8342620849609375e+02, 2.6780964806675911e-02, 11403777, -1,
    1.1793881225585938e+02, 1.0571528625488281e+02,
    1.0600175857543945e+01, 1.1733364868164062e+02,
    2.6780964806675911e-02, 11403777, -1, 1.3139923095703125e+02,
    1.1037113189697266e+02, 1.1108515739440918e+01,
    2.9220901489257812e+02, 2.8152598068118095e-02, 14811649, -1,
    6.1581230163574219e+01, 1.2206607818603516e+02,
    1.0489800453186035e+01, 3.1088500976562500e+01,
    2.8886171057820320e-02, 10682881, -1, 8.9575340270996094e+01,
    9.9003036499023438e+01, 1.4725054740905762e+01,
    3.4100335693359375e+02, 2.0251844078302383e-02, 1769730, -1,
    8.9575340270996094e+01, 9.9003036499023438e+01,
    1.4725054740905762e+01, 1.8058287048339844e+02,
    2.0251844078302383e-02, 1769730, -1 ]
