%YAML:1.0
tag: [ 2.6210217285156250e+02, 5.8610233306884766e+01,
    1.8681720495223999e+00, 1.7465335083007812e+02,
    1.7054079100489616e-02, 2884095, -1, 2.5815151977539062e+02,
    9.9209991455078125e+01, 1.9822483062744141e+00,
    1.9318267822265625e+02, 1.6685148701071739e-02, 7143935, -1,
    2.4684039306640625e+02, 1.4152226257324219e+02,
    1.7984020709991455e+00, 1.9885195922851562e+02,
    1.5421099960803986e-02, 131583, -1, 2.1691098022460938e+02,
    1.7343478393554688e+02, 2.2021329402923584e+00,
    3.4641744995117188e+02, 1.6086539253592491e-02, 14746111, -1,
    2.4501234436035156e+02, 1.8011174011230469e+02,
    1.8713406324386597e+00, 1.5501066589355469e+02,
    1.7248636111617088e-02, 2949631, -1, 2.2645716857910156e+02,
    2.0064700317382812e+02, 1.9800977706909180e+00,
    1.9707022094726562e+02, 1.8746737390756607e-02, 7078399, -1,
    2.4078903198242188e+02, 2.1794494628906250e+02,
    2.3549110889434814e+00, 3.2970373535156250e+02,
    1.5990491956472397e-02, 2884351, -1, 2.0101660156250000e+02,
    2.1861808776855469e+02, 2.1624355316162109e+00,
    2.3894897460937500e+01, 1.5246887691318989e-02, 13435391, -1,
    1.8480552673339844e+02, 2.5252932739257812e+02,
    2.4897727966308594e+00, 2.5718750000000000e+01,
    1.6738284379243851e-02, 6947583, -1, 3.0751809692382812e+02,
    2.6240289306640625e+02, 2.2497508525848389e+00,
    1.3180566406250000e+02, 1.5016862191259861e-02, 16318975, -1,
    3.1244949340820312e+02, 2.6692745971679688e+02,
    2.0649716854095459e+00, 1.3210700988769531e+02,
    1.5403369441628456e-02, 10093055, -1, 4.8744134521484375e+02,
    2.9783789062500000e+02, 2.2067372798919678e+00,
    1.3791915893554688e+02, 1.6903918236494064e-02, 14877183, -1,
    3.6762802124023438e+02, 3.0378530883789062e+02,
    2.3767745494842529e+00, 2.6876791381835938e+02,
    1.6572572290897369e-02, 3539711, -1, 4.0058401489257812e+02,
    3.0497335815429688e+02, 2.1141014099121094e+00,
    2.6872985839843750e+02, 1.6427136957645416e-02, 11796991, -1,
    2.3129585266113281e+02, 3.0980905151367188e+02,
    2.2925651073455811e+00, 7.3406219482421875e+01,
    2.0444033667445183e-02, 918271, -1, 2.7429632568359375e+02,
    3.1752722167968750e+02, 2.1092300415039062e+00,
    2.5986465454101562e+02, 1.4887637458741665e-02, 11600383, -1,
    1.8008351135253906e+02, 3.2164266967773438e+02,
    2.2053480148315430e+00, 2.0590985107421875e+02,
    1.8052786588668823e-02, 14877183, -1, 1.9785275268554688e+02,
    3.2364547729492188e+02, 2.1584253311157227e+00,
    7.0495056152343750e+01, 1.6548328101634979e-02, 13304319, -1,
    1.9814973449707031e+02, 3.3279977416992188e+02,
    2.1758120059967041e+00, 2.5494552612304688e+02,
    1.9338456913828850e-02, 13894143, -1, 4.2161407470703125e+02,
    3.3737927246093750e+02, 1.8027076721191406e+00,
    1.0950369262695312e+02, 2.2588647902011871e-02, 262655, -1,
    3.6412307739257812e+02, 3.3811624145507812e+02,
    2.0491902828216553e+00, 2.9884609985351562e+02,
    1.7768191173672676e-02, 9568767, -1, 3.7663305664062500e+02,
    3.4464828491210938e+02, 2.2935090065002441e+00,
    2.9386059570312500e+02, 1.8525118008255959e-02, 983807, -1,
    3.9633609008789062e+02, 3.4980508422851562e+02,
    1.9798771142959595e+00, 2.9008306884765625e+02,
    1.7510576173663139e-02, 7078399, -1, 4.0410183715820312e+02,
    3.5237985229492188e+02, 2.1794240474700928e+00,
    2.8930035400390625e+02, 1.7634427174925804e-02, 14025215, -1,
    4.1202697753906250e+02, 3.5758349609375000e+02,
    2.0593273639678955e+00, 2.8419854736328125e+02,
    1.9608272239565849e-02, 9896447, -1, 1.2095431518554688e+02,
    3.6160549926757812e+02, 2.0129241943359375e+00,
    3.2723999023437500e+01, 2.0120153203606606e-02, 8258047, -1,
    3.4421581268310547e+01, 4.0213540649414062e+02,
    1.9888027906417847e+00, 4.1444061279296875e+01,
    1.6522273421287537e-02, 7406079, -1, 2.8849910736083984e+01,
    4.0957022094726562e+02, 2.0547337532043457e+00,
    3.3144226074218750e+01, 1.9133968278765678e-02, 9765375, -1,
    4.7348453521728516e+01, 4.2383880615234375e+02,
    1.9063256978988647e+00, 2.0546755981445312e+02,
    1.8558185547590256e-02, 4325887, -1, 4.4182144165039062e+01,
    4.3087414550781250e+02, 2.1905963420867920e+00,
    1.9945755004882812e+02, 1.9245987758040428e-02, 14352895, -1,
    2.5203219604492188e+02, 7.5534988403320312e+01,
    2.4627709388732910e+00, 3.3895568847656250e+00,
    1.8480762839317322e-02, 6095615, -1, 2.4310765075683594e+02,
    1.1219940948486328e+02, 2.1293475627899170e+00,
    1.7177062988281250e+01, 1.8265778198838234e-02, 12321279, -1,
    2.3880944824218750e+02, 1.3665113830566406e+02,
    2.6249644756317139e+00, 1.9223022460937500e+01,
    1.4719336293637753e-02, 10748671, -1, 2.4568673706054688e+02,
    1.4719633483886719e+02, 3.0309607982635498e+00,
    1.9660253906250000e+02, 1.8399383872747421e-02, 4457471, -1,
    2.4507197570800781e+02, 1.7308407592773438e+02,
    2.6033949851989746e+00, 1.5636268615722656e+02,
    1.8014678731560707e-02, 10158847, -1, 2.3713897705078125e+02,
    2.0514794921875000e+02, 2.5345971584320068e+00,
    3.3217166137695312e+02, 1.6694124788045883e-02, 8192767, -1,
    2.2146063232421875e+02, 2.1710098266601562e+02,
    2.8134331703186035e+00, 1.9970689392089844e+02,
    1.7675828188657761e-02, 15729407, -1, 1.8851144409179688e+02,
    2.4498745727539062e+02, 2.6307017803192139e+00,
    2.6158905029296875e+01, 1.9653305411338806e-02, 10879743, -1,
    2.0784884643554688e+02, 2.4596867370605469e+02,
    2.5567543506622314e+00, 2.0002529907226562e+02,
    1.6460260376334190e-02, 8848127, -1, 2.1088816833496094e+02,
    2.4640391540527344e+02, 2.4419629573822021e+00,
    2.0054228210449219e+02, 1.9320728257298470e-02, 5505791, -1,
    2.6452474975585938e+02, 2.4888070678710938e+02,
    2.9060764312744141e+00, 3.2158496093750000e+02,
    1.6493974253535271e-02, 1377279, -1, 1.9805610656738281e+02,
    2.7999716186523438e+02, 2.6020071506500244e+00,
    2.0162149047851562e+02, 2.0399469882249832e-02, 10093311, -1,
    4.1787377929687500e+02, 2.8052249145507812e+02,
    2.7464072704315186e+00, 9.0216186523437500e+01,
    1.8357010558247566e-02, 14025471, -1, 4.0031124877929688e+02,
    2.8140710449218750e+02, 2.6186003684997559e+00,
    8.8949981689453125e+01, 1.7461568117141724e-02, 10552063, -1,
    1.6731030273437500e+02, 2.8517556762695312e+02,
    2.5575797557830811e+00, 2.8916992187500000e+01,
    2.0570518448948860e-02, 8848127, -1, 3.5797766113281250e+02,
    2.8558831787109375e+02, 2.3869042396545410e+00,
    8.4343444824218750e+01, 1.9646426662802696e-02, 3867391, -1,
    3.7937103271484375e+02, 2.8653497314453125e+02,
    2.4875273704528809e+00, 8.7580200195312500e+01,
    1.6148295253515244e-02, 6882047, -1, 4.6788659667968750e+02,
    2.8660025024414062e+02, 2.3783099651336670e+00,
    1.0775949096679688e+02, 1.9403245300054550e-02, 3605247, -1,
    3.0088461303710938e+02, 2.9090896606445312e+02,
    2.3720054626464844e+00, 3.1816241455078125e+02,
    1.4088530093431473e-02, 3408639, -1, 2.8199703979492188e+02,
    2.9692514038085938e+02, 2.7798159122467041e+00,
    7.9900054931640625e+01, 1.7462437972426414e-02, 14877439, -1,
    1.5701116943359375e+02, 3.0295849609375000e+02,
    2.6439595222473145e+00, 2.9040649414062500e+01,
    1.8469417467713356e-02, 11272959, -1, 3.7399844360351562e+02,
    3.1247186279296875e+02, 2.8211855888366699e+00,
    1.1999571228027344e+02, 1.8074216321110725e-02, 15926015, -1,
    1.8203173828125000e+02, 3.1748669433593750e+02,
    2.6434545516967773e+00, 2.0362327575683594e+02,
    2.0557612180709839e-02, 11272959, -1, 1.9457200622558594e+02,
    3.2184399414062500e+02, 2.5699186325073242e+00,
    7.0409667968750000e+01, 2.0764769986271858e-02, 9175807, -1,
    4.8730859375000000e+02, 3.2297576904296875e+02,
    2.4922332763671875e+00, 3.2659646606445312e+02,
    1.5068355947732925e-02, 7013119, -1, 2.4503448486328125e+02,
    3.2357144165039062e+02, 2.4556915760040283e+00,
