%YAML:1.0
tag: [ 2.8647478103637695e+01, 1.7286062240600586e+01,
    2.5729107856750488e+00, 8.9419219970703125e+01,
    1.5233841724693775e-02, 9306879, -1, 3.5091724395751953e+01,
    2.0382833480834961e+01, 1.9992350339889526e+00,
    1.3270986938476562e+02, 1.6311477869749069e-02, 7733759, -1,
    2.7477188110351562e+02, 2.0456434249877930e+01,
    1.8841896057128906e+00, 1.4630165100097656e+02,
    1.7174119129776955e-02, 3473919, -1, 2.5979605102539062e+02,
    2.2881505966186523e+01, 2.3417651653289795e+00,
    1.9472412109375000e+01, 1.6037611290812492e-02, 2491135, -1,
    1.4809150695800781e+02, 5.4671154022216797e+01,
    1.9507656097412109e+00, 1.7001675415039062e+02,
    1.9191002473235130e-02, 5964287, -1, 2.6538513183593750e+02,
    5.5499561309814453e+01, 2.2053637504577637e+00,
    3.0806289672851562e+02, 1.3370286673307419e-02, 14877183, -1,
    1.3490312194824219e+02, 5.6391342163085938e+01,
    2.0323569774627686e+00, 3.5850192260742188e+02,
    1.9332651048898697e-02, 8913407, -1, 1.0956183624267578e+02,
    5.7161712646484375e+01, 2.1485340595245361e+00,
    3.5895355224609375e+02, 1.5453610569238663e-02, 12976639, -1,
    2.3847383499145508e+01, 5.7418827056884766e+01,
    1.9485292434692383e+00, 3.1077139282226562e+02,
    1.5031749382615089e-02, 5898751, -1, 3.7871696472167969e+01,
    6.1011936187744141e+01, 2.1061189174652100e+00,
    6.1161376953125000e+01, 1.6451092436909676e-02, 11534847, -1,
    8.9411796569824219e+01, 2.1600067138671875e+01,
    2.1247913837432861e+00, 1.2132846069335938e+02,
    1.7099868506193161e-02, 12190207, -1, 1.2011602783203125e+02,
    2.2551666259765625e+01, 2.8043770790100098e+00,
    1.3693266296386719e+02, 1.5120699070394039e-02, 15532799, -1,
    2.7749136352539062e+02, 2.8042823791503906e+01,
    2.5556633472442627e+00, 1.7004019165039062e+02,
    2.2409889847040176e-02, 8782591, -1, 3.2805279541015625e+02,
    2.9445379257202148e+01, 2.4502551555633545e+00,
    1.7321043395996094e+02, 1.9288089126348495e-02, 5767935, -1,
    1.0555497741699219e+02, 3.0608697891235352e+01,
    2.2659690380096436e+00, 7.4713134765625000e-01,
    2.1482441574335098e-02, 131839, -1, 5.3418903350830078e+00,
    5.6157341003417969e+01, 2.6797692775726318e+00,
    1.6848690795898438e+02, 1.8698373809456825e-02, 12255999, -1,
    3.2460321044921875e+02, 1.8998836517333984e+01,
    3.2676017284393311e+00, 1.2874458312988281e+02,
    1.4563599601387978e-02, 9896959, -1, 3.1107229614257812e+02,
    2.8249473571777344e+01, 3.4723865985870361e+00,
    7.7953491210937500e+00, 1.9716067239642143e-02, 14287871, -1,
    1.9935333251953125e+01, 5.2412601470947266e+01,
    3.5170466899871826e+00, 3.4428805541992188e+02,
    1.7293160781264305e-02, 15205375, -1, 3.3593051147460938e+02,
    8.0206632614135742e+00, 4.2845778465270996e+00,
    3.1007699584960938e+02, 1.6340589150786400e-02, 12779776, -1,
    6.9645027160644531e+01, 6.8734211921691895e+00,
    4.7192764282226562e+00, 2.7153845214843750e+02,
    1.6534024849534035e-02, 3015168, -1, 3.1329119873046875e+02,
    9.2691974639892578e+00, 4.5388388633728027e+00,
    2.9355895996093750e+02, 2.4488458409905434e-02, 197120, -1,
    3.1329119873046875e+02, 9.2691974639892578e+00,
    4.5388388633728027e+00, 2.4318218994140625e+02,
    2.4488458409905434e-02, 197120, -1, 1.7861746215820312e+02,
    6.4404342651367188e+01, 5.2420668601989746e+00,
    1.1584565734863281e+02, 2.9384532943367958e-02, 10617344, -1,
    4.0508453369140625e+01, 6.5644226074218750e+01,
    5.1190843582153320e+00, 1.1804104614257812e+02,
    3.2233960926532745e-02, 8913408, -1, 3.0755563354492188e+02,
    6.7014831542968750e+01, 4.9866290092468262e+00,
    9.0153656005859375e+01, 1.4282632619142532e-02, 7012864, -1,
    7.9242263793945312e+01, 1.0056512832641602e+01,
    5.5575442314147949e+00, 2.9333776855468750e+02,
    2.6350619271397591e-02, 14877184, -1, 7.9242263793945312e+01,
    1.0056512832641602e+01, 5.5575442314147949e+00,
    2.4673751831054688e+02, 2.6350619271397591e-02, 14877184, -1,
    1.0489112854003906e+02, 1.1140664100646973e+01,
    6.4544939994812012e+00, 2.9565664672851562e+02,
    3.0256288126111031e-02, 8979200, -1, 1.0489112854003906e+02,
    1.1140664100646973e+01, 6.4544939994812012e+00,
    2.4532127380371094e+02, 3.0256288126111031e-02, 8979200, -1,
    1.5244375610351562e+02, 3.1420450210571289e+01,
    6.5963640213012695e+00, 2.3199603271484375e+02,
    3.0113577842712402e-02, 10552064, -1, 1.4460721015930176e+01,
    3.1612924575805664e+01, 6.5143122673034668e+00,
    2.3614263916015625e+02, 3.2608788460493088e-02, 9634560, -1,
    2.0736264038085938e+02, 1.5061121940612793e+01,
    8.2502279281616211e+00, 2.6419503784179688e+02,
    4.9616925418376923e-02, 10027265, -1, 2.0736264038085938e+02,
    1.5061121940612793e+01, 8.2502279281616211e+00,
    1.0834753417968750e+02, 4.9616925418376923e-02, 10027265, -1,
    2.9189554214477539e+01, 2.5910001754760742e+01,
    8.7514753341674805e+00, 2.5811654663085938e+02,
    5.6234229356050491e-02, 14287105, -1, 2.9189554214477539e+01,
    2.5910001754760742e+01, 8.7514753341674805e+00,
    5.7306427001953125e+01, 5.6234229356050491e-02, 14287105, -1,
    1.6793705749511719e+02, 2.5369663238525391e+01,
    8.5024223327636719e+00, 2.5738143920898438e+02,
    5.3541749715805054e-02, 12189953, -1, 1.6793705749511719e+02,
    2.5369663238525391e+01, 8.5024223327636719e+00,
    5.9590881347656250e+01, 5.3541749715805054e-02, 12189953, -1,
    2.1232315063476562e+02, 2.5904993057250977e+01,
    7.8812570571899414e+00, 2.0673750305175781e+02,
    3.7706077098846436e-02, 6684929, -1, 2.3546504211425781e+02,
    5.5820178985595703e+01, 8.5542325973510742e+00,
    9.5963256835937500e+01, 5.0307281315326691e-02, 12648705, -1,
    9.2247703552246094e+01, 1.6366155624389648e+01,
    1.0689093589782715e+01, 2.7742590332031250e+02,
    4.0072556585073471e-02, 12059137, -1, 1.7992359924316406e+02,
    1.8730419158935547e+01, 1.0820766448974609e+01,
    3.0979464721679688e+02, 4.1558869183063507e-02, 12911105, -1,
    1.4921461105346680e+01, 2.0003335952758789e+01,
    9.5415325164794922e+00, 2.2743136596679688e+02,
    5.1384072750806808e-02, 3801601, -1, 1.5419035339355469e+02,
    1.9697713851928711e+01, 9.2428836822509766e+00,
    2.3028585815429688e+02, 4.9873299896717072e-02, 1507841, -1,
    2.6857531738281250e+02, 3.2815120697021484e+01,
    1.2268252372741699e+01, 3.5835211181640625e+02,
    5.1226519048213959e-02, 5309185, -1, 2.6857531738281250e+02,
    3.2815120697021484e+01, 1.2268252372741699e+01,
    1.7402909851074219e+02, 5.1226519048213959e-02, 5309185, -1,
    3.1979452514648438e+02, 2.9342632293701172e+01,
    1.0066256523132324e+01, 4.1042480468750000e+00,
    5.0678908824920654e-02, 7668225, -1, 3.1979452514648438e+02,
    2.9342632293701172e+01, 1.0066256523132324e+01,
    1.7159262084960938e+02, 5.0678908824920654e-02, 7668225, -1,
    8.5894134521484375e+01, 3.1356279373168945e+01,
    1.0260718345642090e+01, 4.8405456542968750e+00,
    5.3037077188491821e-02, 9044481, -1, 8.5894134521484375e+01,
    3.1356279373168945e+01, 1.0260718345642090e+01,
    1.6918981933593750e+02, 5.3037077188491821e-02, 9044481, -1,
    1.1430935668945312e+02, 3.1556070327758789e+01,
    1.0343703269958496e+01, 3.9053344726562500e+00,
    5.2110563963651657e-02, 9634305, -1, 1.1430935668945312e+02,
    3.1556070327758789e+01, 1.0343703269958496e+01,
    1.7076216125488281e+02, 5.2110563963651657e-02, 9634305, -1,
    2.6930917358398438e+02, 4.1642238616943359e+01,
    1.1923010826110840e+01, 3.4912084960937500e+02,
    5.1899239420890808e-02, 3212033, -1, 2.6930917358398438e+02,
    4.1642238616943359e+01, 1.1923010826110840e+01,
    1.7999224853515625e+02, 5.1899239420890808e-02, 3212033, -1,
    2.9965309143066406e+01, 4.8896694183349609e+01,
    9.9514970779418945e+00, 3.4797042846679688e+02,
    6.2092691659927368e-02, 6881793, -1, 2.9965309143066406e+01,
    4.8896694183349609e+01, 9.9514970779418945e+00,
