%YAML:1.0
tag: [ 1.9717677001953125e+03, 5.2225841522216797e+01,
    2.1071672439575195e+00, 5.7215301513671875e+01,
    1.4192649163305759e-02, 11534847, -1, 1.9018125915527344e+02,
    2.5448519897460938e+02, 2.0522370338439941e+00,
    2.2856262207031250e+01, 5.4451290518045425e-02, 9634303, -1,
    1.9641573486328125e+03, 4.4230007171630859e+01,
    3.5250556468963623e+00, 3.3749041748046875e+02,
    1.5948632732033730e-02, 15336447, -1, 1.9641573486328125e+03,
    4.4230007171630859e+01, 3.5250556468963623e+00,
    1.8670152282714844e+02, 1.5948632732033730e-02, 15336447, -1,
    1.9717153320312500e+03, 2.2086399078369141e+01,
    3.6809883117675781e+00, 1.1268814086914062e+02,
    1.3955839909613132e-02, 1769728, -1, 1.9639835205078125e+03,
    2.5269180297851562e+01, 3.7608127593994141e+00,
    9.0252868652343750e+01, 1.4549834653735161e-02, 3342592, -1,
    1.9594908447265625e+03, 3.0942974090576172e+01,
    4.0094246864318848e+00, 1.4522705078125000e+00,
    1.3499599881470203e-02, 7930112, -1, 1.9643625488281250e+03,
    3.4773868560791016e+01, 3.7326436042785645e+00,
    1.6881311035156250e+02, 2.0198425278067589e-02, 2752768, -1,
    1.9643625488281250e+03, 3.4773868560791016e+01,
    3.7326436042785645e+00, 9.7973754882812500e+01,
    2.0198425278067589e-02, 2752768, -1, 1.9643625488281250e+03,
    3.4773868560791016e+01, 3.7326436042785645e+00,
    5.3852661132812500e+01, 2.0198425278067589e-02, 2752768, -1,
    1.9643625488281250e+03, 3.4773868560791016e+01,
    3.7326436042785645e+00, 6.1643676757812500e+00,
    2.0198425278067589e-02, 2752768, -1, 1.9460687255859375e+03,
    3.5797908782958984e+01, 3.8491005897521973e+00,
    1.9746499633789062e+02, 1.4417881146073341e-02, 4980992, -1,
    1.9460687255859375e+03, 3.5797908782958984e+01,
    3.8491005897521973e+00, 1.1626556396484375e+01,
    1.4417881146073341e-02, 4980992, -1, 1.7083255615234375e+03,
    4.2684795379638672e+01, 4.5238966941833496e+00,
    1.7766094970703125e+02, 1.3764755800366402e-02, 16711936, -1,
    1.7083255615234375e+03, 4.2684795379638672e+01,
    4.5238966941833496e+00, 3.6531372070312500e+01,
    1.3764755800366402e-02, 16711936, -1, 1.9701937255859375e+03,
    4.7626647949218750e+01, 3.7874093055725098e+00,
    3.3479684448242188e+02, 1.5131901018321514e-02, 3866880, -1,
    1.9593289794921875e+03, 4.7812023162841797e+01,
    3.6861042976379395e+00, 3.5661779785156250e+02,
    1.6440585255622864e-02, 1900800, -1, 1.9593289794921875e+03,
    4.7812023162841797e+01, 3.6861042976379395e+00,
    1.9640734863281250e+02, 1.6440585255622864e-02, 1900800, -1,
    1.9799029541015625e+03, 4.9594753265380859e+01,
    3.8459248542785645e+00, 2.1424223327636719e+02,
    1.3995928689837456e-02, 4915456, -1, 1.8108923339843750e+03,
    5.2204010009765625e+01, 4.1112742424011230e+00,
    1.5617240905761719e+02, 1.3656443916261196e-02, 9765120, -1,
    1.8108923339843750e+03, 5.2204010009765625e+01,
    4.1112742424011230e+00, 3.2646026611328125e+01,
    1.3656443916261196e-02, 9765120, -1, 1.9508233642578125e+03,
    5.1714229583740234e+01, 3.8577039241790771e+00,
    3.1700051879882812e+02, 1.4252929948270321e-02, 5177600, -1,
    7.9428082275390625e+02, 2.4088191223144531e+02,
    3.6868762969970703e+00, 8.4461029052734375e+01,
    4.1106101125478745e-02, 1900800, -1, 8.0618414306640625e+02,
    2.4094706726074219e+02, 3.8263421058654785e+00,
    9.4720825195312500e+01, 4.1178759187459946e-02, 4587776, -1,
    7.8223254394531250e+02, 2.4183842468261719e+02,
    3.6167943477630615e+00, 8.3754669189453125e+01,
    4.1258674114942551e-02, 524544, -1, 8.1827514648437500e+02,
    2.4197261047363281e+02, 3.8611209392547607e+00,
    9.4950714111328125e+01, 4.1136190295219421e-02, 5243136, -1,
    7.6525854492187500e+02, 2.6784378051757812e+02,
    3.6310584545135498e+00, 2.6440515136718750e+02,
    4.1252631694078445e-02, 786688, -1, 7.9316198730468750e+02,
    2.6798114013671875e+02, 3.8829288482666016e+00,
    2.7529058837890625e+02, 4.1115060448646545e-02, 5636352, -1,
    7.5325128173828125e+02, 2.6884564208984375e+02,
    3.6331539154052734e+00, 2.6429193115234375e+02,
    4.1215777397155762e-02, 852224, -1, 2.5585420227050781e+02,
    2.7995312500000000e+02, 3.6577167510986328e+00,
    1.1274166870117188e+02, 3.9165340363979340e-02, 1310976, -1,
    4.5643807983398438e+02, 3.3786477661132812e+02,
    3.6412518024444580e+00, 9.6058410644531250e+01,
    4.1010718792676926e-02, 983296, -1, 4.6717089843750000e+02,
    3.3894274902343750e+02, 3.7936649322509766e+00,
    9.5076599121093750e+01, 4.1014663875102997e-02, 3932416, -1,
    4.8019720458984375e+02, 3.3996044921875000e+02,
    3.8290569782257080e+00, 9.4767395019531250e+01,
    4.1035026311874390e-02, 4653312, -1, 5.6525482177734375e+02,
    3.3983306884765625e+02, 3.6189033985137939e+00,
    8.4381072998046875e+01, 4.1335079818964005e-02, 524544, -1,
    5.0219793701171875e+02, 3.4095248413085938e+02,
    3.8209598064422607e+00, 9.4726135253906250e+01,
    4.1090033948421478e-02, 4456704, -1, 5.4524902343750000e+02,
    3.4085501098632812e+02, 3.6498115062713623e+00,
    8.4425170898437500e+01, 4.1236381977796555e-02, 1179904, -1,
    4.6236215209960938e+02, 3.8686303710937500e+02,
    3.6368896961212158e+00, 2.7607009887695312e+02,
    4.0993079543113708e-02, 917760, -1, 4.7320214843750000e+02,
    3.8793313598632812e+02, 3.7860951423645020e+00,
    2.7507714843750000e+02, 4.1102711111307144e-02, 3801344, -1,
    4.8818267822265625e+02, 3.8895758056640625e+02,
    3.8353602886199951e+00, 2.7471722412109375e+02,
    4.1082121431827545e-02, 4718848, -1, 5.4425744628906250e+02,
    3.8884243774414062e+02, 3.6278336048126221e+00,
    2.6440234375000000e+02, 4.1251532733440399e-02, 721152, -1,
    1.7089265136718750e+03, 4.0802898406982422e+01,
    5.5481057167053223e+00, 1.7729597473144531e+02,
    1.3707012869417667e-02, 14746112, -1, 1.7089265136718750e+03,
    4.0802898406982422e+01, 5.5481057167053223e+00,
    3.8587890625000000e+01, 1.3707012869417667e-02, 14746112, -1,
    8.1170904541015625e+02, 2.3713955688476562e+02,
    4.5332827568054199e+00, 9.4242797851562500e+01,
    3.9976891130208969e-02, 131584, -1, 1.9759749755859375e+03,
    4.0080776214599609e+01, 5.9947013854980469e+00,
    1.8054302978515625e+02, 1.3359257020056248e-02, 3605248, -1,
    1.9692115783691406e+02, 2.5978021240234375e+02,
    1.1143509864807129e+01, 3.1770620727539062e+02,
    8.6015373468399048e-02, 15073793, -1, 1.9692115783691406e+02,
    2.5978021240234375e+02, 1.1143509864807129e+01,
    1.1333320617675781e+02, 8.6015373468399048e-02, 15073793, -1,
    7.3096795654296875e+02, 2.6349295043945312e+02,
    9.8986511230468750e+00, 2.7046719360351562e+02,
    8.1639744341373444e-02, 6488577, -1, 7.3096795654296875e+02,
    2.6349295043945312e+02, 9.8986511230468750e+00,
    4.9889678955078125e+01, 8.1639744341373444e-02, 6488577, -1,
    8.0134582519531250e+02, 3.5185861206054688e+02,
    1.1343187332153320e+01, 2.2862873840332031e+02,
    8.1362918019294739e-02, 16318977, -1, 8.0134582519531250e+02,
    3.5185861206054688e+02, 1.1343187332153320e+01,
    1.6422729492187500e+01, 8.1362918019294739e-02, 16318977, -1,
    7.3407165527343750e+02, 2.6227157592773438e+02,
    1.2055469512939453e+01, 2.7069201660156250e+02,
    8.0564446747303009e-02, 3998465, -1, 7.3407165527343750e+02,
    2.6227157592773438e+02, 1.2055469512939453e+01,
    5.6299072265625000e+01, 8.0564446747303009e-02, 3998465, -1,
    8.0243109130859375e+02, 3.5040838623046875e+02,
    1.2424624443054199e+01, 2.2859010314941406e+02,
    8.0744571983814240e-02, 6226689, -1, 8.0243109130859375e+02,
    3.5040838623046875e+02, 1.2424624443054199e+01,
    1.5959197998046875e+01, 8.0744571983814240e-02, 6226689, -1,
    7.3885034179687500e+02, 2.6062222290039062e+02,
    1.4527215957641602e+01, 2.7217889404296875e+02,
    7.8569769859313965e-02, 786690, -1, 7.3885034179687500e+02,
    2.6062222290039062e+02, 1.4527215957641602e+01,
