%YAML:1.0
tag: [ 3.1126538085937500e+02, 3.8691879272460938e+01,
    2.2812986373901367e+00, 3.3126257324218750e+02,
    9.1373905539512634e-02, 590591, -1, 3.1126538085937500e+02,
    3.8691879272460938e+01, 2.2812986373901367e+00,
    2.8187207031250000e+02, 9.1373905539512634e-02, 590591, -1,
    3.1405496215820312e+02, 4.0547405242919922e+01,
    1.9283926486968994e+00, 3.4823937988281250e+02,
    9.9469140172004700e-02, 5177855, -1, 3.1405496215820312e+02,
    4.0547405242919922e+01, 1.9283926486968994e+00,
    2.2351930236816406e+02, 9.9469140172004700e-02, 5177855, -1,
    4.4203579711914062e+02, 4.0944458007812500e+01,
    1.9258812665939331e+00, 3.5013049316406250e+02,
    1.0277353972196579e-01, 5046783, -1, 4.4203579711914062e+02,
    4.0944458007812500e+01, 1.9258812665939331e+00,
    2.2379064941406250e+02, 1.0277353972196579e-01, 5046783, -1,
    8.0513320922851562e+01, 5.1914474487304688e+01,
    1.9651482105255127e+00, 1.7969451904296875e+02,
    4.7677502036094666e-02, 6488575, -1, 3.8362570190429688e+02,
    5.5110733032226562e+01, 1.8900073766708374e+00,
    9.1557250976562500e+01, 5.1025159657001495e-02, 3670527, -1,
    3.8388336181640625e+02, 6.6989517211914062e+01,
    1.9864729642868042e+00, 2.7015026855468750e+02,
    4.8608560115098953e-02, 7275007, -1, 1.1156057739257812e+02,
    3.8677860260009766e+01, 2.5500147342681885e+00,
    2.7773117065429688e+02, 8.6814559996128082e-02, 8651519, -1,
    6.4524230957031250e+01, 5.0314342498779297e+01,
    2.8232583999633789e+00, 8.9131408691406250e+01,
    8.5585318505764008e-02, 15991551, -1, 6.4524230957031250e+01,
    5.0314342498779297e+01, 2.8232583999633789e+00,
    3.3755157470703125e+01, 8.5585318505764008e-02, 15991551, -1,
    1.7987535095214844e+02, 5.0407180786132812e+01,
    2.6193416118621826e+00, 8.7159790039062500e+01,
    8.6330398917198181e-02, 10617599, -1, 1.7987535095214844e+02,
    5.0407180786132812e+01, 2.6193416118621826e+00,
    3.4673278808593750e+01, 8.6330398917198181e-02, 10617599, -1,
    1.9610324096679688e+02, 8.2573554992675781e+01,
    2.6992850303649902e+00, 1.3504010009765625e+02,
    9.4447359442710876e-02, 12780287, -1, 1.9610324096679688e+02,
    8.2573554992675781e+01, 2.6992850303649902e+00,
    5.6654602050781250e+01, 9.4447359442710876e-02, 12780287, -1,
    9.5436141967773438e+01, 9.2230682373046875e+01,
    2.6331841945648193e+00, 2.9322180175781250e+02,
    4.5236591249704361e-02, 10945279, -1, 9.5436141967773438e+01,
    9.2230682373046875e+01, 2.6331841945648193e+00,
    1.3669157409667969e+02, 4.5236591249704361e-02, 10945279, -1,
    2.1802464294433594e+02, 9.2881538391113281e+01,
    2.5945196151733398e+00, 2.3513656616210938e+02,
    4.2399398982524872e-02, 9896703, -1, 2.1802464294433594e+02,
    9.2881538391113281e+01, 2.5945196151733398e+00,
    8.9972473144531250e+01, 4.2399398982524872e-02, 9896703, -1,
    2.3401071166992188e+02, 1.1310314941406250e+02,
    2.7517726421356201e+00, 1.9727159118652344e+02,
    4.2934384196996689e-02, 14156543, -1, 2.3401071166992188e+02,
    1.1310314941406250e+02, 2.7517726421356201e+00,
    4.7689453125000000e+01, 4.2934384196996689e-02, 14156543, -1,
    2.3701385498046875e+02, 6.7553390502929688e+01,
    3.5591728687286377e+00, 2.8220980834960938e+02,
    1.0664205998182297e-01, 16057343, -1, 2.3701385498046875e+02,
    6.7553390502929688e+01, 3.5591728687286377e+00,
    2.8690856933593750e+01, 1.0664205998182297e-01, 16057343, -1,
    9.3323951721191406e+01, 7.8351570129394531e+01,
    3.4272911548614502e+00, 3.3601409912109375e+02,
    9.1074213385581970e-02, 13304831, -1, 9.3323951721191406e+01,
    7.8351570129394531e+01, 3.4272911548614502e+00,
    4.3642486572265625e+01, 9.1074213385581970e-02, 13304831, -1,
    2.1822486877441406e+02, 8.1751945495605469e+01,
    3.5629425048828125e+00, 1.7439955139160156e+02,
    1.0436016321182251e-01, 16122879, -1, 2.1822486877441406e+02,
    8.1751945495605469e+01, 3.5629425048828125e+00,
    7.3205535888671875e+01, 1.0436016321182251e-01, 16122879, -1,
    4.3730993652343750e+02, 3.9869029998779297e+01,
    4.3276629447937012e+00, 1.8602651977539062e+02,
    1.1720342189073563e-01, 13500672, -1, 2.3802368164062500e+02,
    6.7030380249023438e+01, 4.4893527030944824e+00,
    2.8364630126953125e+02, 1.0531518608331680e-01, 16122112, -1,
    2.3802368164062500e+02, 6.7030380249023438e+01,
    4.4893527030944824e+00, 2.8638122558593750e+01,
    1.0531518608331680e-01, 16122112, -1, 9.2905075073242188e+01,
    7.8284721374511719e+01, 3.8686444759368896e+00,
    3.3980960083007812e+02, 9.0101495385169983e-02, 5374208, -1,
    2.0811837768554688e+02, 7.8332611083984375e+01,
    3.7879931926727295e+00, 3.3847619628906250e+02,
    9.0013533830642700e-02, 3866880, -1, 3.4019717407226562e+02,
    7.9679786682128906e+01, 4.2284202575683594e+00,
    1.1288146972656250e+00, 8.3068259060382843e-02, 11796736, -1,
    8.7211074829101562e+01, 8.2901908874511719e+01,
    4.2438144683837891e+00, 1.2202868652343750e+02,
    9.3344330787658691e-02, 12058880, -1, 8.7211074829101562e+01,
    8.2901908874511719e+01, 4.2438144683837891e+00,
    5.6658966064453125e+01, 9.3344330787658691e-02, 12058880, -1,
    2.0239846801757812e+02, 8.2934051513671875e+01,
    4.2243876457214355e+00, 1.2247366333007812e+02,
    9.3646742403507233e-02, 11731200, -1, 2.0239846801757812e+02,
    8.2934051513671875e+01, 4.2243876457214355e+00,
    5.8064086914062500e+01, 9.3646742403507233e-02, 11731200, -1,
    2.2784414672851562e+02, 1.0128469085693359e+02,
    3.8141942024230957e+00, 2.5453543090820312e+02,
    4.5292891561985016e-02, 4325632, -1, 2.2784414672851562e+02,
    1.0128469085693359e+02, 3.8141942024230957e+00,
    4.7594879150390625e+01, 4.5292891561985016e-02, 4325632, -1,
    3.9015777587890625e+02, 4.8555347442626953e+01,
    4.9492764472961426e+00, 2.0247613525390625e+02,
    8.9147463440895081e-02, 6488576, -1, 2.2795449829101562e+02,
    5.0225791931152344e+01, 5.3858623504638672e+00,
    2.0835925292968750e+02, 1.0772356390953064e-01, 12583424, -1,
    2.2795449829101562e+02, 5.0225791931152344e+01,
    5.3858623504638672e+00, 9.6373168945312500e+01,
    1.0772356390953064e-01, 12583424, -1, 3.8335067749023438e+02,
    4.9949466705322266e+01, 5.4077978134155273e+00,
    1.4571206665039062e+02, 1.3306069374084473e-01, 12911104, -1,
    6.1529006958007812e+01, 5.5104621887207031e+01,
    4.7988333702087402e+00, 2.4143609619140625e+02,
    9.2273287475109100e-02, 4260352, -1, 1.7674058532714844e+02,
    5.5104103088378906e+01, 4.8167214393615723e+00,
    2.4135586547851562e+02, 9.2271417379379272e-02, 4522496, -1,
    3.8323306274414062e+02, 7.2350875854492188e+01,
    5.4695053100585938e+00, 2.1435397338867188e+02,
    1.3308185338973999e-01, 13697536, -1, 3.9011965942382812e+02,
    7.3893287658691406e+01, 5.0249485969543457e+00,
    1.5707104492187500e+02, 8.9532352983951569e-02, 7602688, -1,
    2.1926104736328125e+02, 8.0190681457519531e+01,
    5.1261467933654785e+00, 7.9083862304687500e+01,
    1.0161813348531723e-01, 9044480, -1, 3.4735839843750000e+02,
    8.1909004211425781e+01, 5.3698611259460449e+00,
    2.1900939941406250e+00, 1.6532507538795471e-01, 12386816, -1,
    3.4735839843750000e+02, 8.1909004211425781e+01,
    5.3698611259460449e+00, 2.5972644042968750e+02,
    1.6532507538795471e-01, 12386816, -1, 3.4735839843750000e+02,
    8.1909004211425781e+01, 5.3698611259460449e+00,
    1.1985876464843750e+02, 1.6532507538795471e-01, 12386816, -1,
    3.4735839843750000e+02, 8.1909004211425781e+01,
    5.3698611259460449e+00, 5.4341583251953125e+01,
    1.6532507538795471e-01, 12386816, -1, 2.3347438049316406e+02,
    9.7400909423828125e+01, 4.9769735336303711e+00,
    1.0094891357421875e+02, 4.0204767137765884e-02, 6881792, -1,
    5.0044223022460938e+02, 4.1200374603271484e+01,
    6.1145987510681152e+00, 3.3513507080078125e+02,
    8.8870152831077576e-02, 5047040, -1, 5.0044223022460938e+02,
    4.1200374603271484e+01, 6.1145987510681152e+00,
