%YAML:1.0
tag: [ 1.0769195556640625e+03, 4.4766848754882812e+02,
    2.3721864223480225e+00, 2.9169073486328125e+02,
    1.7524272203445435e-02, 3408639, -1, 1.1967797088623047e+02,
    1.2248577880859375e+03, 1.9241930246353149e+00,
    3.2840576171875000e+01, 3.5676643252372742e-02, 4981247, -1,
    9.4280410766601562e+01, 1.1953359375000000e+03,
    2.4694566726684570e+00, 3.2902163696289062e+02,
    6.7645750939846039e-02, 6292223, -1, 1.1506806945800781e+02,
    1.2403558349609375e+03, 2.3548026084899902e+00,
    3.4077426147460938e+02, 5.3675662726163864e-02, 2884351, -1,
    1.0768572998046875e+03, 4.4814013671875000e+02,
    3.1690649986267090e+00, 2.9241354370117188e+02,
    1.7429873347282410e-02, 7668735, -1, 1.2215867919921875e+03,
    1.1441475830078125e+03, 3.1795501708984375e+00,
    1.2678277587890625e+02, 4.8187121748924255e-02, 7865343, -1,
    9.4307098388671875e+01, 1.1947072753906250e+03,
    2.8847384452819824e+00, 3.2887771606445312e+02,
    6.6928677260875702e-02, 852991, -1, 1.2209781494140625e+03,
    1.1446375732421875e+03, 3.9542641639709473e+00,
    1.8369998168945312e+02, 4.6699725091457367e-02, 6947072, -1,
    1.2209781494140625e+03, 1.1446375732421875e+03,
    3.9542641639709473e+00, 1.2801846313476562e+02,
    4.6699725091457367e-02, 6947072, -1, 1.0330252075195312e+02,
    1.1870198974609375e+03, 4.5017633438110352e+00,
    2.0305929565429688e+02, 3.1265322118997574e-02, 16318720, -1,
    1.2604866790771484e+02, 1.2360426025390625e+03,
    3.7965416908264160e+00, 1.5730842590332031e+02,
    1.8720729276537895e-02, 3997952, -1, 6.3770373535156250e+02,
    3.5984677124023438e+02, 6.1801242828369141e+00,
    9.5257293701171875e+01, 3.3509761095046997e-02, 5833472, -1,
    9.4861343383789062e+01, 1.1897504882812500e+03,
    6.1362547874450684e+00, 3.2956240844726562e+02,
    6.3586361706256866e-02, 5309184, -1, 6.3602832031250000e+02,
    3.1236444091796875e+02, 7.3185958862304688e+00,
    1.9052124023437500e+00, 3.4720998257398605e-02, 1376513, -1,
    1.1727260742187500e+03, 5.3976977539062500e+02,
    7.6439490318298340e+00, 3.7403289794921875e+01,
    1.7833599820733070e-02, 4522241, -1, 1.2015772705078125e+03,
    1.1506823730468750e+03, 8.1545906066894531e+00,
    3.4446267700195312e+02, 1.4964751899242401e-02, 9175297, -1,
    1.1943582916259766e+02, 1.2394782714843750e+03,
    7.6494288444519043e+00, 3.4373800659179688e+02,
    5.2285086363554001e-02, 4522241, -1, 1.0760842285156250e+03,
    4.5374780273437500e+02, 9.7248411178588867e+00,
    2.7007879638671875e+02, 1.8573949113488197e-02, 5177857, -1,
    1.2142454833984375e+03, 1.1483637695312500e+03,
    1.0371107101440430e+01, 1.9586660766601562e+02,
    3.8778804242610931e-02, 9830913, -1, 6.5469244384765625e+02,
    3.1044046020507812e+02, 2.4592643737792969e+01,
    2.5491607666015625e+02, 2.4464704096317291e-02, 5440258, -1,
    6.2934783935546875e+02, 3.4162115478515625e+02,
    2.4496557235717773e+01, 1.8484757995605469e+02,
    3.1136237084865570e-02, 5178114, -1, 6.6465985107421875e+02,
    3.5939251708984375e+02, 6.6211189270019531e+01,
    2.4800090026855469e+02, 3.5906769335269928e-02, 10223876, -1 ]
