%YAML:1.0
tag: [ 1.0852875976562500e+03, 4.8931134033203125e+02,
    8.7437963485717773e+00, 2.2818161010742188e+02,
    3.8578182458877563e-02, 14221569, -1, 1.0958118896484375e+03,
    1.0230988769531250e+03, 3.9761516571044922e+01,
    1.9598252868652344e+02, 3.5600211471319199e-02, 6750723, -1,
    1.0958118896484375e+03, 1.0230988769531250e+03,
    3.9761516571044922e+01, 1.3134307861328125e+02,
    3.5600211471319199e-02, 6750723, -1, 9.0895764160156250e+02,
    1.2774588623046875e+03, 8.1632476806640625e+01,
    2.2662557983398438e+02, 2.6142224669456482e-02, 8651268, -1,
    7.3855163574218750e+02, 1.7357965087890625e+02,
    1.3006185913085938e+02, 4.3730834960937500e+01,
    5.3624324500560760e-02, 8913157, -1, 9.5045050048828125e+02,
    4.8129031372070312e+02, 1.4267285156250000e+02,
    2.0116835021972656e+02, 4.0300145745277405e-02, 15663365, -1,
    9.5045050048828125e+02, 4.8129031372070312e+02,
    1.4267285156250000e+02, 1.1317895507812500e+02,
    4.0300145745277405e-02, 15663365, -1, 2.9887258911132812e+02,
    5.2552960205078125e+02, 2.2546592712402344e+02,
    7.2363708496093750e+01, 3.2528109848499298e-02, 15336197, -1 ]
