%YAML:1.0
tag: [ 9.4049583435058594e+01, 5.1133998870849609e+01,
    5.2782320976257324e+00, 1.8293588256835938e+02,
    7.8432321548461914e-02, 11141632, -1, 8.1436691284179688e+01,
    4.8803192138671875e+01, 1.4065655708312988e+01,
    2.7698995971679688e+02, 7.4569873511791229e-02, 15205121, -1,
    1.6526817321777344e+02, 1.5842332458496094e+02,
    1.4244002342224121e+01, 3.2051885986328125e+02,
    7.6237030327320099e-02, 16057089, -1, 1.6526817321777344e+02,
    1.5842332458496094e+02, 1.4244002342224121e+01,
    2.1414550781250000e+01, 7.6237030327320099e-02, 16057089, -1,
    8.0028991699218750e+01, 4.6899402618408203e+01,
    1.6085943222045898e+01, 2.7384100341796875e+02,
    7.3913209140300751e-02, 8192258, -1, 1.6361715698242188e+02,
    1.5923954772949219e+02, 1.5975753784179688e+01,
    3.2432342529296875e+02, 7.5344063341617584e-02, 7667970, -1,
    1.6361715698242188e+02, 1.5923954772949219e+02,
    1.5975753784179688e+01, 2.2249908447265625e+01,
    7.5344063341617584e-02, 7667970, -1, 1.1510399627685547e+02,
    2.5108757019042969e+01, 1.8947250366210938e+01,
    2.2432032775878906e+02, 1.1191613227128983e-01, 3277314, -1,
    1.1510399627685547e+02, 2.5108757019042969e+01,
    1.8947250366210938e+01, 8.5378723144531250e+00,
    1.1191613227128983e-01, 3277314, -1, 1.4811676025390625e+02,
    7.1341773986816406e+01, 2.3788425445556641e+01,
    2.9890658569335938e+02, 8.8128067553043365e-02, 3015426, -1,
    1.4811676025390625e+02, 7.1341773986816406e+01,
    2.3788425445556641e+01, 1.4345764160156250e+01,
    8.8128067553043365e-02, 3015426, -1, 5.6624713897705078e+01,
    1.8797360229492188e+02, 2.7400928497314453e+01,
    1.3702131652832031e+02, 6.9678120315074921e-02, 13304578, -1,
    1.3606062316894531e+02, 1.7105143737792969e+02,
    3.9073451995849609e+01, 3.4797497558593750e+02,
    7.2629146277904510e-02, 5505539, -1, 1.3606062316894531e+02,
    1.7105143737792969e+02, 3.9073451995849609e+01,
    5.1387207031250000e+01, 7.2629146277904510e-02, 5505539, -1,
    7.9078163146972656e+01, 1.1486369323730469e+02,
    8.1255767822265625e+01, 2.5120536804199219e+02,
    8.5854485630989075e-02, 8323588, -1 ]
