%YAML:1.0
tag: [ 2.4031499862670898e+01, 5.6907180786132812e+01,
    3.2291507720947266e+00, 2.3423739624023438e+02,
    3.4521635621786118e-02, 9044991, -1, 7.0914054870605469e+01,
    3.3479530334472656e+01, 8.4538288116455078e+00,
    2.0725004577636719e+02, 8.1450447440147400e-02, 11796737, -1,
    8.1968101501464844e+01, 2.1854682922363281e+01,
    1.2983386039733887e+01, 2.2952059936523438e+02,
    8.7896123528480530e-02, 9372417, -1, 8.1968101501464844e+01,
    2.1854682922363281e+01, 1.2983386039733887e+01,
    2.1382171630859375e+01, 8.7896123528480530e-02, 9372417, -1,
    1.1046815490722656e+02, 1.1452202606201172e+02,
    1.2974130630493164e+01, 3.2504504394531250e+02,
    6.9865539669990540e-02, 9306881, -1, 1.1046815490722656e+02,
    1.1452202606201172e+02, 1.2974130630493164e+01,
    2.4931213378906250e+01, 6.9865539669990540e-02, 9306881, -1,
    1.0399011230468750e+02, 5.4099704742431641e+01,
    1.4756456375122070e+01, 1.9504089355468750e+01,
    7.9292260110378265e-02, 1900802, -1, 3.0674644470214844e+01,
    6.4920310974121094e+01, 2.5036825180053711e+01,
    2.4623193359375000e+02, 4.6702757477760315e-02, 6750978, -1,
    9.7661819458007812e+01, 1.2119773864746094e+02,
    2.4770034790039062e+01, 3.3951916503906250e+02,
    6.6297523677349091e-02, 5964546, -1, 9.7661819458007812e+01,
    1.2119773864746094e+02, 2.4770034790039062e+01,
    4.2187133789062500e+01, 6.6297523677349091e-02, 5964546, -1,
    5.9815395355224609e+01, 8.8208023071289062e+01,
    5.6576171875000000e+01, 2.4918499755859375e+02,
    6.7094840109348297e-02, 15598339, -1 ]
