%YAML:1.0
tag: [ 7.4859802246093750e+01, 4.3833026885986328e+01,
    3.3457272052764893e+00, 2.5389457702636719e+02,
    6.6966377198696136e-02, 11600895, -1, 1.0880211639404297e+02,
    9.5033386230468750e+01, 3.3864643573760986e+00,
    3.3661978149414062e+02, 3.1467542052268982e-02, 12452863, -1,
    1.1530301666259766e+02, 1.0454258728027344e+02,
    3.1847329139709473e+00, 3.1167337036132812e+02,
    2.9765082523226738e-02, 7996415, -1, 1.2529379272460938e+02,
    1.4508399963378906e+02, 3.0457210540771484e+00,
    3.5890365600585938e+02, 3.9307899773120880e-02, 4785151, -1,
    1.2529379272460938e+02, 1.4508399963378906e+02,
    3.0457210540771484e+00, 1.7850294494628906e+02,
    3.9307899773120880e-02, 4785151, -1, 1.2529379272460938e+02,
    1.4508399963378906e+02, 3.0457210540771484e+00,
    6.1523620605468750e+01, 3.9307899773120880e-02, 4785151, -1,
    7.2017448425292969e+01, 2.9184494018554688e+01,
    4.4532279968261719e+00, 2.0406156921386719e+02,
    3.9436083287000656e-02, 15532288, -1, 3.6329395294189453e+01,
    4.5190761566162109e+01, 4.1544928550720215e+00,
    2.5078492736816406e+02, 4.1561421006917953e-02, 10551552, -1,
    2.8954473495483398e+01, 6.2317840576171875e+01,
    4.7279548645019531e+00, 9.0516601562500000e+01,
    1.9206047058105469e-02, 3146240, -1, 3.7105072021484375e+01,
    1.4000869750976562e+02, 4.2483057975769043e+00,
    1.3277865600585938e+02, 3.0406506732106209e-02, 12124416, -1,
    1.0866245269775391e+02, 1.4326005554199219e+02,
    4.0022773742675781e+00, 4.7660400390625000e+01,
    2.5350678712129593e-02, 7799040, -1, 7.0268341064453125e+01,
    3.8834148406982422e+01, 5.0843448638916016e+00,
    1.8803842163085938e+02, 6.0802910476922989e-02, 8454656, -1,
    7.0990715026855469e+01, 3.7723064422607422e+01,
    6.0650649070739746e+00, 1.9050491333007812e+02,
    5.9543635696172714e-02, 4457216, -1, 1.1736881256103516e+02,
    6.3116863250732422e+01, 6.2273449897766113e+00,
    5.0049194335937500e+01, 3.0376113951206207e-02, 6357760, -1,
    6.1160526275634766e+01, 3.9050712585449219e+01,
    8.4313097000122070e+00, 2.7935540771484375e+02,
    5.5539760738611221e-02, 11600129, -1, 1.0287145996093750e+02,
    8.0711791992187500e+01, 8.3298320770263672e+00,
    3.4819827270507812e+02, 3.1000431627035141e-02, 10682625, -1,
    1.7547122955322266e+01, 9.9307533264160156e+01,
    8.9275751113891602e+00, 1.6985902404785156e+02,
    3.5509906709194183e-02, 15728897, -1, 8.4172813415527344e+01,
    2.1587759017944336e+01, 1.3310266494750977e+01,
    2.2649511718750000e+02, 8.3941228687763214e-02, 11207425, -1,
    8.4172813415527344e+01, 2.1587759017944336e+01,
    1.3310266494750977e+01, 1.2836486816406250e+01,
    8.3941228687763214e-02, 11207425, -1, 1.0820030975341797e+02,
    5.1864112854003906e+01, 1.3969519615173340e+01,
    2.9301455688476562e+02, 7.4243359267711639e-02, 14680833, -1,
    1.7838769912719727e+01, 8.3720275878906250e+01,
    1.2221542358398438e+01, 1.8609014892578125e+02,
    3.8145087659358978e-02, 4981505, -1, 2.0847005844116211e+01,
    8.8814193725585938e+01, 1.6649269104003906e+01,
    1.8371376037597656e+02, 3.7906512618064880e-02, 10682626, -1,
    3.3554565429687500e+01, 1.2018691253662109e+02,
    1.9894254684448242e+01, 1.4928285217285156e+02,
    5.9295032173395157e-02, 6816258, -1, 1.0689614105224609e+02,
    1.1930902862548828e+02, 1.9815845489501953e+01,
    4.0452606201171875e+01, 6.1316207051277161e-02, 6554114, -1 ]
