%YAML:1.0
tag: [ 1.6410777282714844e+02, 1.9562901306152344e+02,
    8.9205436706542969e+00, 3.2969110107421875e+02,
    1.4796338975429535e-02, 15663361, -1, 1.6410777282714844e+02,
    1.9562901306152344e+02, 8.9205436706542969e+00,
    2.2389639282226562e+02, 1.4796338975429535e-02, 15663361, -1,
    2.3788296508789062e+02, 2.5244100952148438e+02,
    1.0709945678710938e+01, 2.4081451416015625e+01,
    2.7692774310708046e-02, 12190209, -1, 1.7846774291992188e+02,
    3.0162072753906250e+02, 9.5801343917846680e+00,
    1.0573432922363281e+02, 5.2394859492778778e-02, 4129281, -1,
    2.0621330261230469e+02, 9.2908233642578125e+01,
    1.1950189590454102e+01, 2.8956283569335938e+02,
    1.8824120983481407e-02, 3408641, -1, 9.5992439270019531e+01,
    9.7764259338378906e+01, 1.9918613433837891e+01,
    2.7724505615234375e+02, 2.1545307710766792e-02, 6947330, -1,
    1.6062292480468750e+02, 1.6633535766601562e+02,
    1.6160654067993164e+01, 1.7841967773437500e+02,
    1.4164886437356472e-02, 8519938, -1, 4.5829269409179688e+01,
    1.8361117553710938e+02, 1.8764558792114258e+01,
    2.3528799438476562e+02, 1.6673743724822998e-02, 2621954, -1,
    1.7145404052734375e+02, 2.1864201354980469e+02,
    1.7405567169189453e+01, 2.9899816894531250e+02,
    2.1401293575763702e-02, 13893890, -1, 2.4090187072753906e+02,
    2.3661778259277344e+02, 1.6401103973388672e+01,
    3.2133453369140625e+02, 3.3128738403320312e-02, 9568514, -1,
    2.4090187072753906e+02, 2.3661778259277344e+02,
    1.6401103973388672e+01, 1.1037780761718750e+01,
    3.3128738403320312e-02, 9568514, -1, 2.0829107666015625e+02,
    2.8840972900390625e+02, 1.6867986679077148e+01,
    4.3157806396484375e+01, 4.8401888459920883e-02, 11600130, -1,
    1.4939372253417969e+02, 5.9116611480712891e+01,
    2.0147354125976562e+01, 2.0890646362304688e+02,
    6.1549432575702667e-02, 7733762, -1, 1.5532641601562500e+02,
    5.2315284729003906e+01, 2.4963842391967773e+01,
    2.1654995727539062e+02, 6.0533192008733749e-02, 6554370, -1,
    1.3605392456054688e+02, 1.7182499694824219e+02,
    2.4386228561401367e+01, 2.7874920654296875e+02,
    2.5738580152392387e-02, 4850434, -1, 8.6392234802246094e+01,
    1.8873501586914062e+02, 2.7539426803588867e+01,
    2.7055181884765625e+02, 2.4214355275034904e-02, 13632258, -1,
    8.0548004150390625e+01, 1.0163370513916016e+02,
    2.9270587921142578e+01, 2.6028097534179688e+02,
    2.1448550745844841e-02, 1310979, -1, 1.2641884613037109e+02,
    1.5813766479492188e+02, 3.4039382934570312e+01,
    2.7124151611328125e+02, 2.5596911087632179e-02, 12255491, -1,
    1.7949633789062500e+02, 1.2200959014892578e+02,
    5.1302307128906250e+01, 3.4653344726562500e+02,
    4.0771774947643280e-02, 8520451, -1, 6.2536750793457031e+01,
    2.4935154724121094e+02, 4.8941417694091797e+01,
    1.5960412597656250e+02, 4.6940416097640991e-02, 5112579, -1 ]
