%YAML:1.0
tag: [ 1.0251916503906250e+02, 5.4961284637451172e+01,
    3.1889326572418213e+00, 3.9030273437500000e+01,
    1.5722932294011116e-02, 8127487, -1, 9.7149681091308594e+01,
    6.8659523010253906e+01, 2.9824385643005371e+00,
    9.8400878906250000e+00, 1.7418216913938522e-02, 3277823, -1,
    9.8174842834472656e+01, 8.3699424743652344e+01,
    3.3413548469543457e+00, 3.3991964721679688e+02,
    1.6360513865947723e-02, 11469823, -1, 1.0719363403320312e+02,
    9.7538085937500000e+01, 3.5688960552215576e+00,
    3.1105749511718750e+02, 1.7599320039153099e-02, 16253951, -1,
    5.6724349975585938e+01, 4.1973659515380859e+01,
    4.2740502357482910e+00, 2.8649145507812500e+02,
    1.6656538471579552e-02, 12583168, -1, 2.7911012649536133e+01,
    1.2490361022949219e+02, 4.0802111625671387e+00,
    1.3959082031250000e+02, 1.8443964421749115e-02, 9240832, -1,
    2.1515724182128906e+01, 1.2567620849609375e+02,
    5.3303103446960449e+00, 1.4042758178710938e+02,
    1.7575819045305252e-02, 11862528, -1, 8.3718742370605469e+01,
    2.9526769638061523e+01, 8.8506584167480469e+00,
    2.7398147583007812e+02, 3.0821930617094040e-02, 15073537, -1,
    8.3718742370605469e+01, 2.9526769638061523e+01,
    8.8506584167480469e+00, 3.5409423828125000e+01,
    3.0821930617094040e-02, 15073537, -1, 8.5323982238769531e+01,
    2.8782672882080078e+01, 9.7836704254150391e+00,
    2.7980480957031250e+02, 3.0467212200164795e-02, 5636609, -1,
    8.5323982238769531e+01, 2.8782672882080078e+01,
    9.7836704254150391e+00, 2.8431427001953125e+01,
    3.0467212200164795e-02, 5636609, -1, 5.5474151611328125e+01,
    3.2391914367675781e+01, 1.0513547897338867e+01,
    2.7663916015625000e+02, 2.7261381968855858e-02, 10813953, -1,
    7.6038864135742188e+01, 1.6655136108398438e+01,
    1.3303385734558105e+01, 2.1932807922363281e+02,
    4.3912239372730255e-02, 11141889, -1, 1.0646582794189453e+02,
    1.0551011657714844e+02, 1.3182814598083496e+01,
    3.2754516601562500e+02, 2.9517013579607010e-02, 10486529, -1,
    1.0646582794189453e+02, 1.0551011657714844e+02,
    1.3182814598083496e+01, 2.6424255371093750e+01,
    2.9517013579607010e-02, 10486529, -1, 9.8675651550292969e+01,
    4.7385452270507812e+01, 1.5047805786132812e+01,
    1.4245361328125000e+01, 3.4678038209676743e-02, 3342594, -1,
    3.2056270599365234e+01, 5.4476539611816406e+01,
    2.6083204269409180e+01, 2.4817253112792969e+02,
    2.7743024751543999e-02, 9700098, -1, 9.3398750305175781e+01,
    1.1136843109130859e+02, 2.4549390792846680e+01,
    3.4394247436523438e+02, 2.8568051755428314e-02, 5309186, -1,
    9.3398750305175781e+01, 1.1136843109130859e+02,
    2.4549390792846680e+01, 3.9560485839843750e+01,
    2.8568051755428314e-02, 5309186, -1, 5.3860141754150391e+01,
    7.5712371826171875e+01, 5.3295867919921875e+01,
    2.4851535034179688e+02, 3.4072760492563248e-02, 11272963, -1 ]
