%YAML:1.0
tag: [ 3.4678469848632812e+02, 2.8591024780273438e+02,
    3.0029404163360596e+00, 1.5996778869628906e+02,
    9.0743243694305420e-02, 3736575, -1, 3.5630090332031250e+02,
    2.9258383178710938e+02, 3.5043485164642334e+00,
    1.4530908203125000e+02, 1.0004056245088577e-01, 14943231, -1,
    3.4807891845703125e+02, 2.8060937500000000e+02,
    3.7673072814941406e+00, 1.7288169860839844e+02,
    6.0798376798629761e-02, 3473664, -1, 3.6985412597656250e+02,
    3.4669470214843750e+02, 4.2882461547851562e+00,
    1.6685508728027344e+02, 6.9397360086441040e-02, 12845312, -1,
    3.6958978271484375e+02, 3.3963909912109375e+02,
    4.9244232177734375e+00, 1.4306237792968750e+02,
    6.3900426030158997e-02, 6095360, -1, 3.7633496093750000e+02,
    3.5182232666015625e+02, 5.5652990341186523e+00,
    1.5909803771972656e+02, 6.1622921377420425e-02, 14942720, -1,
    3.6098721313476562e+02, 3.3660363769531250e+02,
    6.1669077873229980e+00, 1.4375085449218750e+02,
    7.6283745467662811e-02, 5702400, -1, 3.6098721313476562e+02,
    3.3660363769531250e+02, 6.1669077873229980e+00,
    1.0689855957031250e+02, 7.6283745467662811e-02, 5702400, -1,
    3.7395697021484375e+02, 3.6093035888671875e+02,
    5.9325175285339355e+00, 1.5684669494628906e+02,
    5.9675119817256927e-02, 2884352, -1, 3.5593231201171875e+02,
    3.2484924316406250e+02, 1.0240386962890625e+01,
    1.8560574340820312e+02, 8.9463010430335999e-02, 8913409, -1,
    4.0525488281250000e+02, 3.8228308105468750e+02,
    1.2483900070190430e+01, 1.9717068481445312e+02,
    1.0472746938467026e-01, 6554369, -1, 4.0525488281250000e+02,
    3.8228308105468750e+02, 1.2483900070190430e+01,
    9.6128265380859375e+01, 1.0472746938467026e-01, 6554369, -1,
    3.5934744262695312e+02, 1.8586357116699219e+02,
    4.1999599456787109e+01, 2.1054232788085938e+02,
    1.0466046631336212e-01, 10748419, -1, 3.5934744262695312e+02,
    1.8586357116699219e+02, 4.1999599456787109e+01,
    1.1080566406250000e+02, 1.0466046631336212e-01, 10748419, -1,
    1.9130989074707031e+02, 2.7396966552734375e+02,
    1.6847550964355469e+02, 3.5333419799804688e+02,
    1.0497673600912094e-01, 10945029, -1, 1.9130989074707031e+02,
    2.7396966552734375e+02, 1.6847550964355469e+02,
    5.8889617919921875e+01, 1.0497673600912094e-01, 10945029, -1 ]
