%YAML:1.0
tag: [ 2.0746191406250000e+02, 3.0659396362304688e+02,
    2.1977422237396240e+00, 6.4919006347656250e+01,
    2.8715714812278748e-02, 14615039, -1, 8.4868011474609375e+00,
    1.5879646301269531e+02, 4.7041759490966797e+00,
    1.8709440612792969e+02, 2.7262829244136810e-02, 2818560, -1,
    2.5303323364257812e+02, 1.1686135864257812e+02,
    4.6927714347839355e+00, 5.6011871337890625e+01,
    2.1439660340547562e-02, 2621952, -1, 2.2699455261230469e+02,
    1.9741943359375000e+02, 5.3230333328247070e+00,
    3.2840670776367188e+02, 3.4521296620368958e-02, 11731456, -1,
    9.3486995697021484e+00, 1.5965260314941406e+02,
    6.3309340476989746e+00, 1.8620819091796875e+02,
    2.7082279324531555e-02, 7602944, -1, 1.0330855369567871e+01,
    1.6063529968261719e+02, 7.6667895317077637e+00,
    1.8928695678710938e+02, 2.7059605345129967e-02, 4718849, -1,
    2.4708917236328125e+02, 1.2566682434082031e+02,
    1.1255085945129395e+01, 5.3462860107421875e+01,
    2.0730912685394287e-02, 15794689, -1, 2.1735162353515625e+02,
    1.6251965332031250e+02, 1.0724040031433105e+01,
    3.5768994140625000e+02, 2.5848420336842537e-02, 12255745, -1,
    1.4526529312133789e+01, 2.0148901367187500e+02,
    1.1086497306823730e+01, 1.7171188354492188e+02,
    3.9442256093025208e-02, 14680577, -1, 2.4651350402832031e+02,
    1.2750518035888672e+02, 1.2914094924926758e+01,
    4.9541198730468750e+01, 2.0775698125362396e-02, 8979201, -1,
    2.5513101196289062e+02, 2.3496556091308594e+02,
    1.4320398330688477e+01, 3.0933535766601562e+02,
    5.4568246006965637e-02, 16450305, -1, 2.5513101196289062e+02,
    2.3496556091308594e+02, 1.4320398330688477e+01,
    2.0942321777343750e+01, 5.4568246006965637e-02, 16450305, -1,
    1.1817664337158203e+02, 7.4872512817382812e+01,
    1.7439870834350586e+01, 2.8110144042968750e+02,
    3.6166835576295853e-02, 14024962, -1, 2.2343910217285156e+02,
    2.0316802978515625e+02, 1.4782402038574219e+01,
    3.2086901855468750e+02, 3.2631274312734604e-02, 2031874, -1,
    2.4907237243652344e+02, 2.0289639282226562e+02,
    2.1378091812133789e+01, 3.1849816894531250e+02,
    3.5950854420661926e-02, 12059138, -1, 1.6692424011230469e+02,
    3.8538677215576172e+01, 3.0887205123901367e+01,
    2.1962185668945312e+02, 5.3315147757530212e-02, 5243139, -1,
    1.6692424011230469e+02, 3.8538677215576172e+01,
    3.0887205123901367e+01, 7.7572021484375000e+00,
    5.3315147757530212e-02, 5243139, -1, 7.1821372985839844e+01,
    9.8606323242187500e+01, 3.2850135803222656e+01,
    2.6194464111328125e+02, 3.8867048919200897e-02, 9699587, -1,
    2.2437322998046875e+02, 1.0369452667236328e+02,
    3.1315893173217773e+01, 2.9460089111328125e+02,
    4.4702827930450439e-02, 6226179, -1, 9.1098915100097656e+01,
    2.3780194091796875e+02, 7.9018150329589844e+01,
    1.2973666381835938e+02, 4.9302268773317337e-02, 6291972, -1,
    1.2889216613769531e+02, 2.2758811950683594e+02,
    1.0115584564208984e+02, 2.5395175170898438e+02,
    4.8787105828523636e-02, 7471876, -1 ]
