%YAML:1.0
tag: [ 1.1489837646484375e+02, 7.4098831176757812e+01,
    2.0762107372283936e+00, 1.6959007263183594e+02,
    2.0652249455451965e-02, 10486271, -1, 1.1984288787841797e+02,
    7.6689041137695312e+01, 2.0492770671844482e+00,
    2.5984286499023438e+02, 2.1034909412264824e-02, 9568767, -1,
    1.1984288787841797e+02, 7.6689041137695312e+01,
    2.0492770671844482e+00, 8.1008087158203125e+01,
    2.1034909412264824e-02, 9568767, -1, 2.1270434570312500e+02,
    9.8256217956542969e+01, 1.8555011749267578e+00,
    2.0575013732910156e+02, 3.7451259791851044e-02, 2359807, -1,
    2.1270434570312500e+02, 9.8256217956542969e+01,
    1.8555011749267578e+00, 5.8718994140625000e+01,
    3.7451259791851044e-02, 2359807, -1, 2.1270434570312500e+02,
    9.8256217956542969e+01, 1.8555011749267578e+00,
    6.3879699707031250e+00, 3.7451259791851044e-02, 2359807, -1,
    1.8882997131347656e+02, 1.5598423767089844e+02,
    1.9910662174224854e+00, 1.7585128784179688e+02,
    3.9393153041601181e-02, 7471615, -1, 1.6183345031738281e+02,
    2.1748128890991211e+01, 2.6281945705413818e+00,
    1.6824557495117188e+02, 2.8000174090266228e-02, 10814207, -1,
    8.1796096801757812e+01, 7.2944534301757812e+01,
    2.3907749652862549e+00, 9.8537261962890625e+01,
    2.0676556974649429e-02, 3998463, -1, 2.0943901062011719e+02,
    9.6771522521972656e+01, 2.3918254375457764e+00,
    2.2436997985839844e+02, 2.9553223401308060e-02, 3998463, -1,
    2.0943901062011719e+02, 9.6771522521972656e+01,
    2.3918254375457764e+00, 1.4277404785156250e+02,
    2.9553223401308060e-02, 3998463, -1, 1.3029931640625000e+02,
    3.4893737792968750e+01, 2.4599816799163818e+00,
    4.3196990966796875e+01, 3.0982516705989838e-02, 6030079, -1,
    1.6381681823730469e+02, 7.3186119079589844e+01,
    2.9250278472900391e+00, 8.1971069335937500e+01,
    1.9882585853338242e-02, 1836031, -1, 1.7152026367187500e+02,
    7.3196884155273438e+01, 3.0008530616760254e+00,
    9.8867675781250000e+01, 2.0745549350976944e-02, 3736575, -1,
    1.9130300903320312e+02, 2.3200471496582031e+02,
    2.9739243984222412e+00, 2.2099420166015625e+02,
    1.7450159415602684e-02, 3081215, -1, 1.4116261291503906e+02,
    7.4065429687500000e+01, 3.9298317432403564e+00,
    2.4869349670410156e+02, 1.4043230563402176e-02, 6488320, -1,
    1.4116261291503906e+02, 7.4065429687500000e+01,
    3.9298317432403564e+00, 5.8782165527343750e+01,
    1.4043230563402176e-02, 6488320, -1, 1.2615030670166016e+02,
    6.4500885009765625e+01, 1.1130835533142090e+01,
    2.4405059814453125e+02, 2.0530819892883301e-02, 14942721, -1,
    1.2615030670166016e+02, 6.4500885009765625e+01,
    1.1130835533142090e+01, 1.7598937988281250e+01,
    2.0530819892883301e-02, 14942721, -1, 1.1793069458007812e+02,
    7.9381507873535156e+01, 1.0491236686706543e+01,
    9.7629455566406250e+01, 1.7734061926603317e-02, 10682881, -1,
    1.2673786163330078e+02, 6.3745475769042969e+01,
    1.1534272193908691e+01, 2.4365287780761719e+02,
    2.0462069660425186e-02, 852737, -1, 1.2673786163330078e+02,
    6.3745475769042969e+01, 1.1534272193908691e+01,
    1.6784698486328125e+01, 2.0462069660425186e-02, 852737, -1,
    1.3986180114746094e+02, 4.8320064544677734e+01,
    1.9048715591430664e+01, 2.1457756042480469e+02,
    1.9931815564632416e-02, 3670530, -1, 1.3986180114746094e+02,
    4.8320064544677734e+01, 1.9048715591430664e+01,
    4.2457702636718750e+01, 1.9931815564632416e-02, 3670530, -1,
    1.7833558654785156e+02, 9.7278182983398438e+01,
    2.7287378311157227e+01, 1.9278289794921875e+02,
    1.4858039095997810e-02, 12976898, -1 ]
