%YAML:1.0
tag: [ 9.0680458068847656e+01, 1.5317861557006836e+01,
    2.4561154842376709e+00, 2.0285671997070312e+02,
    2.7991427108645439e-02, 5964543, -1, 7.0920578002929688e+01,
    4.5798004150390625e+01, 2.7583699226379395e+00,
    2.6500897216796875e+02, 3.6558024585247040e-02, 14353151, -1,
    7.0920578002929688e+01, 4.5798004150390625e+01,
    2.7583699226379395e+00, 8.9988159179687500e+01,
    3.6558024585247040e-02, 14353151, -1, 1.1305432128906250e+02,
    4.7349838256835938e+01, 2.8155524730682373e+00,
    2.9895709228515625e+02, 3.8855481892824173e-02, 15794943, -1,
    1.1651612854003906e+02, 5.4008056640625000e+01,
    2.5614030361175537e+00, 2.1828558349609375e+02,
    2.7779430150985718e-02, 8979199, -1, 1.1337226867675781e+02,
    5.7702743530273438e+01, 2.6156692504882812e+00,
    2.2735479736328125e+02, 1.4911019243299961e-02, 10486527, -1,
    8.3422615051269531e+01, 1.1208815574645996e+01,
    3.4588506221771240e+00, 2.4257748413085938e+02,
    1.8801501020789146e-02, 13960191, -1, 8.6881057739257812e+01,
    1.3803174972534180e+01, 2.9360918998718262e+00,
    2.4691790771484375e+02, 2.9547311365604401e-02, 2163711, -1,
    7.5766876220703125e+01, 3.6961639404296875e+01,
    3.3165588378906250e+00, 1.6797637939453125e+01,
    1.6357529908418655e-02, 10945535, -1, 1.5132555961608887e+01,
    5.4538398742675781e+01, 3.2112770080566406e+00,
    2.1914625549316406e+02, 2.6636619120836258e-02, 8586239, -1,
    1.6300460815429688e+01, 5.9567398071289062e+01,
    3.0745542049407959e+00, 2.1255316162109375e+02,
    4.5082036405801773e-02, 5440511, -1, 1.0982627868652344e+02,
    6.0404655456542969e+01, 2.8191125392913818e+00,
    2.3084054565429688e+02, 1.3929389417171478e-02, 15926015, -1,
    8.9243965148925781e+01, 8.7654294967651367e+00,
    3.8239369392395020e+00, 2.5031619262695312e+02,
    1.8928077071905136e-02, 4522240, -1, 6.4108398437500000e+01,
    4.2718173980712891e+01, 4.2437667846679688e+00,
    2.8713323974609375e+02, 4.5243058353662491e-02, 12058880, -1,
    1.2071685028076172e+02, 5.5081077575683594e+01,
    4.0935091972351074e+00, 3.1563891601562500e+02,
    6.7987471818923950e-02, 9437440, -1, 1.2071685028076172e+02,
    5.5081077575683594e+01, 4.0935091972351074e+00,
    3.5691284179687500e+01, 6.7987471818923950e-02, 9437440, -1,
    1.3448863983154297e+01, 1.0202716827392578e+02,
    5.0953354835510254e+00, 1.6607408142089844e+02,
    3.8326997309923172e-02, 8585728, -1, 1.1624265289306641e+02,
    1.0526883697509766e+02, 4.2015376091003418e+00,
    3.1242340087890625e+02, 3.4897122532129288e-02, 11337984, -1,
    9.0357795715332031e+01, 3.8300682067871094e+01,
    4.8095345497131348e+00, 2.7197164916992188e+02,
    4.3230652809143066e-02, 4391424, -1, 9.0357795715332031e+01,
    3.8300682067871094e+01, 4.8095345497131348e+00,
    3.7506530761718750e+01, 4.3230652809143066e-02, 4391424, -1,
    6.9674240112304688e+01, 3.9678009033203125e+01,
    4.7845931053161621e+00, 1.8266659545898438e+02,
    4.7574173659086227e-02, 3998208, -1, 1.2810087585449219e+02,
    1.2016843414306641e+02, 5.1818594932556152e+00,
    2.2911499023437500e+01, 2.7382720261812210e-02, 9765376, -1,
    1.2282459259033203e+02, 1.1262532806396484e+02,
    7.1181802749633789e+00, 3.1321575927734375e+02,
    5.6617442518472672e-02, 16057088, -1, 1.2282459259033203e+02,
    1.1262532806396484e+02, 7.1181802749633789e+00,
    1.9467224121093750e+01, 5.6617442518472672e-02, 16057088, -1,
    1.2259472656250000e+02, 1.1291677093505859e+02,
    7.5236487388610840e+00, 3.1518280029296875e+02,
    5.6381061673164368e-02, 3342593, -1, 1.1696792602539062e+02,
    8.0711463928222656e+01, 1.2811357498168945e+01,
    1.3205841064453125e+01, 3.8829967379570007e-02, 8389377, -1 ]
