%YAML:1.0
tag: [ 1.8159107971191406e+02, 6.2125083923339844e+01,
    4.9749808311462402e+00, 3.9246520996093750e+01,
    1.6627987846732140e-02, 6881792, -1, 2.2383029174804688e+02,
    2.1050782775878906e+02, 6.0257225036621094e+00,
    3.4139117431640625e+02, 2.4798003956675529e-02, 3998464, -1,
    1.7279508590698242e+01, 2.2375296020507812e+02,
    6.4930481910705566e+00, 1.7191400146484375e+02,
    3.1710155308246613e-02, 9372416, -1, 2.4193220520019531e+02,
    2.3542706298828125e+02, 6.6047744750976562e+00,
    3.1061398315429688e+02, 1.5150492079555988e-02, 10617600, -1,
    1.9113630676269531e+02, 9.6249732971191406e+01,
    8.4588241577148438e+00, 2.7281478881835938e+02,
    1.3805930502712727e-02, 11796737, -1, 1.4246513366699219e+01,
    2.0706140136718750e+02, 7.6043725013732910e+00,
    1.7366259765625000e+02, 1.8747977912425995e-02, 4129025, -1,
    1.7983186721801758e+01, 2.2385382080078125e+02,
    7.5092883110046387e+00, 1.7230877685546875e+02,
    3.1351886689662933e-02, 3211521, -1, 2.5525701904296875e+02,
    2.4854185485839844e+02, 9.9337358474731445e+00,
    3.1413940429687500e+02, 2.4598233401775360e-02, 6750721, -1,
    1.3450697326660156e+02, 1.1339289855957031e+02,
    1.2913481712341309e+01, 2.5641946411132812e+02,
    1.3333401642739773e-02, 8979201, -1, 1.6543991088867188e+01,
    1.6162301635742188e+02, 1.2250529289245605e+01,
    1.9716835021972656e+02, 1.9578129053115845e-02, 5178113, -1,
    1.4851319885253906e+02, 7.4072967529296875e+01,
    1.7470455169677734e+01, 1.9198233032226562e+02,
    3.9247680455446243e-02, 14156034, -1, 2.1970722961425781e+02,
    1.4691699218750000e+02, 1.7621847152709961e+01,
    1.3861206054687500e+01, 1.7661748453974724e-02, 14745858, -1,
    1.6369012451171875e+02, 1.1489727783203125e+02,
    2.1713211059570312e+01, 2.5612988281250000e+02,
    2.3503188043832779e-02, 13173250, -1, 2.1834518432617188e+02,
    3.0070236206054688e+02, 1.9429723739624023e+01,
    3.8917907714843750e+01, 3.8386605679988861e-02, 5112322, -1,
    1.6266511535644531e+02, 5.5151512145996094e+01,
    3.0858139038085938e+01, 2.1384375000000000e+02,
    3.9368446916341782e-02, 5177603, -1, 6.4160148620605469e+01,
    2.6102651977539062e+02, 5.1373229980468750e+01,
    1.5351718139648438e+02, 4.8188310116529465e-02, 8585987, -1,
    1.9454637145996094e+02, 2.7085827636718750e+02,
    5.2853839874267578e+01, 3.3276242065429688e+02,
    3.9175368845462799e-02, 10683139, -1, 1.9454637145996094e+02,
    2.7085827636718750e+02, 5.2853839874267578e+01,
    1.8177947998046875e+01, 3.9175368845462799e-02, 10683139, -1 ]
