%YAML:1.0
tag: [ 2.8065483093261719e+01, 6.9346420288085938e+01,
    3.4286999702453613e+00, 2.2873547363281250e+02,
    1.9968420267105103e-02, 13370367, -1, 1.6135742187500000e+02,
    1.9196134948730469e+02, 3.4834194183349609e+00,
    3.9792846679687500e+01, 2.5261836126446724e-02, 14484479, -1,
    1.2884831237792969e+02, 3.3663391113281250e+01,
    4.4749026298522949e+00, 2.5599822998046875e+01,
    2.4322895333170891e-02, 15925504, -1, 2.8131784439086914e+01,
    6.9038024902343750e+01, 3.6969807147979736e+00,
    2.2895468139648438e+02, 1.9782453775405884e-02, 2097408, -1,
    1.7627328491210938e+02, 7.1684173583984375e+01,
    3.7744915485382080e+00, 3.1897683715820312e+02,
    1.8802175298333168e-02, 3604736, -1, 1.6104170227050781e+02,
    1.9207867431640625e+02, 3.7612774372100830e+00,
    4.0078704833984375e+01, 2.5095788761973381e-02, 3342592, -1,
    4.6758609771728516e+01, 2.0593736267089844e+02,
    4.3178224563598633e+00, 1.2914355468750000e+02,
    2.2827897220849991e-02, 13304064, -1, 2.2874000549316406e+01,
    7.3206184387207031e+01, 4.8401999473571777e+00,
    2.2054339599609375e+02, 1.9822437316179276e-02, 4850176, -1,
    1.7172325134277344e+02, 1.5321640014648438e+02,
    4.0173659324645996e+00, 3.0707943725585938e+02,
    2.7392923831939697e-02, 8126720, -1, 1.7796361923217773e+01,
    9.5212890625000000e+01, 6.5457239151000977e+00,
    1.9855776977539062e+02, 1.4546324498951435e-02, 9962240, -1,
    1.5142959594726562e+02, 1.1223734283447266e+02,
    7.1835145950317383e+00, 3.5768405151367188e+02,
    2.4734370410442352e-02, 16712448, -1, 1.6914598464965820e+01,
    1.1380955505371094e+02, 9.5415372848510742e+00,
    1.8739300537109375e+02, 2.6965355500578880e-02, 3801601, -1,
    1.4987602233886719e+02, 1.1356932830810547e+02,
    9.3419685363769531e+00, 3.5134664916992188e+02,
    2.4313865229487419e-02, 2294273, -1, 8.4956245422363281e+01,
    5.3472755432128906e+01, 1.2632111549377441e+01,
    2.7836724853515625e+02, 3.5266365855932236e-02, 7406337, -1,
    1.5647917175292969e+02, 7.3359565734863281e+01,
    2.0611839294433594e+01, 2.9416583251953125e+02,
    4.4281892478466034e-02, 9372162, -1, 1.1946004486083984e+02,
    2.8516508102416992e+01, 2.0434577941894531e+01,
    2.2712652587890625e+02, 5.4318163543939590e-02, 8782338, -1,
    1.1946004486083984e+02, 2.8516508102416992e+01,
    2.0434577941894531e+01, 1.0459259033203125e+01,
    5.4318163543939590e-02, 8782338, -1, 4.9525917053222656e+01,
    1.5972729492187500e+02, 4.1441066741943359e+01,
    1.5079414367675781e+02, 4.8885919153690338e-02, 9765379, -1,
    1.2101688385009766e+02, 6.0722785949707031e+01,
    4.6466560363769531e+01, 3.1802584838867188e+02,
    2.3053519427776337e-02, 1311491, -1, 1.2101688385009766e+02,
    6.0722785949707031e+01, 4.6466560363769531e+01,
    2.5141134643554688e+02, 2.3053519427776337e-02, 1311491, -1 ]
