%YAML:1.0
tag: [ 7.4158843994140625e+01, 4.6783576965332031e+01,
    1.8049420118331909e+00, 7.5139739990234375e+01,
    2.3513143882155418e-02, 393727, -1, 9.9910346984863281e+01,
    1.0574058532714844e+01, 2.3322517871856689e+00,
    8.5175170898437500e+00, 2.9089812189340591e-02, 2163455, -1,
    8.8616622924804688e+01, 1.8739637374877930e+01,
    2.3436071872711182e+00, 2.2225811767578125e+02,
    1.3808298856019974e-02, 2556671, -1, 5.9378608703613281e+01,
    4.5996761322021484e+01, 2.5950391292572021e+00,
    1.1981858825683594e+02, 2.5562085211277008e-02, 9896703, -1,
    7.8262489318847656e+01, 4.5654712677001953e+01,
    2.4046494960784912e+00, 2.4779052734375000e+02,
    1.9244983792304993e-02, 4391679, -1, 1.1149336242675781e+02,
    1.2489067840576172e+02, 2.2003848552703857e+00,
    2.1404447937011719e+02, 1.8829740583896637e-02, 14680575, -1,
    1.1278225708007812e+02, 1.2878793334960938e+02,
    3.2234184741973877e+00, 4.0226043701171875e+01,
    4.8056084662675858e-02, 8913919, -1, 6.6785301208496094e+01,
    2.9031158447265625e+01, 4.0175771713256836e+00,
    1.9652868652343750e+02, 2.4157408624887466e-02, 8126720, -1,
    3.6046340942382812e+01, 4.7878490447998047e+01,
    3.9671647548675537e+00, 2.5418252563476562e+02,
    2.3254450410604477e-02, 7209216, -1, 1.0252635192871094e+02,
    1.3706846618652344e+02, 3.6965961456298828e+00,
    6.5319000244140625e+01, 4.8740297555923462e-02, 2097408, -1,
    1.0963404846191406e+02, 5.0774234771728516e+01,
    4.6911754608154297e+00, 2.2122071838378906e+02,
    1.3659980148077011e-02, 2621952, -1, 1.0963404846191406e+02,
    5.0774234771728516e+01, 4.6911754608154297e+00,
    1.5536120605468750e+02, 1.3659980148077011e-02, 2621952, -1,
    9.4860557556152344e+01, 1.0316437721252441e+01,
    6.0223894119262695e+00, 2.4741709899902344e+02,
    7.0003315806388855e-02, 3932928, -1, 9.4860557556152344e+01,
    1.0316437721252441e+01, 6.0223894119262695e+00,
    9.6450195312500000e+00, 7.0003315806388855e-02, 3932928, -1,
    7.3375198364257812e+01, 3.1397687911987305e+01,
    6.5616927146911621e+00, 2.0447302246093750e+02,
    6.9972105324268341e-02, 10158848, -1, 1.1837407684326172e+02,
    4.9898448944091797e+01, 7.0738015174865723e+00,
    3.0976058959960938e+02, 7.9631201922893524e-02, 15598336, -1,
    1.1837407684326172e+02, 4.9898448944091797e+01,
    7.0738015174865723e+00, 4.3063995361328125e+01,
    7.9631201922893524e-02, 15598336, -1, 1.1034246063232422e+02,
    5.9343067169189453e+01, 6.6687388420104980e+00,
    3.6418304443359375e+01, 4.2179927229881287e-02, 11338496, -1,
    9.3638862609863281e+01, 1.1924640655517578e+01,
    7.8912749290466309e+00, 2.4240977478027344e+02,
    6.8782530725002289e-02, 6816001, -1, 9.3638862609863281e+01,
    1.1924640655517578e+01, 7.8912749290466309e+00,
    1.8245208740234375e+01, 6.8782530725002289e-02, 6816001, -1,
    7.4411163330078125e+01, 3.0408338546752930e+01,
    7.5458521842956543e+00, 2.0754666137695312e+02,
    6.8839289247989655e-02, 3539201, -1, 9.2053573608398438e+01,
    3.2265914916992188e+01, 8.5343790054321289e+00,
    4.0888702392578125e+01, 5.4695628583431244e-02, 12452097, -1,
    1.1792795562744141e+02, 4.9824214935302734e+01,
    7.5891852378845215e+00, 3.8368499755859375e+01,
    7.9325117170810699e-02, 3997953, -1 ]
