%YAML:1.0
tag: [ 8.4627731323242188e+01, 2.2594779968261719e+01,
    2.2865169048309326e+00, 2.1932702636718750e+02,
    1.5265983529388905e-02, 787199, -1, 7.6587333679199219e+01,
    2.9262804031372070e+01, 2.7887120246887207e+00,
    2.4000906372070312e+02, 1.4442807994782925e-02, 15139583, -1,
    1.0781740570068359e+02, 1.2862657165527344e+02,
    2.3054590225219727e+00, 4.3873077392578125e+01,
    2.1853633224964142e-02, 1377023, -1, 1.0419313812255859e+02,
    4.1991401672363281e+01, 3.0744667053222656e+00,
    2.9008355712890625e+02, 3.9473921060562134e-02, 5440511, -1,
    1.1207572174072266e+02, 1.2811148071289062e+02,
    3.0121719837188721e+00, 3.0988800048828125e+01,
    5.4319143295288086e-02, 3998719, -1, 1.0890499877929688e+02,
    1.3300076293945312e+02, 3.1748521327972412e+00,
    3.6905822753906250e+01, 5.3555861115455627e-02, 7799807, -1,
    9.0632286071777344e+01, 1.3380450248718262e+01,
    4.6853837966918945e+00, 6.5583496093750000e+00,
    7.6572060585021973e-02, 2490880, -1, 6.3214630126953125e+01,
    3.4323329925537109e+01, 3.9292614459991455e+00,
    1.9360675048828125e+02, 3.0288079753518105e-02, 6488320, -1,
    6.9972106933593750e+01, 3.5592216491699219e+01,
    6.3378005027770996e+00, 2.0014469909667969e+02,
    8.3939529955387115e-02, 7668480, -1, 6.9972106933593750e+01,
    3.5592216491699219e+01, 6.3378005027770996e+00,
    6.8544128417968750e+01, 8.3939529955387115e-02, 7668480, -1,
    8.6449584960937500e+01, 3.6950942993164062e+01,
    8.4268989562988281e+00, 4.0953186035156250e+01,
    6.1768174171447754e-02, 11534593, -1, 1.1152223968505859e+02,
    5.4400184631347656e+01, 7.7396278381347656e+00,
    3.1122711181640625e+02, 8.4799721837043762e-02, 5374209, -1,
    1.1152223968505859e+02, 5.4400184631347656e+01,
    7.7396278381347656e+00, 3.6431732177734375e+01,
    8.4799721837043762e-02, 5374209, -1, 8.3441261291503906e+01,
    2.1610294342041016e+01, 1.3034281730651855e+01,
    2.3071987915039062e+02, 7.8127540647983551e-02, 9700097, -1,
    8.3441261291503906e+01, 2.1610294342041016e+01,
    1.3034281730651855e+01, 2.1556243896484375e+01,
    7.8127540647983551e-02, 9700097, -1, 1.0987335205078125e+02,
    1.1673329162597656e+02, 1.4256289482116699e+01,
    3.2259713745117188e+02, 7.1226805448532104e-02, 16122625, -1,
    1.0987335205078125e+02, 1.1673329162597656e+02,
    1.4256289482116699e+01, 2.9421997070312500e+01,
    7.1226805448532104e-02, 16122625, -1 ]
