%YAML:1.0
tag: [ 4.8381057739257812e+02, 4.2962121582031250e+02,
    1.5540293693542480e+01, 1.3068075561523438e+02,
    7.7430486679077148e-02, 5701890, -1, 1.2705097198486328e+02,
    4.2488174438476562e+02, 9.9852455139160156e+01,
    3.3563009643554688e+02, 5.5057168006896973e-02, 6554372, -1 ]
