%YAML:1.0
tag: [ 5.4187194824218750e+01, 4.6524837493896484e+01,
    2.1809716224670410e+00, 2.9116433715820312e+02,
    5.7308141142129898e-02, 14025215, -1, 2.4966688156127930e+01,
    5.0380451202392578e+01, 1.9521293640136719e+00,
    2.3146742248535156e+02, 1.6271835193037987e-02, 6029823, -1,
    9.4410545349121094e+01, 1.7542392730712891e+01,
    3.1419556140899658e+00, 1.0550598144531250e+01,
    3.7327058613300323e-02, 7013375, -1, 1.0190677642822266e+02,
    4.1801925659179688e+01, 3.3826286792755127e+00,
    2.8702178955078125e+02, 3.8121778517961502e-02, 12387327, -1,
    9.4721069335937500e+01, 1.8005216598510742e+01,
    3.7194747924804688e+00, 1.0757690429687500e+01,
    3.6655109375715256e-02, 2556160, -1, 3.7597293853759766e+01,
    5.2147232055664062e+01, 4.0203318595886230e+00,
    2.5960183715820312e+02, 2.8484785929322243e-02, 8126720, -1,
    1.0282911682128906e+02, 7.0002380371093750e+01,
    4.2193465232849121e+00, 2.2661926269531250e+01,
    3.9378892630338669e-02, 11665664, -1, 1.0690596771240234e+02,
    1.0197446441650391e+02, 4.2200202941894531e+00,
    3.2272842407226562e+02, 3.9178803563117981e-02, 11665664, -1,
    8.9834335327148438e+01, 1.4452874755859375e+02,
    4.5883245468139648e+00, 9.2308776855468750e+01,
    5.0018087029457092e-02, 983552, -1, 7.0132484436035156e+01,
    3.6214164733886719e+01, 6.8076896667480469e+00,
    2.0316740417480469e+02, 8.1503979861736298e-02, 12845824, -1,
    1.1570657348632812e+02, 1.1288988494873047e+02,
    6.2720518112182617e+00, 3.1517120361328125e+02,
    6.3791871070861816e-02, 6882048, -1, 1.1570657348632812e+02,
    1.1288988494873047e+02, 6.2720518112182617e+00,
    1.6211273193359375e+01, 6.3791871070861816e-02, 6882048, -1,
    8.3149169921875000e+01, 2.2516431808471680e+01,
    1.2712197303771973e+01, 2.3115136718750000e+02,
    8.7895348668098450e-02, 7865089, -1, 8.3149169921875000e+01,
    2.2516431808471680e+01, 1.2712197303771973e+01,
    2.0064666748046875e+01, 8.7895348668098450e-02, 7865089, -1,
    8.2872734069824219e+01, 2.2883340835571289e+01,
    1.2807791709899902e+01, 2.2928662109375000e+02,
    8.7865091860294342e-02, 8389377, -1, 1.0608588409423828e+02,
    5.4733535766601562e+01, 1.3058751106262207e+01,
    2.9585821533203125e+02, 7.8109487891197205e-02, 9831169, -1,
    1.0608588409423828e+02, 5.4733535766601562e+01,
    1.3058751106262207e+01, 2.4379882812500000e+01,
    7.8109487891197205e-02, 9831169, -1, 9.5825531005859375e+01,
    1.2355857086181641e+02, 2.4234348297119141e+01,
    5.2896392822265625e+01, 5.7601243257522583e-02, 4391682, -1,
    3.2128757476806641e+01, 6.8974449157714844e+01,
    2.8067941665649414e+01, 2.4654266357421875e+02,
    4.9099743366241455e-02, 15008514, -1, 5.5111534118652344e+01,
    8.8254440307617188e+01, 5.4309551239013672e+01,
    2.4819985961914062e+02, 6.2325064092874527e-02, 12649219, -1 ]
