%YAML:1.0
tag: [ 2.7719217300415039e+01, 4.3820793151855469e+01,
    2.4552597999572754e+00, 2.2782716369628906e+02,
    1.4639104716479778e-02, 5899007, -1, 8.5606536865234375e+01,
    1.3713282775878906e+02, 2.7241947650909424e+00,
    2.9783328247070312e+02, 1.6223883256316185e-02, 13435647, -1,
    8.5606536865234375e+01, 1.3713282775878906e+02,
    2.7241947650909424e+00, 9.3959381103515625e+01,
    1.6223883256316185e-02, 13435647, -1, 9.5283798217773438e+01,
    1.7764459609985352e+01, 3.2575211524963379e+00,
    2.2674896240234375e+01, 4.5416418462991714e-02, 9634815, -1,
    4.7811973571777344e+01, 4.7858825683593750e+01,
    3.3882319927215576e+00, 2.6852249145507812e+02,
    2.4868274107575417e-02, 12518399, -1, 1.1435659790039062e+02,
    1.3288113403320312e+02, 3.2866666316986084e+00,
    3.8863220214843750e+01, 4.2027864605188370e-02, 10290175, -1,
    1.1131075286865234e+02, 1.3664778137207031e+02,
    3.2392089366912842e+00, 3.9966308593750000e+01,
    4.2649589478969574e-02, 9241599, -1, 9.6953994750976562e+01,
    8.8411283493041992e+00, 4.1811728477478027e+00,
    5.5222778320312500e+00, 6.9962181150913239e-02, 11010304, -1,
    1.0699612426757812e+02, 1.4121867370605469e+02,
    3.9363231658935547e+00, 4.7479064941406250e+01,
    4.9528829753398895e-02, 6619392, -1, 1.1332859802246094e+02,
    1.4100698852539062e+02, 3.9291226863861084e+00,
    4.0460632324218750e+01, 3.5792551934719086e-02, 6488320, -1,
    6.8911933898925781e+01, 2.7879606246948242e+01,
    5.4239711761474609e+00, 2.0055601501464844e+02,
    2.5673091411590576e-02, 13107712, -1, 8.6902221679687500e+01,
    2.7716382980346680e+01, 5.5857634544372559e+00,
    4.7874267578125000e+01, 5.2054151892662048e-02, 15204864, -1,
    1.1181465911865234e+02, 4.4319271087646484e+01,
    5.0897355079650879e+00, 2.9908880615234375e+02,
    5.0454214215278625e-02, 8520192, -1, 1.1999939727783203e+02,
    6.1213478088378906e+01, 5.3733153343200684e+00,
    4.0656677246093750e+01, 4.0195148438215256e-02, 12452352, -1,
    9.5845878601074219e+01, 1.0443032264709473e+01,
    6.1467461585998535e+00, 2.4852919006347656e+02,
    6.9021418690681458e-02, 5440256, -1, 9.5845878601074219e+01,
    1.0443032264709473e+01, 6.1467461585998535e+00,
    7.9538269042968750e+00, 6.9021418690681458e-02, 5440256, -1,
    7.5723915100097656e+01, 3.2548049926757812e+01,
    6.7379860877990723e+00, 2.0134574890136719e+02,
    6.8609103560447693e-02, 12059392, -1, 7.5723915100097656e+01,
    3.2548049926757812e+01, 6.7379860877990723e+00,
    7.0108062744140625e+01, 6.8609103560447693e-02, 12059392, -1,
    1.1906671905517578e+02, 5.1877464294433594e+01,
    7.0915474891662598e+00, 3.1290997314453125e+02,
    7.1512542665004730e-02, 15794944, -1, 1.1906671905517578e+02,
    5.1877464294433594e+01, 7.0915474891662598e+00,
    4.0550720214843750e+01, 7.1512542665004730e-02, 15794944, -1,
    1.2142914581298828e+02, 1.1230394744873047e+02,
    8.9694652557373047e+00, 3.1721240234375000e+02,
    5.9606604278087616e-02, 16056577, -1, 1.2142914581298828e+02,
    1.1230394744873047e+02, 8.9694652557373047e+00,
    1.7483215332031250e+01, 5.9606604278087616e-02, 16056577, -1,
    9.6030517578125000e+01, 3.2110450744628906e+01,
    9.7087163925170898e+00, 3.0190063476562500e+01,
    5.2696906030178070e-02, 5046785, -1, 4.6018928527832031e+01,
    1.3719062805175781e+02, 1.3608512878417969e+01,
    1.3264665222167969e+02, 5.2389450371265411e-02, 12780289, -1,
    1.0843814849853516e+02, 1.1905787658691406e+02,
    2.1119468688964844e+01, 4.1386779785156250e+01,
    5.1482126116752625e-02, 11141634, -1 ]
