%YAML:1.0
tag: [ 3.3678784179687500e+02, 2.7391696166992188e+02,
    3.0068538188934326e+00, 1.5992279052734375e+02,
    9.0772792696952820e-02, 3867647, -1, 3.4630450439453125e+02,
    2.8058294677734375e+02, 3.5063331127166748e+00,
    1.4544099426269531e+02, 9.9949017167091370e-02, 14943231, -1,
    3.3807785034179688e+02, 2.6860821533203125e+02,
    3.7683296203613281e+00, 1.7288130187988281e+02,
    6.0769073665142059e-02, 3473664, -1, 3.5985363769531250e+02,
    3.3469577026367188e+02, 4.2898254394531250e+00,
    1.6713296508789062e+02, 6.9371022284030914e-02, 12845312, -1,
    3.5959091186523438e+02, 3.2764099121093750e+02,
    4.9228205680847168e+00, 1.4305909729003906e+02,
    6.3920482993125916e-02, 6095360, -1, 3.6633438110351562e+02,
    3.3982623291015625e+02, 5.5616464614868164e+00,
    1.5909915161132812e+02, 6.1634890735149384e-02, 14942720, -1,
    3.5098617553710938e+02, 3.2461059570312500e+02,
    6.1762495040893555e+00, 1.4383322143554688e+02,
    7.6248034834861755e-02, 5767936, -1, 3.5098617553710938e+02,
    3.2461059570312500e+02, 6.1762495040893555e+00,
    1.0679443359375000e+02, 7.6248034834861755e-02, 5767936, -1,
    3.6395706176757812e+02, 3.4892852783203125e+02,
    5.9308314323425293e+00, 1.5684622192382812e+02,
    5.9667721390724182e-02, 2818816, -1, 3.4593490600585938e+02,
    3.1283255004882812e+02, 1.0247109413146973e+01,
    1.8560935974121094e+02, 8.9442111551761627e-02, 8978945, -1,
    3.9516738891601562e+02, 3.7038165283203125e+02,
    1.2671991348266602e+01, 1.9681951904296875e+02,
    1.0479771345853806e-01, 7602945, -1, 3.9516738891601562e+02,
    3.7038165283203125e+02, 1.2671991348266602e+01,
    9.6113983154296875e+01, 1.0479771345853806e-01, 7602945, -1,
    3.5071304321289062e+02, 3.3518450927734375e+02,
    1.6347751617431641e+01, 1.4622619628906250e+02,
    6.6804364323616028e-02, 9371906, -1, 3.9304379272460938e+02,
    3.7254501342773438e+02, 1.4967610359191895e+01,
    1.9821672058105469e+02, 1.0224675387144089e-01, 2949378, -1,
    3.9304379272460938e+02, 3.7254501342773438e+02,
    1.4967610359191895e+01, 1.0490133666992188e+02,
    1.0224675387144089e-01, 2949378, -1, 2.7705447387695312e+02,
    7.4816795349121094e+01, 4.4974517822265625e+01,
    2.0089749145507812e+02, 1.3527202606201172e-01, 15663619, -1,
    2.7705447387695312e+02, 7.4816795349121094e+01,
    4.4974517822265625e+01, 4.8749389648437500e+01,
    1.3527202606201172e-01, 15663619, -1, 3.4819927978515625e+02,
    1.7428897094726562e+02, 4.3897930145263672e+01,
    2.0851881408691406e+02, 1.0528339445590973e-01, 13959683, -1,
    3.4819927978515625e+02, 1.7428897094726562e+02,
    4.3897930145263672e+01, 1.1245983886718750e+02,
    1.0528339445590973e-01, 13959683, -1, 1.4528462219238281e+02,
    4.3259439086914062e+02, 5.2385498046875000e+01,
    3.1915466308593750e+02, 7.1267329156398773e-02, 10027779, -1,
    1.8828752136230469e+02, 2.6809350585937500e+02,
    1.7134234619140625e+02, 6.2344696044921875e+01,
    1.0809103399515152e-01, 12190213, -1 ]
