%YAML:1.0
tag: [ 1.8714056396484375e+02, 2.4965126037597656e+01,
    2.5226609706878662e+00, 2.6917724609375000e+02,
    6.2259823083877563e-02, 7865087, -1, 1.5537771606445312e+02,
    3.8990776062011719e+01, 2.4395611286163330e+00,
    2.2991062927246094e+02, 6.0498762875795364e-02, 5440255, -1,
    1.3130757141113281e+02, 8.6454109191894531e+01,
    2.4169456958770752e+00, 3.1077630615234375e+02,
    4.3496157974004745e-02, 4784895, -1, 1.3130757141113281e+02,
    8.6454109191894531e+01, 2.4169456958770752e+00,
    1.7319891357421875e+02, 4.3496157974004745e-02, 4784895, -1,
    1.3130757141113281e+02, 8.6454109191894531e+01,
    2.4169456958770752e+00, 9.6286865234375000e+01,
    4.3496157974004745e-02, 4784895, -1, 2.1491368103027344e+02,
    3.0502407836914062e+02, 2.3720598220825195e+00,
    2.2035894775390625e+02, 4.3947987258434296e-02, 3408639, -1,
    2.1491368103027344e+02, 3.0502407836914062e+02,
    2.3720598220825195e+00, 4.6754608154296875e+01,
    4.3947987258434296e-02, 3408639, -1, 1.8100663757324219e+02,
    3.1986194610595703e+01, 4.7226481437683105e+00,
    2.4769157409667969e+02, 3.2815564423799515e-02, 3080704, -1,
    1.8707856750488281e+02, 3.4835586547851562e+01,
    4.1292042732238770e+00, 1.9601440429687500e+00,
    3.0683938413858414e-02, 10092800, -1, 1.3710226440429688e+02,
    8.2966278076171875e+01, 4.0502328872680664e+00,
    5.2035888671875000e+01, 2.3824941366910934e-02, 8716544, -1,
    2.2499740600585938e+02, 1.2011122894287109e+02,
    6.0192747116088867e+00, 1.2722427368164062e+02,
    1.8992373719811440e-02, 3932928, -1, 2.4395189285278320e+01,
    2.1586671447753906e+02, 5.4729847908020020e+00,
    3.4804431152343750e+02, 1.3713765889406204e-02, 13763072, -1,
    2.8554983139038086e+01, 2.0214677429199219e+02,
    1.2127132415771484e+01, 3.4726586914062500e+02,
    1.4365646056830883e-02, 4457217, -1, 2.3449618530273438e+02,
    1.2000122833251953e+02, 1.0403659820556641e+01,
    3.2519790649414062e+02, 4.4350858777761459e-02, 10093057, -1,
    2.6864173889160156e+01, 2.0654396057128906e+02,
    1.0001154899597168e+01, 3.4807034301757812e+02,
    1.4332878403365612e-02, 7209473, -1, 6.7730552673339844e+01,
    3.1602920532226562e+02, 1.7193548202514648e+01,
    1.3738269042968750e+02, 3.2187916338443756e-02, 12976386, -1,
    1.7072311401367188e+02, 4.7441978454589844e+01,
    3.0415679931640625e+01, 3.5716043090820312e+02,
    4.4737976044416428e-02, 4129027, -1, 1.7072311401367188e+02,
    4.7441978454589844e+01, 3.0415679931640625e+01,
    2.2199113464355469e+02, 4.4737976044416428e-02, 4129027, -1,
    9.9282615661621094e+01, 2.8817059326171875e+02,
    3.2649246215820312e+01, 2.7069055175781250e+02,
    2.5253523141145706e-02, 9240835, -1, 1.8098962402343750e+02,
    2.7959106445312500e+02, 3.8950908660888672e+01,
    2.6584420776367188e+02, 2.1848853677511215e-02, 5308931, -1,
    1.8098962402343750e+02, 2.7959106445312500e+02,
    3.8950908660888672e+01, 9.3334136962890625e+01,
    2.1848853677511215e-02, 5308931, -1 ]
