%YAML:1.0
tag: [ 2.1979319763183594e+02, 1.8303903198242188e+02,
    4.7429594993591309e+00, 3.5992260742187500e+02,
    1.9812392070889473e-02, 3408384, -1, 1.8215063476562500e+02,
    6.6642143249511719e+01, 5.1172680854797363e+00,
    4.1154144287109375e+01, 1.6612499952316284e-02, 8913408, -1,
    1.8324516296386719e+01, 2.2767781066894531e+02,
    6.6463389396667480e+00, 1.7188185119628906e+02,
    3.1694520264863968e-02, 11076352, -1, 2.3426023864746094e+02,
    2.2950080871582031e+02, 5.7863326072692871e+00,
    3.2125808715820312e+02, 1.4925247058272362e-02, 1049344, -1,
    2.4281938171386719e+02, 2.3924885559082031e+02,
    6.5937690734863281e+00, 3.1050909423828125e+02,
    1.4887354336678982e-02, 10486528, -1, 2.5858535766601562e+02,
    2.5119842529296875e+02, 7.0686783790588379e+00,
    3.0968164062500000e+02, 2.4484893307089806e-02, 15532800, -1,
    2.5858535766601562e+02, 2.5119842529296875e+02,
    7.0686783790588379e+00, 9.6665649414062500e+00,
    2.4484893307089806e-02, 15532800, -1, 1.5356819152832031e+01,
    2.1084274291992188e+02, 7.8920359611511230e+00,
    1.7401748657226562e+02, 1.8639409914612770e-02, 6816001, -1,
    2.5768658447265625e+02, 2.5173364257812500e+02,
    8.0851697921752930e+00, 3.1379272460937500e+02,
    2.4398084729909897e-02, 8519937, -1, 2.5768658447265625e+02,
    2.5173364257812500e+02, 8.0851697921752930e+00,
    1.0219299316406250e+01, 2.4398084729909897e-02, 8519937, -1,
    2.4538331604003906e+02, 1.2473413848876953e+02,
    1.3639849662780762e+01, 3.1596722412109375e+02,
    1.5981089323759079e-02, 12976897, -1, 2.4538331604003906e+02,
    1.2473413848876953e+02, 1.3639849662780762e+01,
    3.0011322021484375e+01, 1.5981089323759079e-02, 12976897, -1,
    1.7867258071899414e+01, 1.6624092102050781e+02,
    1.2954109191894531e+01, 1.9713186645507812e+02,
    1.9610211253166199e-02, 9241345, -1, 1.4934269714355469e+02,
    7.8244934082031250e+01, 1.7325418472290039e+01,
    1.9340231323242188e+02, 3.9031364023685455e-02, 13566210, -1,
    2.4416523742675781e+02, 1.2448279571533203e+02,
    1.4665913581848145e+01, 3.1432315063476562e+02,
    1.5899742022156715e-02, 1507586, -1, 2.4416523742675781e+02,
    1.2448279571533203e+02, 1.4665913581848145e+01,
    2.5498199462890625e+01, 1.5899742022156715e-02, 1507586, -1,
    2.2023178100585938e+02, 1.5134600830078125e+02,
    1.7859121322631836e+01, 1.3508270263671875e+01,
    1.7468975856900215e-02, 15728898, -1, 1.8914344787597656e+01,
    1.6773590087890625e+02, 1.4566125869750977e+01,
    2.0016165161132812e+02, 1.9210129976272583e-02, 983298, -1,
    1.6460440063476562e+02, 1.1915133666992188e+02,
    2.1912387847900391e+01, 2.5323492431640625e+02,
    2.3341059684753418e-02, 13828610, -1, 1.5350573730468750e+02,
    7.2189880371093750e+01, 2.2337907791137695e+01,
    2.0256904602050781e+02, 3.8776982575654984e-02, 15204866, -1,
    1.6563426208496094e+02, 5.6897335052490234e+01,
    3.2011272430419922e+01, 2.1682640075683594e+02,
    3.8827735930681229e-02, 7799043, -1, 1.6563426208496094e+02,
    5.6897335052490234e+01, 3.2011272430419922e+01,
    1.7890136718750000e+01, 3.8827735930681229e-02, 7799043, -1,
    1.9446717834472656e+02, 2.7750222778320312e+02,
    5.2459117889404297e+01, 3.3227334594726562e+02,
    4.2167581617832184e-02, 10093315, -1, 1.9446717834472656e+02,
    2.7750222778320312e+02, 5.2459117889404297e+01,
    2.6929992675781250e+01, 4.2167581617832184e-02, 10093315, -1 ]
