%YAML:1.0
tag: [ 2.7465380859375000e+02, 9.4920036315917969e+01,
    1.8272001743316650e+00, 2.4975253295898438e+02,
    1.6430197283625603e-02, 1245695, -1, 3.2951470947265625e+02,
    7.9306468963623047e+00, 2.7664859294891357e+00,
    2.1235446166992188e+02, 1.5066324733197689e-02, 14549759, -1,
    3.4260009765625000e+02, 8.0866384506225586e+00,
    2.4810388088226318e+00, 1.9844903564453125e+02,
    1.7497679218649864e-02, 6685439, -1, 2.2025849914550781e+02,
    9.6087627410888672e+00, 2.8268880844116211e+00,
    3.3607769775390625e+02, 1.3581220060586929e-02, 16122623, -1,
    3.6653576660156250e+02, 1.1622509956359863e+01,
    2.4845721721649170e+00, 3.4591625976562500e+02,
    1.4251753687858582e-02, 6750975, -1, 3.5972012329101562e+02,
    1.2328879356384277e+01, 2.5672709941864014e+00,
    1.3553628540039062e+02, 1.6777303069829941e-02, 9110271, -1,
    3.5972012329101562e+02, 1.2328879356384277e+01,
    2.5672709941864014e+00, 9.0085235595703125e+01,
    1.6777303069829941e-02, 9110271, -1, 2.4413314819335938e+02,
    1.6985305786132812e+01, 2.6920373439788818e+00,
    6.8221923828125000e+01, 2.0636705681681633e-02, 12583679, -1,
    2.1062513732910156e+02, 3.6038368225097656e+01,
    2.4174792766571045e+00, 1.1306336975097656e+02,
    1.4125549234449863e-02, 4784895, -1, 2.5306262207031250e+02,
    9.5702636718750000e+01, 2.7139892578125000e+00,
    6.4691162109375000e-01, 1.5639211982488632e-02, 13173503, -1,
    2.3668623352050781e+02, 1.0555039215087891e+02,
    2.4775731563568115e+00, 2.4315832519531250e+02,
    1.4130538329482079e-02, 6554367, -1, 1.3893603515625000e+02,
    1.1827640533447266e+02, 2.5942773818969727e+00,
    1.0270297241210938e+02, 2.3607714101672173e-02, 9896703, -1,
    2.6148144531250000e+02, 1.1910482788085938e+02,
    2.4856858253479004e+00, 7.9157043457031250e+01,
    1.6090862452983856e-02, 6816511, -1, 2.1266000366210938e+02,
    1.3184112548828125e+02, 2.5251717567443848e+00,
    6.4418365478515625e+01, 1.9457338377833366e-02, 7930623, -1,
    3.3264236450195312e+02, 2.6054986572265625e+02,
    2.3641893863677979e+00, 2.2245977783203125e+02,
    1.3451219536364079e-02, 3146495, -1, 3.6902917480468750e+02,
    6.2374925613403320e+00, 3.4931926727294922e+00,
    9.9576751708984375e+01, 1.7162879928946495e-02, 14681087, -1,
    3.4718020629882812e+02, 8.8839654922485352e+00,
    3.1196424961090088e+00, 2.0150103759765625e+02,
    1.3859190978109837e-02, 6489087, -1, 3.7518133544921875e+02,
    1.0082454681396484e+01, 3.2588183879852295e+00,
    1.7073748779296875e+02, 1.9353915005922318e-02, 9700351, -1,
    3.7953897094726562e+02, 1.4773658752441406e+01,
    3.5774173736572266e+00, 2.7974401855468750e+02,
    1.5209453180432320e-02, 16450559, -1, 2.1399813842773438e+02,
    1.6731676101684570e+01, 3.5272920131683350e+00,
    3.3314862060546875e+02, 1.4211412519216537e-02, 15401983, -1,
    2.1399813842773438e+02, 1.6731676101684570e+01,
    3.5272920131683350e+00, 2.5013256835937500e+02,
    1.4211412519216537e-02, 15401983, -1, 2.1399813842773438e+02,
    1.6731676101684570e+01, 3.5272920131683350e+00,
    3.4709045410156250e+01, 1.4211412519216537e-02, 15401983, -1,
    2.8687020874023438e+02, 1.7863512039184570e+01,
    3.5270798206329346e+00, 1.8657853698730469e+02,
    1.9417103379964828e-02, 15401983, -1, 3.2457424926757812e+02,
    1.7901849746704102e+01, 3.1225788593292236e+00,
    3.2873507690429688e+02, 1.4276512898504734e-02, 6554623, -1,
    3.2457424926757812e+02, 1.7901849746704102e+01,
    3.1225788593292236e+00, 2.2330712890625000e+02,
    1.4276512898504734e-02, 6554623, -1, 3.2457424926757812e+02,
    1.7901849746704102e+01, 3.1225788593292236e+00,
    5.6288177490234375e+01, 1.4276512898504734e-02, 6554623, -1,
    3.7049493408203125e+02, 1.8388187408447266e+01,
    3.2222220897674561e+00, 1.0908149719238281e+02,
    2.0669361576437950e-02, 8848383, -1, 2.1943974304199219e+02,
    2.2487186431884766e+01, 3.3415348529815674e+00,
    3.3983612060546875e+01, 2.2312631830573082e-02, 11469823, -1,
    2.3139700317382812e+02, 2.4523223876953125e+01,
    3.3310265541076660e+00, 5.7312072753906250e+01,
    2.2659933194518089e-02, 11273215, -1, 3.0124478149414062e+02,
    2.5183050155639648e+01, 3.1796133518218994e+00,
    7.1823211669921875e+01, 1.9570408388972282e-02, 7865343, -1,
    2.0442549133300781e+02, 5.4351139068603516e+01,
    3.2461192607879639e+00, 3.2690979003906250e+01,
    1.6515674069523811e-02, 9372671, -1, 2.7598043823242188e+02,
    5.8566555023193359e+01, 3.5014004707336426e+00,
    2.0656185913085938e+02, 1.3907992281019688e-02, 14877695, -1,
    2.7628079223632812e+02, 8.6306152343750000e+01,
    3.2367227077484131e+00, 2.1121102905273438e+02,
    1.3487051241099834e-02, 9176063, -1, 2.8263815307617188e+02,
    9.4892555236816406e+01, 3.5072948932647705e+00,
    2.4621060180664062e+02, 1.3700239360332489e-02, 15008767, -1,
    2.6608645629882812e+02, 9.5513221740722656e+01,
    3.5009994506835938e+00, 4.7850769042968750e+01,
    2.0482983440160751e-02, 14877695, -1, 1.8995240783691406e+02,
    9.5849441528320312e+01, 3.4292244911193848e+00,
    6.4924316406250000e+00, 1.9030312076210976e-02, 13370367, -1,
    2.5754629516601562e+02, 9.6069366455078125e+01,
    2.9884390830993652e+00, 1.4791500854492188e+02,
    1.7141591757535934e-02, 3408895, -1, 2.4906961059570312e+02,
    9.9897842407226562e+01, 3.4579627513885498e+00,
    1.6340179443359375e+01, 1.3838795013725758e-02, 13960191, -1,
    2.6836410522460938e+02, 1.0016555023193359e+02,
    3.1372740268707275e+00, 2.4059512329101562e+02,
    1.4020727016031742e-02, 6947839, -1, 1.4579734802246094e+02,
    1.0137924957275391e+02, 2.9115326404571533e+00,
    3.0114242553710938e+02, 1.5076246112585068e-02, 1508351, -1,
    2.3244255065917969e+02, 1.0388446044921875e+02,
    2.8991973400115967e+00, 2.4346740722656250e+02,
    3.1050460413098335e-02, 1246207, -1, 3.0618640136718750e+02,
    1.0441331481933594e+02, 3.0173890590667725e+00,
    3.4973541259765625e+02, 1.4343597926199436e-02, 4129791, -1,
    2.4403865051269531e+02, 1.0654763031005859e+02,
    3.3214957714080811e+00, 3.2597970581054688e+02,
    1.9604010507464409e-02, 11076607, -1, 2.4403865051269531e+02,
    1.0654763031005859e+02, 3.3214957714080811e+00,
    8.0421295166015625e+01, 1.9604010507464409e-02, 11076607, -1,
    1.8936451721191406e+02, 1.0999221801757812e+02,
    3.4852912425994873e+00, 3.3234973144531250e+02,
    2.6367105543613434e-02, 14550015, -1, 2.7776028442382812e+02,
    1.1443795776367188e+02, 2.9945421218872070e+00,
    1.0213925170898438e+02, 1.7761921510100365e-02, 3539967, -1,
    2.8327871704101562e+02, 1.1456649780273438e+02,
    3.1793518066406250e+00, 9.5927124023437500e+01,
    2.1932145580649376e-02, 7865343, -1, 2.8852642822265625e+02,
    1.1494329833984375e+02, 3.2837307453155518e+00,
    9.3978179931640625e+01, 2.0023791119456291e-02, 10224639, -1,
    1.2719870758056641e+02, 1.1614550018310547e+02,
    3.0057446956634521e+00, 9.3161071777343750e+01,
    2.6815976947546005e-02, 3802111, -1, 2.9787243652343750e+02,
    1.1625482940673828e+02, 3.3871390819549561e+00,
    1.0017092895507812e+02, 2.9951343312859535e-02, 12452863, -1,
    1.7583895874023438e+02, 1.1928749847412109e+02,
    2.9646189212799072e+00, 2.8651309204101562e+02,
    1.3736860826611519e-02, 2819071, -1, 2.4403153991699219e+02,
    1.2024559020996094e+02, 2.9551610946655273e+00,
    7.6053192138671875e+01, 2.1482776850461960e-02, 2622463, -1,
    8.7604026794433594e+01, 1.2147236633300781e+02,
    3.4789254665374756e+00, 6.9553100585937500e+01,
    2.1683497354388237e-02, 14418943, -1, 2.0718307495117188e+02,
    1.3371986389160156e+02, 3.2195491790771484e+00,
    7.4684692382812500e+01, 2.6013283059000969e-02, 8782847, -1,
    3.2019644165039062e+02, 2.6012518310546875e+02,
    3.4864022731781006e+00, 1.7231306457519531e+02,
    2.7017328888177872e-02, 14550015, -1, 3.2940112304687500e+02,
    2.8165435791015625e+02, 3.1528086662292480e+00,
