%YAML:1.0
tag: [ 6.2990222930908203e+01, 1.7280888366699219e+02,
    4.3960704803466797e+00, 3.0440039062500000e+02,
    3.0048985034227371e-02, 14614784, -1, 8.0081031799316406e+01,
    6.4410552978515625e+01, 4.3340711593627930e+00,
    8.6025512695312500e+01, 3.9333589375019073e-02, 13566208, -1,
    1.3828416442871094e+02, 1.8480712890625000e+02,
    5.3275160789489746e+00, 2.3857206726074219e+02,
    2.5850767269730568e-02, 11796992, -1, 1.0971240997314453e+02,
    7.4342597961425781e+01, 5.1893162727355957e+00,
    1.1919122314453125e+02, 3.0727699398994446e-02, 9896448, -1,
    1.6942121887207031e+02, 9.9738555908203125e+01,
    8.5590906143188477e+00, 2.3303042602539062e+02,
    7.0101290941238403e-02, 12648705, -1, 1.6942121887207031e+02,
    9.9738555908203125e+01, 8.5590906143188477e+00,
    1.4355802917480469e+02, 7.0101290941238403e-02, 12648705, -1,
    1.1171043395996094e+02, 6.4532638549804688e+01,
    1.0642856597900391e+01, 1.1308499145507812e+02,
    5.7208687067031860e-02, 11731457, -1, 1.4752725219726562e+02,
    7.1684753417968750e+01, 1.0221892356872559e+01,
    1.1129319763183594e+02, 6.0893155634403229e-02, 8782337, -1,
    1.4387193298339844e+02, 5.1351924896240234e+01,
    1.8060316085815430e+01, 2.1511233520507812e+02,
    8.1980578601360321e-02, 16515330, -1, 1.4387193298339844e+02,
    5.1351924896240234e+01, 1.8060316085815430e+01,
    6.4784362792968750e+01, 8.1980578601360321e-02, 16515330, -1,
    6.7336204528808594e+01, 1.6673617553710938e+02,
    1.6854831695556641e+01, 2.8494979858398438e+02,
    3.2735068351030350e-02, 11534594, -1, 1.5865885925292969e+02,
    9.7981216430664062e+01, 1.8890363693237305e+01,
    2.1653358459472656e+02, 7.0392951369285583e-02, 3080706, -1,
    1.5865885925292969e+02, 9.7981216430664062e+01,
    1.8890363693237305e+01, 1.3195101928710938e+02,
    7.0392951369285583e-02, 3080706, -1 ]
