%YAML:1.0
tag: [ 1.0812875976562500e+03, 5.1731134033203125e+02,
    8.7437963485717773e+00, 2.2818161010742188e+02,
    3.8578182458877563e-02, 14221569, -1, 1.1031351318359375e+03,
    1.0459958496093750e+03, 2.6315820693969727e+01,
    1.9235195922851562e+02, 3.6399222910404205e-02, 10355458, -1,
    1.1031351318359375e+03, 1.0459958496093750e+03,
    2.6315820693969727e+01, 1.2512521362304688e+02,
    3.6399222910404205e-02, 10355458, -1, 7.3630871582031250e+02,
    1.9832856750488281e+02, 1.3192735290527344e+02,
    1.9818481445312500e+02, 5.4088313132524490e-02, 9961733, -1,
    7.3630871582031250e+02, 1.9832856750488281e+02,
    1.3192735290527344e+02, 4.6066711425781250e+01,
    5.4088313132524490e-02, 9961733, -1, 2.9718139648437500e+02,
    5.5246356201171875e+02, 2.2418113708496094e+02,
    7.5049224853515625e+01, 3.2383441925048828e-02, 14877445, -1,
    3.0929580688476562e+02, 5.7818322753906250e+02,
    2.5184104919433594e+02, 6.8695251464843750e+01,
    3.1890396028757095e-02, 6619398, -1 ]
