%YAML:1.0
tag: [ 1.6037411499023438e+02, 1.4698356628417969e+02,
    1.9901827573776245e+00, 3.2221340942382812e+02,
    1.8613146618008614e-02, 7406079, -1, 1.6094834899902344e+02,
    1.7918803405761719e+02, 2.0493474006652832e+00,
    2.1118582153320312e+02, 2.0239651203155518e-02, 9568767, -1,
    1.6094834899902344e+02, 1.7918803405761719e+02,
    2.0493474006652832e+00, 2.8936157226562500e+01,
    2.0239651203155518e-02, 9568767, -1, 1.5850405883789062e+02,
    1.8366801452636719e+02, 2.2817170619964600e+00,
    3.3319335937500000e+01, 2.1160883828997612e-02, 590591, -1,
    1.1820507812500000e+02, 1.8405504226684570e+01,
    2.4560601711273193e+00, 2.4161526489257812e+02,
    2.4514641612768173e-02, 5899007, -1, 1.1820507812500000e+02,
    1.8405504226684570e+01, 2.4560601711273193e+00,
    6.6200653076171875e+01, 2.4514641612768173e-02, 5899007, -1,
    1.0943771362304688e+02, 2.4421455383300781e+01,
    2.5138807296752930e+00, 2.3022463989257812e+02,
    2.0751865580677986e-02, 7602943, -1, 1.0943771362304688e+02,
    2.4421455383300781e+01, 2.5138807296752930e+00,
    4.8379608154296875e+01, 2.0751865580677986e-02, 7602943, -1,
    3.2490371704101562e+01, 7.3945526123046875e+01,
    2.6916406154632568e+00, 2.2330505371093750e+02,
    2.1286798641085625e-02, 12583679, -1, 3.2490371704101562e+01,
    7.3945526123046875e+01, 2.6916406154632568e+00,
    4.4183624267578125e+01, 2.1286798641085625e-02, 12583679, -1,
    1.6484249877929688e+02, 8.3639579772949219e+01,
    2.7635016441345215e+00, 3.9903198242187500e+01,
    2.0053975284099579e-02, 14484223, -1, 1.5867980957031250e+02,
    1.4994284057617188e+02, 2.4984118938446045e+00,
    3.0883831787109375e+02, 1.5756940469145775e-02, 7144191, -1,
    1.5079461669921875e+02, 1.9358291625976562e+02,
    2.6353068351745605e+00, 2.1915798950195312e+02,
    1.7759945243597031e-02, 11010815, -1, 1.5079461669921875e+02,
    1.9358291625976562e+02, 2.6353068351745605e+00,
    4.6894866943359375e+01, 1.7759945243597031e-02, 11010815, -1,
    1.4459890747070312e+02, 2.0455839538574219e+02,
    2.7358984947204590e+00, 2.3526808166503906e+02,
    2.5620738044381142e-02, 13763327, -1, 1.4459890747070312e+02,
    2.0455839538574219e+02, 2.7358984947204590e+00,
    5.2985351562500000e+01, 2.5620738044381142e-02, 13763327, -1,
    1.2967266845703125e+02, 3.4879886627197266e+01,
    3.4291863441467285e+00, 2.4023681640625000e+01,
    2.3212546482682228e-02, 13370367, -1, 9.8731193542480469e+01,
    4.9136314392089844e+01, 3.5166225433349609e+00,
    2.5948812866210938e+02, 2.4429695680737495e-02, 15205375, -1,
    1.0046961212158203e+02, 5.3702232360839844e+01,
    3.2667605876922607e+00, 2.5971087646484375e+02,
    2.4207321926951408e-02, 9831423, -1, 1.0350726318359375e+02,
    6.2869510650634766e+01, 3.4163377285003662e+00,
    7.2098937988281250e+01, 2.0245749503374100e-02, 13108223, -1,
    1.6169967651367188e+02, 6.6908851623535156e+01,
    2.9332933425903320e+00, 3.1004312133789062e+02,
    1.3460966758430004e-02, 2032639, -1, 2.3722116470336914e+01,
    8.5470664978027344e+01, 3.1980597972869873e+00,
    2.1062921142578125e+02, 2.0198138430714607e-02, 8324095, -1,
    2.3722116470336914e+01, 8.5470664978027344e+01,
    3.1980597972869873e+00, 3.0952026367187500e+01,
    2.0198138430714607e-02, 8324095, -1, 1.6140144348144531e+02,
    8.6571525573730469e+01, 2.9678051471710205e+00,
    4.6874206542968750e+01, 2.2321918979287148e-02, 2884607, -1,
    1.5097431945800781e+02, 1.0131148529052734e+02,
    2.9156570434570312e+00, 2.1866607666015625e+01,
    1.8785748630762100e-02, 1639423, -1, 7.9865158081054688e+01,
    1.0389124298095703e+02, 3.3762423992156982e+00,
    2.3540182495117188e+02, 1.4399772509932518e-02, 12256255, -1,
    7.9865158081054688e+01, 1.0389124298095703e+02,
    3.3762423992156982e+00, 4.9419372558593750e+01,
    1.4399772509932518e-02, 12256255, -1, 4.4928119659423828e+01,
    1.3188417053222656e+02, 3.1673133373260498e+00,
    2.2126750183105469e+02, 1.5729872509837151e-02, 7603199, -1,
    2.6345691680908203e+01, 1.5943859863281250e+02,
    3.0834786891937256e+00, 2.1686215209960938e+02,
    2.5576299056410789e-02, 5702655, -1, 1.5356253051757812e+02,
    1.8997357177734375e+02, 2.8510143756866455e+00,
    4.1260864257812500e+01, 1.9080679863691330e-02, 1023, -1,
    1.4409098815917969e+02, 2.0022633361816406e+02,
    3.1365730762481689e+00, 2.2941876220703125e+02,
    2.0295184105634689e-02, 6882303, -1, 1.4409098815917969e+02,
    2.0022633361816406e+02, 3.1365730762481689e+00,
    6.0604370117187500e+01, 2.0295184105634689e-02, 6882303, -1,
    4.7487789154052734e+01, 2.0047045898437500e+02,
    3.1603598594665527e+00, 1.3470046997070312e+02,
    1.9307263195514679e-02, 7472127, -1, 5.5016845703125000e+01,
    2.0684645080566406e+02, 3.0597579479217529e+00,
    1.2426222229003906e+02, 2.2483099251985550e-02, 5112831, -1,
    1.4040138244628906e+02, 2.0738401794433594e+02,
    3.3627667427062988e+00, 6.4507171630859375e+01,
    2.3615628480911255e-02, 11928575, -1, 7.8277374267578125e+01,
    2.0864643859863281e+02, 3.3411071300506592e+00,
    7.3207519531250000e+01, 2.4825211614370346e-02, 11469823, -1,
    1.3402655029296875e+02, 2.0947239685058594e+02,
    3.5010650157928467e+00, 2.6026489257812500e+02,
    2.5453289970755577e-02, 14877695, -1, 1.3402655029296875e+02,
    2.0947239685058594e+02, 3.5010650157928467e+00,
    7.9363922119140625e+01, 2.5453289970755577e-02, 14877695, -1,
    9.9111579895019531e+01, 4.8747394561767578e+01,
    3.8044872283935547e+00, 2.5904827880859375e+02,
    2.4649504572153091e-02, 4129024, -1, 6.0375095367431641e+01,
    1.2124758911132812e+02, 3.9144141674041748e+00,
    2.2925317382812500e+02, 2.0412713289260864e-02, 6226176, -1,
    4.8972103118896484e+01, 1.2655524444580078e+02,
    3.7156364917755127e+00, 2.2258981323242188e+02,
    1.3822400942444801e-02, 2425088, -1, 5.4992118835449219e+01,
    1.2681311035156250e+02, 3.8601284027099609e+00,
    2.2649429321289062e+02, 2.3244032636284828e-02, 5177600, -1,
    3.1595216751098633e+01, 1.4938250732421875e+02,
    4.0274939537048340e+00, 2.1915716552734375e+02,
    1.8654741346836090e-02, 8257792, -1, 2.8267879486083984e+01,
    1.6528572082519531e+02, 5.6416645050048828e+00,
    2.1774952697753906e+02, 4.4775549322366714e-02, 15925760, -1,
    2.8267879486083984e+01, 1.6528572082519531e+02,
    5.6416645050048828e+00, 1.6152484130859375e+02,
    4.4775549322366714e-02, 15925760, -1, 2.1293119430541992e+01,
    1.6903099060058594e+02, 5.4705801010131836e+00,
    1.5820167541503906e+02, 1.4796204864978790e-02, 13697536, -1,
    9.2173103332519531e+01, 2.0939509582519531e+02,
    4.8802847862243652e+00, 7.7933288574218750e+01,
    1.3861144892871380e-02, 5440000, -1, 8.8622192382812500e+01,
    5.9644432067871094e+01, 6.1972236633300781e+00,
    1.7622857666015625e+02, 1.6034526750445366e-02, 6030080, -1,
    1.5500018310546875e+02, 7.9576660156250000e+01,
    2.1671415328979492e+01, 1.8918090820312500e+01,
    1.5399685129523277e-02, 13042178, -1, 1.4298846435546875e+02,
    1.6805418395996094e+02, 3.5202754974365234e+01,
    3.3213671875000000e+02, 2.3668581619858742e-02, 14680323, -1,
    1.4298846435546875e+02, 1.6805418395996094e+02,
    3.5202754974365234e+01, 3.3367340087890625e+01,
    2.3668581619858742e-02, 14680323, -1 ]
