%YAML:1.0
tag: [ 3.6636550903320312e+02, 8.2473815917968750e+01,
    6.6365776062011719e+01, 2.1777090454101562e+02,
    1.5216967090964317e-02, 10420484, -1, 3.6636550903320312e+02,
    8.2473815917968750e+01, 6.6365776062011719e+01,
    2.1302642822265625e+01, 1.5216967090964317e-02, 10420484, -1 ]
