%YAML:1.0
tag: [ 8.9512493896484375e+02, 3.9466223144531250e+02,
    4.5192031860351562e+00, 5.4666870117187500e+01,
    1.9909599795937538e-02, 16580864, -1, 9.5718444824218750e+02,
    1.0343107910156250e+03, 5.4677453041076660e+00,
    8.5054962158203125e+01, 7.7299758791923523e-02, 13697536, -1,
    9.5718444824218750e+02, 1.0343107910156250e+03,
    5.4677453041076660e+00, 6.3610229492187500e+00,
    7.7299758791923523e-02, 13697536, -1, 9.5732189941406250e+02,
    1.0448931884765625e+03, 5.7003779411315918e+00,
    3.5543835449218750e+02, 7.7402561902999878e-02, 16712192, -1,
    9.5732189941406250e+02, 1.0448931884765625e+03,
    5.7003779411315918e+00, 2.7418841552734375e+02,
    7.7402561902999878e-02, 16712192, -1, 9.8126068115234375e+02,
    1.0566223144531250e+03, 4.8900446891784668e+00,
    3.4268713378906250e+02, 6.9650933146476746e-02, 5636608, -1,
    9.8126068115234375e+02, 1.0566223144531250e+03,
    4.8900446891784668e+00, 3.3409362792968750e+01,
    6.9650933146476746e-02, 5636608, -1, 9.6262799072265625e+02,
    1.0526750488281250e+03, 6.0942826271057129e+00,
    2.7014172363281250e+02, 8.2027584314346313e-02, 4784896, -1,
    9.5799932861328125e+02, 1.0611354980468750e+03,
    6.4714951515197754e+00, 6.3294982910156250e+00,
    7.7194243669509888e-02, 9175808, -1, 9.4975451660156250e+02,
    1.0768306884765625e+03, 6.4892210960388184e+00,
    4.6625061035156250e+00, 1.1606965959072113e-01, 9372416, -1,
    9.4975451660156250e+02, 1.0768306884765625e+03,
    6.4892210960388184e+00, 1.7562654113769531e+02,
    1.1606965959072113e-01, 9372416, -1, 9.8298419189453125e+02,
    1.0767039794921875e+03, 6.3774247169494629e+00,
    3.4115277099609375e+02, 1.1231320351362228e-01, 8127232, -1,
    9.8298419189453125e+02, 1.0767039794921875e+03,
    6.3774247169494629e+00, 1.4701475524902344e+02,
    1.1231320351362228e-01, 8127232, -1, 8.9569897460937500e+02,
    3.9181866455078125e+02, 7.6069769859313965e+00,
    5.8772460937500000e+01, 1.9434213638305664e-02, 4129025, -1,
    9.5093389892578125e+02, 1.0284265136718750e+03,
    8.1276903152465820e+00, 1.8478025817871094e+02,
    1.0194694995880127e-01, 8913153, -1, 9.9374023437500000e+02,
    1.0776618652343750e+03, 8.0515623092651367e+00,
    2.2079074096679688e+02, 6.4710251986980438e-02, 8257793, -1,
    9.3564898681640625e+02, 1.0309930419921875e+03,
    1.2721898078918457e+01, 1.8202365112304688e+02,
    6.3976369798183441e-02, 7930625, -1, 9.3564898681640625e+02,
    1.0309930419921875e+03, 1.2721898078918457e+01,
    3.8429687500000000e+01, 6.3976369798183441e-02, 7930625, -1,
    9.5160870361328125e+02, 1.0526801757812500e+03,
    9.8998594284057617e+00, 1.8012550354003906e+02,
    9.0210586786270142e-02, 6488577, -1, 9.6248797607421875e+02,
    1.0644362792968750e+03, 1.0345030784606934e+01,
    1.3999281311035156e+02, 8.2680493593215942e-02, 9634305, -1,
    9.6248797607421875e+02, 1.0644362792968750e+03,
    1.0345030784606934e+01, 1.3635803222656250e+01,
    8.2680493593215942e-02, 9634305, -1, 9.9429821777343750e+02,
    1.0749515380859375e+03, 9.3516693115234375e+00,
    2.1896827697753906e+02, 6.3708305358886719e-02, 2359809, -1,
    9.6544097900390625e+02, 1.0399418945312500e+03,
    1.1773597717285156e+01, 2.6046136474609375e+02,
    1.0153313726186752e-01, 2294529, -1, 9.3504229736328125e+02,
    1.0711817626953125e+03, 1.2897023200988770e+01,
    3.2418304443359375e+02, 6.2440969049930573e-02, 8913665, -1,
    9.3504229736328125e+02, 1.0711817626953125e+03,
    1.2897023200988770e+01, 1.7753028869628906e+02,
    6.2440969049930573e-02, 8913665, -1, 3.3896492004394531e+01,
    5.4992712402343750e+02, 2.3352323532104492e+01,
    1.9301881408691406e+02, 2.0263180136680603e-02, 1704706, -1,
    8.2271173095703125e+02, 6.9139123535156250e+02,
    2.6864273071289062e+01, 3.2755355834960938e+02,
    2.8286721557378769e-02, 11862786, -1, 3.9570148468017578e+01,
    5.5464733886718750e+02, 3.1484329223632812e+01,
    1.9424790954589844e+02, 1.9874658435583115e-02, 6619395, -1,
    5.1544399261474609e+01, 6.9943231201171875e+02,
    3.7060894012451172e+01, 1.7450636291503906e+02,
    3.3186927437782288e-02, 1704451, -1, 9.4034973144531250e+02,
    8.1840338134765625e+02, 3.6056793212890625e+01,
    3.0435968017578125e+02, 4.3509218841791153e-02, 16449795, -1,
    9.4034973144531250e+02, 8.1840338134765625e+02,
    3.6056793212890625e+01, 1.9671997070312500e+01,
    4.3509218841791153e-02, 16449795, -1, 4.3609906005859375e+02,
    2.4880680847167969e+02, 5.7094490051269531e+01,
    2.8317736816406250e+02, 2.5508321821689606e-02, 16253699, -1,
    9.5743347167968750e+02, 1.0272982177734375e+03,
    4.8365379333496094e+01, 2.7383792114257812e+02,
    3.2399307936429977e-02, 4260611, -1, 4.2748638916015625e+02,
    2.3760910034179688e+02, 6.7659034729003906e+01,
    2.8006292724609375e+02, 2.5291426107287407e-02, 11796740, -1,
    9.1309735107421875e+02, 8.3122888183593750e+02,
    6.6301261901855469e+01, 3.1347634887695312e+02,
    4.2751055210828781e-02, 10354948, -1, 9.1309735107421875e+02,
    8.3122888183593750e+02, 6.6301261901855469e+01,
    2.3880493164062500e+01, 4.2751055210828781e-02, 10354948, -1,
    8.1932104492187500e+02, 3.4179217529296875e+02,
    1.0702451324462891e+02, 2.9317071533203125e+02,
    3.2837301492691040e-02, 11535108, -1, 2.6244696044921875e+02,
    3.2726898193359375e+02, 1.1694747161865234e+02,
    2.5889675903320312e+02, 3.0160930007696152e-02, 1245445, -1,
    2.2557760620117188e+02, 8.2050274658203125e+02,
    2.0370368957519531e+02, 1.5043287658691406e+02,
    3.5251453518867493e-02, 7996165, -1 ]
