%YAML:1.0
tag: [ 5.8732879638671875e+02, 6.5533190917968750e+02,
    3.0137946605682373e+00, 3.3369885253906250e+02,
    4.4587135314941406e-02, 3998719, -1, 5.8486596679687500e+02,
    6.4843414306640625e+02, 3.8712849617004395e+00,
    2.5044891357421875e+01, 6.8502597510814667e-02, 5439744, -1,
    5.6559191894531250e+02, 6.5938641357421875e+02,
    3.8645482063293457e+00, 5.0533447265625000e+00,
    1.1781367659568787e-01, 5308672, -1, 5.8445556640625000e+02,
    6.5912927246093750e+02, 4.0750589370727539e+00,
    1.4792710876464844e+02, 1.1397115141153336e-01, 9109760, -1,
    5.9116271972656250e+02, 6.5930120849609375e+02,
    4.9725580215454102e+00, 2.2011254882812500e+02,
    7.0701412856578827e-02, 6816256, -1, 5.6632171630859375e+02,
    6.3189373779296875e+02, 4.8189792633056641e+00,
    1.8505180358886719e+02, 1.0831234604120255e-01, 4522496, -1,
    5.7894537353515625e+02, 6.4679058837890625e+02,
    5.5728297233581543e+00, 2.5547702026367188e+02,
    9.4852901995182037e-02, 15073792, -1, 5.7894537353515625e+02,
    6.4679058837890625e+02, 5.5728297233581543e+00,
    1.3427336120605469e+02, 9.4852901995182037e-02, 15073792, -1,
    5.7894537353515625e+02, 6.4679058837890625e+02,
    5.5728297233581543e+00, 1.3739318847656250e+01,
    9.4852901995182037e-02, 15073792, -1, 5.5773217773437500e+02,
    6.3216827392578125e+02, 6.8634943962097168e+00,
    1.8220892333984375e+02, 7.1076542139053345e-02, 13435648, -1,
    5.5773217773437500e+02, 6.3216827392578125e+02,
    6.8634943962097168e+00, 3.9765655517578125e+01,
    7.1076542139053345e-02, 13435648, -1, 5.6662823486328125e+02,
    6.4591247558593750e+02, 5.8208146095275879e+00,
    1.7985919189453125e+02, 9.8640426993370056e-02, 1508096, -1,
    5.7307092285156250e+02, 6.5300714111328125e+02,
    6.0820813179016113e+00, 1.3965826416015625e+02,
    9.0650171041488647e-02, 4653824, -1, 5.7307092285156250e+02,
    6.5300714111328125e+02, 6.0820813179016113e+00,
    1.6743499755859375e+01, 9.0650171041488647e-02, 4653824, -1,
    5.9140484619140625e+02, 6.5749359130859375e+02,
    5.8649835586547852e+00, 3.3997128295898438e+02,
    6.9972492754459381e-02, 2032384, -1, 5.9140484619140625e+02,
    6.5749359130859375e+02, 5.8649835586547852e+00,
    2.1582794189453125e+02, 6.9972492754459381e-02, 2032384, -1,
    5.8047845458984375e+02, 6.6571929931640625e+02,
    5.9773640632629395e+00, 2.5550831604003906e+02,
    6.4307384192943573e-02, 3408640, -1, 5.3392999267578125e+02,
    2.6105212402343750e+02, 9.4028968811035156e+00,
    6.0507690429687500e+01, 2.5248708203434944e-02, 2753025, -1,
    5.7483166503906250e+02, 6.6223760986328125e+02,
    9.5147848129272461e+00, 2.7378189086914062e+02,
    7.4914388358592987e-02, 3604993, -1, 5.7483166503906250e+02,
    6.6223760986328125e+02, 9.5147848129272461e+00,
    1.1683587646484375e+02, 7.4914388358592987e-02, 3604993, -1,
    5.7483166503906250e+02, 6.6223760986328125e+02,
    9.5147848129272461e+00, 6.4365112304687500e+01,
    7.4914388358592987e-02, 3604993, -1, 4.7902877807617188e+02,
    3.5519720458984375e+02, 1.3645060539245605e+01,
    3.5898352050781250e+02, 2.6329604908823967e-02, 12976897, -1,
    4.9169430541992188e+02, 4.3742160034179688e+02,
    1.5875909805297852e+01, 3.2787557983398438e+02,
    3.4860625863075256e-02, 7209218, -1, 5.3649114990234375e+02,
    2.8072274780273438e+02, 2.1098028182983398e+01,
    5.5089721679687500e+01, 2.1442307159304619e-02, 11076098, -1,
    3.0835498046875000e+02, 1.7002732849121094e+02,
    2.7224355697631836e+01, 1.8689813232421875e+02,
    4.0709160268306732e-02, 12780290, -1, 5.2430377197265625e+02,
    2.4559742736816406e+02, 3.5885604858398438e+01,
    3.1116189575195312e+02, 4.5027136802673340e-02, 16056579, -1,
    5.2430377197265625e+02, 2.4559742736816406e+02,
    3.5885604858398438e+01, 5.0151367187500000e+01,
    4.5027136802673340e-02, 16056579, -1, 4.8059162139892578e+01,
    3.6720620727539062e+02, 3.3217037200927734e+01,
    1.8851676940917969e+02, 2.7819395065307617e-02, 10486019, -1,
    5.9679473876953125e+01, 4.5267102050781250e+02,
    3.9238239288330078e+01, 1.7014010620117188e+02,
    4.1388828307390213e-02, 5833219, -1, 5.3898052978515625e+02,
    4.4840200805664062e+02, 4.1709949493408203e+01,
    3.1821392822265625e+02, 3.6521222442388535e-02, 10224131, -1,
    5.4123388671875000e+02, 5.1920367431640625e+02,
    4.3705738067626953e+01, 3.1556680297851562e+02,
    5.4619669914245605e-02, 13632003, -1, 5.4123388671875000e+02,
    5.1920367431640625e+02, 4.3705738067626953e+01,
    2.4220001220703125e+01, 5.4619669914245605e-02, 13632003, -1,
    3.7065213012695312e+02, 9.7384368896484375e+01,
    6.5034309387207031e+01, 2.2806512451171875e+02,
    5.5082093924283981e-02, 8913156, -1, 4.9103570556640625e+02,
    2.3824981689453125e+02, 6.3364101409912109e+01,
    2.9948812866210938e+02, 4.5249532908201218e-02, 7078148, -1,
    4.7648333740234375e+02, 5.2688183593750000e+02,
    1.0535169982910156e+02, 3.2273287963867188e+02,
    5.1055073738098145e-02, 10420996, -1 ]
