%YAML:1.0
tag: [ 1.8147909545898438e+02, 1.8121891784667969e+02,
    2.8765382766723633e+00, 3.0869763183593750e+02,
    1.5442569740116596e-02, 656383, -1, 1.7435784912109375e+02,
    1.7502648925781250e+02, 3.1355950832366943e+00,
    3.1889236450195312e+02, 1.5975028276443481e-02, 6882303, -1,
    1.7797520446777344e+02, 1.7862379455566406e+02,
    3.1658694744110107e+00, 3.1122839355468750e+02,
    1.4449233189225197e-02, 7603199, -1, 5.6920055389404297e+01,
    2.3979151916503906e+02, 3.8713505268096924e+00,
    1.2652285766601562e+02, 3.1448967754840851e-02, 5439744, -1,
    1.4918934631347656e+02, 2.4691842651367188e+02,
    3.9645531177520752e+00, 7.8384246826171875e+01,
    2.4155296385288239e-02, 7143680, -1, 1.8549221038818359e+01,
    1.5935513305664062e+02, 6.1407818794250488e+00,
    1.7335739135742188e+02, 2.7259977534413338e-02, 5374720, -1,
    1.8535569763183594e+02, 1.8569377136230469e+02,
    4.9972667694091797e+00, 3.1214126586914062e+02,
    2.3270059376955032e-02, 7143936, -1, 1.8535569763183594e+02,
    1.8569377136230469e+02, 4.9972667694091797e+00,
    6.3356933593750000e+00, 2.3270059376955032e-02, 7143936, -1,
    1.7515748977661133e+01, 1.1074494171142578e+02,
    1.0501634597778320e+01, 1.9404748535156250e+02,
    1.6299895942211151e-02, 10748417, -1, 1.4142858886718750e+02,
    2.3712800598144531e+02, 1.3345375061035156e+01,
    9.9871887207031250e+01, 3.7855684757232666e-02, 11404033, -1,
    1.2242289733886719e+02, 8.0984054565429688e+01,
    1.7381029129028320e+01, 2.5935067749023438e+02,
    1.5747431665658951e-02, 13762818, -1, 1.1735237884521484e+02,
    3.9329559326171875e+01, 2.0237745285034180e+01,
    2.0275456237792969e+02, 2.8251502662897110e-02, 8061442, -1,
    1.3142735290527344e+02, 1.0321589660644531e+02,
    4.1813121795654297e+01, 3.2692486572265625e+02,
    1.8700391054153442e-02, 10420739, -1, 1.3142735290527344e+02,
    1.0321589660644531e+02, 4.1813121795654297e+01,
    2.5413690185546875e+02, 1.8700391054153442e-02, 10420739, -1,
    6.4045104980468750e+01, 1.9735385131835938e+02,
    4.7156024932861328e+01, 1.5269447326660156e+02,
    5.3832475095987320e-02, 2425603, -1 ]
