%YAML:1.0
tag: [ 1.7028903198242188e+02, 1.5357185363769531e+02,
    3.5089428424835205e+00, 3.1110900878906250e+02,
    1.4703134074807167e-02, 15008767, -1, 1.5808261108398438e+02,
    1.3683537292480469e+02, 3.8570344448089600e+00,
    3.4164712524414062e+02, 2.3638391867280006e-02, 5177600, -1,
    1.0803874969482422e+02, 3.3242649078369141e+01,
    5.3840885162353516e+00, 2.0908235168457031e+02,
    1.6806662082672119e-02, 12583424, -1, 1.0566267395019531e+02,
    2.3685598373413086e+01, 6.7788324356079102e+00,
    2.1758837890625000e+02, 1.5403172001242638e-02, 12518144, -1,
    1.7125169372558594e+02, 7.7725860595703125e+01,
    9.5200452804565430e+00, 3.1535092163085938e+02,
    1.5854712575674057e-02, 3670529, -1, 1.7125169372558594e+02,
    7.7725860595703125e+01, 9.5200452804565430e+00,
    2.5721099853515625e+01, 1.5854712575674057e-02, 3670529, -1,
    1.5537022399902344e+02, 1.3599411010742188e+02,
    8.1748847961425781e+00, 3.4219412231445312e+02,
    2.3327127099037170e-02, 9371905, -1, 1.5549559020996094e+02,
    9.5679183959960938e+01, 1.1648997306823730e+01,
    1.1517913818359375e+01, 1.7458096146583557e-02, 1573633, -1,
    2.1994756698608398e+01, 1.0691221618652344e+02,
    1.0092688560485840e+01, 1.9603359985351562e+02,
    1.9436253234744072e-02, 7864833, -1, 1.7482762145996094e+02,
    1.6600114440917969e+02, 1.2411385536193848e+01,
    3.2716174316406250e+02, 2.5478783994913101e-02, 6095617, -1,
    1.7482762145996094e+02, 1.6600114440917969e+02,
    1.2411385536193848e+01, 1.0217773437500000e+01,
    2.5478783994913101e-02, 6095617, -1, 1.1780175018310547e+02,
    3.4739906311035156e+01, 2.0382619857788086e+01,
    2.1351075744628906e+02, 3.9163067936897278e-02, 8585730, -1,
    1.2623947143554688e+02, 9.7911102294921875e+01,
    4.4795253753662109e+01, 3.3704089355468750e+02,
    3.2128762453794479e-02, 15401475, -1, 6.4682342529296875e+01,
    1.7605610656738281e+02, 4.4368721008300781e+01,
    1.4224597167968750e+02, 6.2136005610227585e-02, 14680579, -1,
    1.3549740600585938e+02, 1.7915452575683594e+02,
    4.2438625335693359e+01, 3.4021755981445312e+02,
    5.9725381433963776e-02, 11469315, -1 ]
