%YAML:1.0
tag: [ 1.3087229919433594e+02, 9.0978134155273438e+01,
    6.3694233894348145e+00, 1.8012884521484375e+02,
    8.4680981934070587e-02, 7996160, -1, 1.3205279541015625e+02,
    8.9403175354003906e+01, 7.9142394065856934e+00,
    1.8131791687011719e+02, 8.3753407001495361e-02, 7012609, -1,
    2.4944520568847656e+02, 2.4661430358886719e+02,
    8.6008253097534180e+00, 3.0574340820312500e+02,
    7.9875178635120392e-02, 13041921, -1, 2.4944520568847656e+02,
    2.4661430358886719e+02, 8.6008253097534180e+00,
    1.3812377929687500e+01, 7.9875178635120392e-02, 13041921, -1,
    2.4550575256347656e+02, 2.4846813964843750e+02,
    1.3812927246093750e+01, 3.1354394531250000e+02,
    7.8596584498882294e-02, 13894401, -1, 2.4550575256347656e+02,
    2.4846813964843750e+02, 1.3812927246093750e+01,
    1.8714263916015625e+01, 7.8596584498882294e-02, 13894401, -1,
    1.1381667327880859e+02, 8.6477844238281250e+01,
    2.0264547348022461e+01, 2.7708322143554688e+02,
    7.5142055749893188e-02, 8192514, -1, 2.4409826660156250e+02,
    2.4923005676269531e+02, 1.5254631042480469e+01,
    3.1599023437500000e+02, 7.8030355274677277e-02, 4325634, -1,
    2.1477667236328125e+02, 1.1921735382080078e+02,
    3.3863330841064453e+01, 2.9367449951171875e+02,
    8.8408209383487701e-02, 11862275, -1, 2.1477667236328125e+02,
    1.1921735382080078e+02, 3.3863330841064453e+01,
    1.8011932373046875e+01, 8.8408209383487701e-02, 11862275, -1,
    1.9840167236328125e+02, 2.7361157226562500e+02,
    5.4412933349609375e+01, 4.7235534667968750e+01,
    6.8308740854263306e-02, 12780291, -1 ]
