%YAML:1.0
tag: [ 9.8302911376953125e+02, 8.8751208496093750e+02,
    2.2070640563964844e+01, 3.0459466552734375e+02,
    1.8340885639190674e-02, 14352898, -1, 9.8302911376953125e+02,
    8.8751208496093750e+02, 2.2070640563964844e+01,
    1.5803039550781250e+01, 1.8340885639190674e-02, 14352898, -1,
    2.6486996459960938e+02, 4.4616964721679688e+02,
    2.0419645690917969e+02, 2.4853973388671875e+02,
    1.6484586521983147e-02, 8127237, -1, 4.1847351074218750e+02,
    6.0311297607421875e+02, 4.1926196289062500e+02,
    2.5065365600585938e+02, 1.6435116529464722e-02, 10027782, -1 ]
