%YAML:1.0
tag: [ 8.9100173950195312e+01, 1.7622875213623047e+01,
    3.3694176673889160e+00, 2.4101501464843750e+01,
    3.4619081765413284e-02, 12059647, -1, 7.0747848510742188e+01,
    2.3391500473022461e+01, 3.2009150981903076e+00,
    2.0912370300292969e+02, 1.3416679576039314e-02, 8389631, -1,
    1.0714179992675781e+02, 3.8026153564453125e+01,
    3.4358639717102051e+00, 2.9125576782226562e+02,
    2.8834540396928787e-02, 13501439, -1, 2.3422193527221680e+01,
    5.4916305541992188e+01, 3.0337316989898682e+00,
    2.2729112243652344e+02, 2.8659090399742126e-02, 4523007, -1,
    1.1239060211181641e+02, 1.2265689849853516e+02,
    3.3169109821319580e+00, 3.0128936767578125e+01,
    3.5293634980916977e-02, 10945535, -1, 7.3569808959960938e+01,
    1.8975437164306641e+01, 4.0890355110168457e+00,
    2.1867767333984375e+02, 1.3853293843567371e-02, 9371904, -1,
    1.0078144073486328e+02, 1.3613801574707031e+02,
    4.1038923263549805e+00, 5.3949707031250000e+01,
    4.1014898568391800e-02, 9634048, -1, 9.1555099487304688e+01,
    8.3132791519165039e+00, 3.7910087108612061e+00,
    6.8347473144531250e+00, 4.9672607332468033e-02, 3932416, -1,
    8.0874641418457031e+01, 1.1909387588500977e+01,
    4.7024722099304199e+00, 2.3048382568359375e+02,
    1.4167095534503460e-02, 2753024, -1, 8.1662528991699219e+01,
    2.6235967636108398e+01, 4.6256704330444336e+00,
    4.6297424316406250e+01, 3.7710953503847122e-02, 1573376, -1,
    7.1017532348632812e+01, 3.0907697677612305e+01,
    6.0446143150329590e+00, 2.0041654968261719e+02,
    5.3776219487190247e-02, 4195072, -1, 7.1017532348632812e+01,
    3.0907697677612305e+01, 6.0446143150329590e+00,
    6.8807495117187500e+01, 5.3776219487190247e-02, 4195072, -1,
    1.1269789123535156e+02, 4.9148334503173828e+01,
    6.7567596435546875e+00, 3.1434237670898438e+02,
    6.1998948454856873e-02, 12256000, -1, 1.1269789123535156e+02,
    4.9148334503173828e+01, 6.7567596435546875e+00,
    4.2295288085937500e+01, 6.1998948454856873e-02, 12256000, -1,
    8.7480140686035156e+01, 3.2141750335693359e+01,
    8.2521858215332031e+00, 2.6376846313476562e+02,
    3.8713626563549042e-02, 10027265, -1, 8.7480140686035156e+01,
    3.2141750335693359e+01, 8.2521858215332031e+00,
    3.7896057128906250e+01, 3.8713626563549042e-02, 10027265, -1,
    1.1412850189208984e+02, 1.0991549682617188e+02,
    1.0049352645874023e+01, 3.2323156738281250e+02,
    4.6080235391855240e-02, 7537153, -1, 1.1412850189208984e+02,
    1.0991549682617188e+02, 1.0049352645874023e+01,
    2.2666351318359375e+01, 4.6080235391855240e-02, 7537153, -1,
    4.2925853729248047e+01, 1.3385989379882812e+02,
    1.0706218719482422e+01, 1.2970144653320312e+02,
    4.0072195231914520e-02, 12124673, -1, 8.4175041198730469e+01,
    1.6993909835815430e+01, 1.2911295890808105e+01,
    2.2773023986816406e+02, 4.2005199939012527e-02, 8979201, -1,
    8.4175041198730469e+01, 1.6993909835815430e+01,
    1.2911295890808105e+01, 1.8151611328125000e+01,
    4.2005199939012527e-02, 8979201, -1, 9.9482025146484375e+01,
    1.1538830566406250e+02, 2.3852025985717773e+01,
    3.3350009155273438e+02, 4.3843880295753479e-02, 3212034, -1,
    9.9482025146484375e+01, 1.1538830566406250e+02,
    2.3852025985717773e+01, 3.9436523437500000e+01,
    4.3843880295753479e-02, 3212034, -1 ]
