%YAML:1.0
tag: [ 3.1505178833007812e+02, 1.4379603576660156e+02,
    9.0020837783813477e+00, 3.2069995117187500e+02,
    2.1404493600130081e-02, 16318721, -1, 3.1505178833007812e+02,
    1.4379603576660156e+02, 9.0020837783813477e+00,
    4.7338562011718750e+01, 2.1404493600130081e-02, 16318721, -1,
    3.2536755371093750e+02, 3.0028646850585938e+02,
    1.1105433464050293e+01, 3.0505957031250000e+02,
    2.0192686468362808e-02, 14811649, -1, 3.2536755371093750e+02,
    3.0028646850585938e+02, 1.1105433464050293e+01,
    2.0554321289062500e+01, 2.0192686468362808e-02, 14811649, -1,
    1.5054586791992188e+02, 1.0293283081054688e+02,
    2.2592691421508789e+01, 2.8163635253906250e+02,
    1.8291832879185677e-02, 16056834, -1, 2.1063479614257812e+02,
    5.5465011596679688e+01, 3.8415660858154297e+01,
    2.2282225036621094e+02, 2.8493899852037430e-02, 4260355, -1,
    2.7789041137695312e+02, 1.4263676452636719e+02,
    4.4738491058349609e+01, 2.9167535400390625e+02,
    2.1939648315310478e-02, 15335939, -1, 2.7789041137695312e+02,
    1.4263676452636719e+02, 4.4738491058349609e+01,
    1.8925323486328125e+01, 2.1939648315310478e-02, 15335939, -1 ]
