%YAML:1.0
tag: [ 1.3477770996093750e+02, 1.4616687011718750e+02,
    2.1771109104156494e+00, 8.9950714111328125e+01,
    1.3821598142385483e-02, 13894143, -1, 1.5256764221191406e+02,
    1.5887507629394531e+02, 1.8240311145782471e+00,
    2.7932171630859375e+02, 4.8029325902462006e-02, 1114623, -1,
    1.5256764221191406e+02, 1.5887507629394531e+02,
    1.8240311145782471e+00, 8.4876342773437500e+01,
    4.8029325902462006e-02, 1114623, -1, 1.4820356750488281e+02,
    1.6391445922851562e+02, 2.4630563259124756e+00,
    1.7853170776367188e+02, 5.0293982028961182e-02, 6161151, -1,
    1.5295797729492188e+02, 1.6837464904785156e+02,
    2.0177683830261230e+00, 2.7348507690429688e+02,
    6.2074728310108185e-02, 8454655, -1, 1.4658627319335938e+02,
    1.5526304626464844e+02, 2.3630111217498779e+00,
    2.3807299804687500e+02, 1.7998807132244110e-02, 3146495, -1,
    4.1489948272705078e+01, 1.6499687194824219e+02,
    2.5995256900787354e+00, 1.2983781433105469e+02,
    2.3456055670976639e-02, 10027775, -1, 1.0861060333251953e+02,
    5.7497191429138184e+00, 3.0467145442962646e+00,
    2.5788732910156250e+02, 2.0416181534528732e-02, 4785151, -1,
    1.0966480255126953e+02, 3.2275436401367188e+01,
    3.2307984828948975e+00, 3.1106231689453125e+01,
    2.2058119997382164e-02, 9044991, -1, 8.3572830200195312e+01,
    3.3688442230224609e+01, 3.3671538829803467e+00,
    1.9702932739257812e+02, 2.6549786329269409e-02, 12059647, -1,
    1.0604307556152344e+02, 3.6797618865966797e+01,
    3.1789963245391846e+00, 4.1483062744140625e+01,
    2.3473946377635002e-02, 7865343, -1, 7.3498252868652344e+01,
    5.1690780639648438e+01, 3.5821666717529297e+00,
    2.8895703125000000e+02, 2.3898383602499962e-02, 16516095, -1,
    2.2015995025634766e+01, 6.0013187408447266e+01,
    3.2543728351593018e+00, 2.1896710205078125e+02,
    2.0284604281187057e-02, 9569279, -1, 1.3196641540527344e+02,
    7.5598686218261719e+01, 3.5125415325164795e+00,
    2.7204254150390625e+01, 1.4303955249488354e-02, 15074303, -1,
    1.2944996643066406e+02, 1.0260524749755859e+02,
    3.3473737239837646e+00, 3.4424093627929688e+02,
    1.8659943714737892e-02, 11600895, -1, 1.4087336730957031e+02,
    1.2130333709716797e+02, 3.0507183074951172e+00,
    3.1277822875976562e+02, 3.0787909403443336e-02, 4916223, -1,
    1.5190698242187500e+02, 1.3492083740234375e+02,
    3.2738378047943115e+00, 2.9053405761718750e+01,
    3.2934401184320450e-02, 10028031, -1, 1.3003706359863281e+02,
    1.6591975402832031e+02, 3.3723888397216797e+00,
    5.0933837890625000e+01, 2.4110386148095131e-02, 12125183, -1,
    7.3619392395019531e+01, 5.2255893707275391e+01,
    4.3782300949096680e+00, 2.8877706909179688e+02,
    2.3860543966293335e-02, 14287104, -1, 3.9458442687988281e+01,
    1.5732501220703125e+02, 4.4282860755920410e+00,
    1.3833818054199219e+02, 2.9940195381641388e-02, 15139072, -1,
    3.5116779327392578e+01, 1.6035762023925781e+02,
    4.2374839782714844e+00, 1.3921270751953125e+02,
    2.5922110304236412e-02, 11927808, -1, 6.3926979064941406e+01,
    1.6706568908691406e+02, 4.3080120086669922e+00,
    7.3137329101562500e+01, 3.1751118600368500e-02, 13172992, -1,
    8.3993934631347656e+01, 4.2513793945312500e+01,
    5.5245714187622070e+00, 1.7998803710937500e+02,
    4.0698986500501633e-02, 14418432, -1, 8.3993934631347656e+01,
    4.2513793945312500e+01, 5.5245714187622070e+00,
    7.9937408447265625e+01, 4.0698986500501633e-02, 14418432, -1,
    1.0140522003173828e+02, 5.1196399688720703e+01,
    5.0479974746704102e+00, 2.5110629272460938e+02,
    2.3766197264194489e-02, 7930368, -1, 1.0892134666442871e+01,
    8.4962387084960938e+01, 4.7867136001586914e+00,
    1.9736474609375000e+02, 1.7963750287890434e-02, 4063744, -1,
    5.4201377868652344e+01, 1.6712467956542969e+02,
    4.7450513839721680e+00, 1.0919105529785156e+02,
    3.2184049487113953e-02, 3408384, -1, 7.3766868591308594e+01,
    4.3325634002685547e+01, 9.4191970825195312e+00,
    2.7860913085937500e+02, 3.6257453262805939e-02, 2884097, -1,
    1.3016342163085938e+02, 1.1245338439941406e+02,
    8.0552158355712891e+00, 3.2066461181640625e+02,
    3.3932302147150040e-02, 8257793, -1, 1.4602293395996094e+02,
    1.1544309234619141e+02, 9.7273235321044922e+00,
    3.1610848999023438e+02, 3.6309644579887390e-02, 5243393, -1,
    1.5051394653320312e+02, 1.4704211425781250e+02,
    1.0580043792724609e+01, 3.0836456298828125e+01,
    4.4783383607864380e-02, 11272705, -1, 1.0028427886962891e+02,
    2.2934806823730469e+01, 1.6809360504150391e+01,
    2.2308767700195312e+02, 5.8949142694473267e-02, 11337986, -1,
    1.0028427886962891e+02, 2.2934806823730469e+01,
    1.6809360504150391e+01, 1.0876007080078125e+01,
    5.8949142694473267e-02, 11337986, -1, 1.3103979492187500e+02,
    5.8779365539550781e+01, 1.6957262039184570e+01,
    2.9450848388671875e+02, 4.8563614487648010e-02, 11993346, -1,
    1.3103979492187500e+02, 5.8779365539550781e+01,
    1.6957262039184570e+01, 3.6412902832031250e+01,
    4.8563614487648010e-02, 11993346, -1, 1.3863710021972656e+02,
    1.3324482727050781e+02, 1.7245632171630859e+01,
    3.2189083862304688e+02, 6.1996877193450928e-02, 13238530, -1 ]
