%YAML:1.0
tag: [ 6.1778039550781250e+02, 5.5806445312500000e+02,
    4.0277519226074219e+00, 5.1253814697265625e+01,
    3.1040113419294357e-02, 8257792, -1, 4.5140280151367188e+02,
    4.8925646972656250e+02, 1.0313055992126465e+01,
    3.1953881835937500e+02, 5.7328235357999802e-02, 9437697, -1,
    4.5140280151367188e+02, 4.8925646972656250e+02,
    1.0313055992126465e+01, 2.3673886108398438e+02,
    5.7328235357999802e-02, 9437697, -1, 7.3125024414062500e+02,
    5.7012365722656250e+02, 1.0484331130981445e+01,
    3.5377365112304688e+02, 5.6377358734607697e-02, 10617345, -1,
    7.3125024414062500e+02, 5.7012365722656250e+02,
    1.0484331130981445e+01, 2.7525946044921875e+02,
    5.6377358734607697e-02, 10617345, -1, 7.3116760253906250e+02,
    6.0393640136718750e+02, 1.0717264175415039e+01,
    8.4115386962890625e+01, 5.6402076035737991e-02, 12255745, -1,
    7.3116760253906250e+02, 6.0393640136718750e+02,
    1.0717264175415039e+01, 5.3219299316406250e+00,
    5.6402076035737991e-02, 12255745, -1, 5.5182592773437500e+02,
    4.5744500732421875e+02, 1.3012396812438965e+01,
    3.1353634643554688e+02, 5.9397574514150620e-02, 9569025, -1,
    5.5182592773437500e+02, 4.5744500732421875e+02,
    1.3012396812438965e+01, 4.6174560546875000e+01,
    5.9397574514150620e-02, 9569025, -1, 4.5199533081054688e+02,
    4.8607461547851562e+02, 1.3653357505798340e+01,
    3.1759262084960938e+02, 5.7005189359188080e-02, 13042433, -1,
    4.5199533081054688e+02, 4.8607461547851562e+02,
    1.3653357505798340e+01, 2.3539804077148438e+02,
    5.7005189359188080e-02, 13042433, -1, 6.0073608398437500e+02,
    4.9378021240234375e+02, 1.0386228561401367e+01,
    3.1324044799804688e+02, 5.9627149254083633e-02, 9961985, -1,
    6.0073608398437500e+02, 4.9378021240234375e+02,
    1.0386228561401367e+01, 4.6313964843750000e+01,
    5.9627149254083633e-02, 9961985, -1, 4.5199078369140625e+02,
    5.7430047607421875e+02, 1.3690464973449707e+01,
    1.2476110839843750e+02, 5.6989829987287521e-02, 13239041, -1,
    4.5199078369140625e+02, 5.7430047607421875e+02,
    1.3690464973449707e+01, 4.2325195312500000e+01,
    5.6989829987287521e-02, 13239041, -1, 4.5258547973632812e+02,
    4.8333627319335938e+02, 1.6534770965576172e+01,
    3.1566253662109375e+02, 5.6566637009382248e-02, 10158338, -1,
    4.5258547973632812e+02, 4.8333627319335938e+02,
    1.6534770965576172e+01, 2.3715002441406250e+02,
    5.6566637009382248e-02, 10158338, -1, 5.0381060791015625e+02,
    5.1698638916015625e+02, 1.5271048545837402e+01,
    4.7161499023437500e+01, 8.0035202205181122e-02, 4391170, -1,
    5.4989788818359375e+02, 5.5379180908203125e+02,
    1.4522468566894531e+01, 4.5745788574218750e+01,
    8.0555848777294159e-02, 786690, -1, 8.2476507568359375e+02,
    5.4766851806640625e+02, 2.4149642944335938e+01,
    3.5256823730468750e+02, 5.6603770703077316e-02, 4129538, -1,
    8.2476507568359375e+02, 5.4766851806640625e+02,
    2.4149642944335938e+01, 2.8481491088867188e+02,
    5.6603770703077316e-02, 4129538, -1, 4.5253384399414062e+02,
    5.7675256347656250e+02, 1.6249334335327148e+01,
    1.2255876159667969e+02, 5.6528661400079727e-02, 8913154, -1,
    4.5253384399414062e+02, 5.7675256347656250e+02,
    1.6249334335327148e+01, 4.4736968994140625e+01,
    5.6528661400079727e-02, 8913154, -1, 6.3787402343750000e+02,
    5.9861669921875000e+02, 1.8270412445068359e+01,
    1.6578717041015625e+02, 5.7373713701963425e-02, 655874, -1,
    6.3787402343750000e+02, 5.9861669921875000e+02,
    1.8270412445068359e+01, 9.8545288085937500e+01,
    5.7373713701963425e-02, 655874, -1, 7.2661773681640625e+02,
    6.0030310058593750e+02, 1.6142944335937500e+01,
    8.2641967773437500e+01, 5.4426789283752441e-02, 8454402, -1,
    7.6457580566406250e+02, 6.0035540771484375e+02,
    1.6284299850463867e+01, 9.5829437255859375e+01,
    5.3921896964311600e-02, 9044226, -1, 6.1282122802734375e+02,
    4.7796936035156250e+02, 2.0554239273071289e+01,
    1.8953567504882812e+02, 5.1512461155653000e-02, 9175554, -1,
    5.3352764892578125e+02, 4.5587356567382812e+02,
    2.6877475738525391e+01, 2.3556884765625000e+02,
    7.3585808277130127e-02, 11862786, -1, 5.8158703613281250e+02,
    4.9200759887695312e+02, 2.4379590988159180e+01,
    2.9044464111328125e+02, 6.8857930600643158e-02, 4850434, -1,
    5.8158703613281250e+02, 4.9200759887695312e+02,
    2.4379590988159180e+01, 2.3738037109375000e+02,
    6.8857930600643158e-02, 4850434, -1, 5.8158703613281250e+02,
    4.9200759887695312e+02, 2.4379590988159180e+01,
    4.5890197753906250e+01, 6.8857930600643158e-02, 4850434, -1,
    7.1017034912109375e+02, 5.8852716064453125e+02,
    3.2923442840576172e+01, 8.5637542724609375e+01,
    6.6692754626274109e-02, 9830659, -1, 7.4545062255859375e+02,
    6.2458483886718750e+02, 3.1810758590698242e+01,
    9.0290893554687500e+01, 3.0339602380990982e-02, 7340291, -1,
    6.5601019287109375e+02, 4.7493032836914062e+02,
    3.8541446685791016e+01, 3.5014123535156250e+02,
    7.4122406542301178e-02, 4522499, -1, 6.5601019287109375e+02,
    4.7493032836914062e+02, 3.8541446685791016e+01,
    2.2242968750000000e+02, 7.4122406542301178e-02, 4522499, -1,
    7.8101739501953125e+02, 4.8183108520507812e+02,
    4.4877635955810547e+01, 3.5224032592773438e+02,
    8.1608243286609650e-02, 15532547, -1, 7.8101739501953125e+02,
    4.8183108520507812e+02, 4.4877635955810547e+01,
    1.8648231506347656e+02, 8.1608243286609650e-02, 15532547, -1,
    3.3328442382812500e+02, 5.8008013916015625e+02,
    4.5708976745605469e+01, 9.1335205078125000e+01,
    6.7076779901981354e-02, 131843, -1, 3.7747238159179688e+02,
    5.2999938964843750e+02, 3.6231319427490234e+01,
    1.8015419006347656e+02, 9.5002867281436920e-02, 66051, -1,
    5.3320410156250000e+02, 5.9314678955078125e+02,
    4.2353046417236328e+01, 1.1727807617187500e+02,
    5.9499606490135193e-02, 11338243, -1, 5.3320410156250000e+02,
    5.9314678955078125e+02, 4.2353046417236328e+01,
    6.0811126708984375e+01, 5.9499606490135193e-02, 11338243, -1,
    3.0615753173828125e+02, 4.1639105224609375e+02,
    5.0014385223388672e+01, 2.1461486816406250e+01,
    4.6601090580224991e-02, 6685443, -1, 3.3360202026367188e+02,
    4.8043783569335938e+02, 4.6237495422363281e+01,
    2.6998843383789062e+02, 6.6629402339458466e-02, 983811, -1, 717.,
    5.2608630371093750e+02, 4.8710086822509766e+01,
    3.4402435302734375e+02, 7.3072142899036407e-02, 4719363, -1, 717.,
    5.2608630371093750e+02, 4.8710086822509766e+01,
    1.9256605529785156e+02, 7.3072142899036407e-02, 4719363, -1,
    6.6954266357421875e+02, 5.8262738037109375e+02,
    5.0352813720703125e+01, 9.4257934570312500e+01,
    6.0708042234182358e-02, 7144195, -1, 3.0398086547851562e+02,
    6.4317797851562500e+02, 5.0433635711669922e+01,
    3.4007315063476562e+02, 4.6089421957731247e-02, 7275267, -1,
    3.2377496337890625e+02, 4.0440356445312500e+02,
    6.0041370391845703e+01, 2.7715893554687500e+02,
    4.4906441122293472e-02, 3145988, -1, 3.2377496337890625e+02,
    4.0440356445312500e+02, 6.0041370391845703e+01,
    2.5972778320312500e+01, 4.4906441122293472e-02, 3145988, -1,
    8.5996154785156250e+02, 5.1486883544921875e+02,
    6.2594402313232422e+01, 3.3613818359375000e+02,
    5.7745043188333511e-02, 6160644, -1, 7.9535278320312500e+02,
    5.7549359130859375e+02, 5.9429859161376953e+01,
    9.1859558105468750e+01, 6.5983653068542480e-02, 2425092, -1,
    8.1485986328125000e+02, 6.6957135009765625e+02,
    7.3414894104003906e+01, 9.3691467285156250e+01,
    4.1523955762386322e-02, 983556, -1, 4.3010659790039062e+02,
    6.8649041748046875e+02, 1.1939455413818359e+02,
    8.8284332275390625e+01, 4.1001349687576294e-02, 2752773, -1,
    8.2930273437500000e+02, 5.5884173583984375e+02,
    2.0139241027832031e+02, 3.5055279541015625e+02,
    2.5544859468936920e-02, 7144197, -1, 8.2930273437500000e+02,
    5.5884173583984375e+02, 2.0139241027832031e+02,
    2.7878717041015625e+02, 2.5544859468936920e-02, 7144197, -1,
