%YAML:1.0
tag: [ 3.1597796630859375e+02, 1.1379663848876953e+02,
    4.4767932891845703e+00, 1.2564834594726562e+02,
    9.2042751610279083e-02, 15925504, -1, 1.0366471862792969e+02,
    1.2378411102294922e+02, 4.7902019500732422e+01,
    8.4697875976562500e+01, 4.5663218945264816e-02, 3539715, -1,
    1.7860722351074219e+02, 1.4312672424316406e+02,
    2.7393835067749023e+01, 2.5674621582031250e+02,
    6.7938908934593201e-02, 13239042, -1, 2.4009030151367188e+02,
    1.6933641052246094e+02, 1.9474397659301758e+01,
    2.7732174682617188e+02, 4.3485738337039948e-02, 5308930, -1,
    2.0369993591308594e+02, 1.6850585937500000e+02,
    1.8531660079956055e+01, 2.5774429321289062e+02,
    4.3990921229124069e-02, 1704450, -1, 2.6606896972656250e+02,
    1.5227778625488281e+02, 1.9833595275878906e+01,
    2.7914871215820312e+02, 5.5493116378784180e-02, 6619650, -1,
    3.1320016479492188e+02, 1.2237797546386719e+02,
    1.9852376937866211e+01, 8.8524963378906250e+01,
    6.9138772785663605e-02, 6685186, -1, 2.7164722442626953e+01,
    1.0028967285156250e+02, 2.2447068691253662e+00,
    1.3791806030273438e+02, 5.7764843106269836e-02, 16122367, -1,
    2.7164722442626953e+01, 1.0028967285156250e+02,
    2.2447068691253662e+00, 9.6817382812500000e+01,
    5.7764843106269836e-02, 16122367, -1, 1.5445336914062500e+02,
    1.6765161132812500e+02, 1.7744476318359375e+01,
    2.8858889770507812e+02, 4.4139135628938675e-02, 15270146, -1,
    3.0617324829101562e+02, 1.4690225219726562e+02,
    1.5487179756164551e+01, 2.8774096679687500e+02,
    4.4047940522432327e-02, 5439746, -1, 1.7994703674316406e+02,
    1.1207785797119141e+02, 2.1269021034240723e+00,
    2.7116683959960938e+02, 4.6523198485374451e-02, 12255743, -1,
    2.3348194885253906e+02, 1.1135195922851562e+02,
    2.7625997066497803e+00, 3.4630541992187500e+02,
    7.2129175066947937e-02, 14418687, -1, 2.3348194885253906e+02,
    1.1135195922851562e+02, 2.7625997066497803e+00,
    2.3009942626953125e+02, 7.2129175066947937e-02, 14418687, -1,
    2.9969989013671875e+02, 1.1242436218261719e+02,
    1.9569778442382812e+00, 1.3705990600585938e+02,
    7.0356942713260651e-02, 6226431, -1, 2.2751083374023438e+02,
    1.1851199340820312e+02, 2.0711824893951416e+00,
    1.7360025024414062e+02, 8.5195712745189667e-02, 10289663, -1,
    3.1986950683593750e+02, 1.2457086181640625e+02,
    1.9729572534561157e+00, 2.2519412231445312e+02,
    4.7210697084665298e-02, 6816255, -1, 2.7199169921875000e+02,
    1.2591234588623047e+02, 2.0656290054321289e+00,
    2.7925808715820312e+02, 6.9577194750308990e-02, 10093055, -1,
    2.7199169921875000e+02, 1.2591234588623047e+02,
    2.0656290054321289e+00, 2.0350320434570312e+02,
    6.9577194750308990e-02, 10093055, -1, 2.2197778320312500e+02,
    1.2993078613281250e+02, 1.9032957553863525e+00,
    3.2862182617187500e+01, 4.8845462501049042e-02, 4194815, -1,
    3.2712252807617188e+02, 1.3166726684570312e+02,
    2.3437840938568115e+00, 2.0876992797851562e+02,
    6.6466510295867920e-02, 2556671, -1, 3.2712252807617188e+02,
    1.3166726684570312e+02, 2.3437840938568115e+00,
    1.5135102844238281e+02, 6.6466510295867920e-02, 2556671, -1,
    2.6437280273437500e+02, 1.3343402099609375e+02,
    2.2032470703125000e+00, 9.1336914062500000e+01,
    6.4300291240215302e-02, 14811647, -1, 2.6437280273437500e+02,
    1.3343402099609375e+02, 2.2032470703125000e+00,
    6.3075744628906250e+01, 6.4300291240215302e-02, 14811647, -1,
    1.5932356262207031e+02, 1.3732275390625000e+02,
    2.4163215160369873e+00, 1.3293367004394531e+02,
    6.0075469315052032e-02, 4719359, -1, 1.5267744445800781e+02,
    1.4297470092773438e+02, 2.1153788566589355e+00,
    1.8272399902343750e+01, 5.0498187541961670e-02, 11862527, -1,
    3.0081823730468750e+02, 1.4482551574707031e+02,
    2.3444647789001465e+00, 8.3013641357421875e+01,
    4.3595474213361740e-02, 2556671, -1, 2.0394511413574219e+02,
    1.5077644348144531e+02, 2.0471813678741455e+00,
    3.1543789672851562e+02, 6.2212884426116943e-02, 9503231, -1,
    1.5616975402832031e+02, 1.5133375549316406e+02,
    2.1035993099212646e+00, 2.2540869140625000e+02,
    6.2171950936317444e-02, 11469311, -1, 2.5524408340454102e+01,
    1.6066723632812500e+02, 2.1679034233093262e+00,
    3.2085617065429688e+02, 1.0175319015979767e-01, 13631999, -1,
    3.6286003112792969e+01, 1.6693618774414062e+02,
    2.2324266433715820e+00, 2.6512069702148438e+02,
    8.3797499537467957e-02, 15729151, -1, 3.6286003112792969e+01,
    1.6693618774414062e+02, 2.2324266433715820e+00,
    1.3116868591308594e+02, 8.3797499537467957e-02, 15729151, -1,
    4.0147373199462891e+01, 1.6803567504882812e+02,
    2.1466243267059326e+00, 3.0399261474609375e+02,
    4.6689745038747787e-02, 12911103, -1, 1.7627066040039062e+02,
    1.3037196350097656e+02, 1.3647354125976562e+01,
    9.4364929199218750e+01, 4.3048512190580368e-02, 12976897, -1,
    3.6257064819335938e+01, 1.5321636962890625e+02,
    9.2473278045654297e+00, 1.3178388977050781e+02,
    7.8640125691890717e-02, 1573377, -1, 1.8710383605957031e+02,
    1.8511668395996094e+02, 2.0150079727172852e+00,
    7.9576080322265625e+01, 7.0468857884407043e-02, 8323583, -1,
    1.9355426025390625e+02, 1.8546881103515625e+02,
    2.2226617336273193e+00, 1.0097131347656250e+02,
    7.5238481163978577e-02, 15401471, -1, 3.6257064819335938e+01,
    1.5321636962890625e+02, 9.2473278045654297e+00,
    2.7692791748046875e+02, 7.8640125691890717e-02, 1573377, -1,
    1.3045498657226562e+02, 1.8840481567382812e+02,
    2.1408817768096924e+00, 9.0830444335937500e+01,
    7.0726707577705383e-02, 12714495, -1, 1.1995606994628906e+02,
    1.9002012634277344e+02, 2.1193168163299561e+00,
    8.2683776855468750e+01, 5.2482850849628448e-02, 11993599, -1,
    1.4576898193359375e+02, 1.9267150878906250e+02,
    1.9638727903366089e+00, 2.5954971313476562e+02,
    7.8844554722309113e-02, 6488575, -1, 1.4576898193359375e+02,
    1.9267150878906250e+02, 1.9638727903366089e+00,
    1.0481207275390625e+02, 7.8844554722309113e-02, 6488575, -1,
    1.8047644042968750e+02, 1.9234910583496094e+02,
    2.0581383705139160e+00, 2.7532775878906250e+02,
    4.4357553124427795e-02, 9830911, -1, 1.8047644042968750e+02,
    1.9234910583496094e+02, 2.0581383705139160e+00,
    2.6388372802734375e+02, 4.4357553124427795e-02, 9830911, -1,
    1.3093135070800781e+02, 1.9419868469238281e+02,
    1.8850015401840210e+00, 2.5035559082031250e+02,
    6.7384667694568634e-02, 3473919, -1, 1.3093135070800781e+02,
    1.9419868469238281e+02, 1.8850015401840210e+00,
    1.4388253784179688e+02, 6.7384667694568634e-02, 3473919, -1,
    2.5414979553222656e+02, 1.9385075378417969e+02,
    2.2452034950256348e+00, 1.1364968872070312e+02,
    7.2514742612838745e-02, 16122367, -1, 2.5611083984375000e+02,
    1.2832078552246094e+02, 1.0835667610168457e+01,
    5.9195983886718750e+01, 6.0977470129728317e-02, 13042177, -1,
    2.5611083984375000e+02, 1.2832078552246094e+02,
    1.0835667610168457e+01, 3.3127154541015625e+02,
    6.0977470129728317e-02, 13042177, -1, 3.0221411132812500e+02,
    1.1871797943115234e+02, 1.1052227020263672e+01,
    9.9950592041015625e+01, 7.3259778320789337e-02, 14418433, -1,
    1.0651078796386719e+02, 1.9605122375488281e+02,
    1.9498350620269775e+00, 2.6531863403320312e+02,
    1.0222090780735016e-01, 5964287, -1, 2.3525671386718750e+02,
    1.9589619445800781e+02, 1.9328867197036743e+00,
    2.5949502563476562e+02, 5.7003676891326904e-02, 5308927, -1,
    1.1478431701660156e+02, 1.9702403259277344e+02,
    1.9632638692855835e+00, 3.0694882202148438e+02,
    6.0807675123214722e-02, 6423039, -1, 1.1478431701660156e+02,
    1.9702403259277344e+02, 1.9632638692855835e+00,
    2.5093414306640625e+02, 6.0807675123214722e-02, 6423039, -1,
    3.2642379760742188e+02, 1.0634625244140625e+02,
    9.9453535079956055e+00, 3.9742767333984375e+01,
    9.2237964272499084e-02, 6816257, -1, 2.4293928527832031e+02,
    1.9757504272460938e+02, 1.9282782077789307e+00,
