%YAML:1.0
tag: [ 3.2631015777587891e+01, 1.2509524345397949e+01,
    1.8947151899337769e+00, 3.0023623657226562e+02,
    2.0530199632048607e-02, 3867135, -1, 3.2631015777587891e+01,
    1.2509524345397949e+01, 1.8947151899337769e+00,
    1.0931378173828125e+02, 2.0530199632048607e-02, 3867135, -1,
    1.9913099670410156e+02, 1.3112612915039062e+02,
    1.9010425806045532e+00, 7.1283264160156250e+01,
    1.8405046314001083e-02, 4129279, -1, 1.9135659790039062e+02,
    1.3845275878906250e+02, 2.0520195960998535e+00,
    2.1686663818359375e+02, 3.4888736903667450e-02, 9634303, -1,
    1.9135659790039062e+02, 1.3845275878906250e+02,
    2.0520195960998535e+00, 4.6237854003906250e+01,
    3.4888736903667450e-02, 9634303, -1, 7.6576072692871094e+01,
    1.4056159973144531e+02, 2.0010731220245361e+00,
    1.0719422912597656e+02, 4.0267247706651688e-02, 7799295, -1,
    1.8962940979003906e+02, 1.4049174499511719e+02,
    2.0570518970489502e+00, 4.1364837646484375e+01,
    3.5767458379268646e-02, 9830911, -1, 5.2252677917480469e+01,
    1.4081684875488281e+02, 2.0373828411102295e+00,
    3.0535614013671875e+02, 5.3828045725822449e-02, 9110015, -1,
    5.2252677917480469e+01, 1.4081684875488281e+02,
    2.0373828411102295e+00, 2.0769833374023438e+02,
    5.3828045725822449e-02, 9110015, -1, 8.3486061096191406e+01,
    1.4305368041992188e+02, 1.8734045028686523e+00,
    1.1103231811523438e+02, 4.1515760123729706e-02, 3080703, -1,
    1.6161891174316406e+02, 1.4275160217285156e+02,
    1.9201132059097290e+00, 5.1335601806640625e+01,
    1.9344838336110115e-02, 4850175, -1, 5.3523151397705078e+01,
    1.4431146240234375e+02, 1.8934544324874878e+00,
    3.5983770751953125e+02, 5.2065059542655945e-02, 3801599, -1,
    5.3523151397705078e+01, 1.4431146240234375e+02,
    1.8934544324874878e+00, 1.5413926696777344e+02,
    5.2065059542655945e-02, 3801599, -1, 5.0628723144531250e+01,
    1.4483459472656250e+02, 2.0137336254119873e+00,
    3.5985861206054688e+02, 4.7439448535442352e-02, 8258047, -1,
    5.0628723144531250e+01, 1.4483459472656250e+02,
    2.0137336254119873e+00, 1.1145851135253906e+02,
    4.7439448535442352e-02, 8258047, -1, 7.0734931945800781e+01,
    1.4665441894531250e+02, 2.2312855720520020e+00,
    1.6834921264648438e+02, 3.6629442125558853e-02, 15729151, -1,
    6.6024665832519531e+01, 1.5192750549316406e+02,
    1.8736056089401245e+00, 2.6372271728515625e+02,
    4.9962703138589859e-02, 3080703, -1, 1.6518156433105469e+02,
    1.5399348449707031e+02, 2.0163540840148926e+00,
    3.1300689697265625e+01, 2.3912571370601654e-02, 8389119, -1,
    1.1788544464111328e+02, 1.5607005310058594e+02,
    1.8780397176742554e+00, 1.5964566040039062e+02,
    3.4477345645427704e-02, 3211775, -1, 4.8456844329833984e+01,
    1.5671543884277344e+02, 2.1869549751281738e+00,
    3.5073477172851562e+02, 1.5284920111298561e-02, 14221823, -1,
    1.7107987976074219e+02, 1.5799450683593750e+02,
    2.0416386127471924e+00, 1.8323620605468750e+02,
    2.2182483226060867e-02, 9306623, -1, 5.3412738800048828e+01,
    1.6100820922851562e+02, 1.9476333856582642e+00,
    3.3149710083007812e+02, 4.6083573251962662e-02, 5833215, -1,
    1.6556379699707031e+02, 1.6097570800781250e+02,
    2.2151739597320557e+00, 1.9083834838867188e+02,
    4.3978475034236908e-02, 15204863, -1, 1.6556379699707031e+02,
    1.6097570800781250e+02, 2.2151739597320557e+00,
    3.6875793457031250e+01, 4.3978475034236908e-02, 15204863, -1,
    1.8100772094726562e+02, 1.6331748962402344e+02,
    1.8971060514450073e+00, 1.8978414916992188e+02,
    3.1508821994066238e-02, 3932671, -1, 1.8100772094726562e+02,
    1.6331748962402344e+02, 1.8971060514450073e+00,
    5.0504882812500000e+01, 3.1508821994066238e-02, 3932671, -1,
    1.8273327636718750e+02, 1.6574908447265625e+02,
    1.8438495397567749e+00, 1.8889987182617188e+02,
    3.6971278488636017e-02, 1901055, -1, 6.1195987701416016e+01,
    1.6818669128417969e+02, 2.1955220699310303e+00,
    3.2439920043945312e+02, 3.8610480725765228e-02, 14549503, -1,
    1.8300354003906250e+02, 1.6880908203125000e+02,
    2.1479954719543457e+00, 2.4721069335937500e+02,
    2.7500690892338753e-02, 12976639, -1, 8.9739212036132812e+01,
    1.6922398376464844e+02, 2.4692847728729248e+00,
    1.6108059692382812e+02, 7.8922837972640991e-02, 6292223, -1,
    1.7616110229492188e+02, 1.7004585266113281e+02,
    2.2541062831878662e+00, 2.3741586303710938e+02,
    2.8433576226234436e-02, 16450047, -1, 9.5662597656250000e+01,
    1.7047361755371094e+02, 2.0366778373718262e+00,
    2.1561087036132812e+02, 6.7734874784946442e-02, 9110015, -1,
    9.5662597656250000e+01, 1.7047361755371094e+02,
    2.0366778373718262e+00, 1.1090284729003906e+02,
    6.7734874784946442e-02, 9110015, -1, 4.0727725982666016e+01,
    1.7294868469238281e+02, 2.1531612873077393e+00,
    7.9047790527343750e+01, 1.4307555742561817e-02, 13107711, -1,
    7.0409553527832031e+01, 1.7313044738769531e+02,
    1.9674106836318970e+00, 2.8011199951171875e+02,
    3.7766419351100922e-02, 6619647, -1, 1.0656343078613281e+02,
    1.7352890014648438e+02, 1.9095162153244019e+00,
    1.8588722229003906e+02, 4.4702541083097458e-02, 4456959, -1,
    1.0656343078613281e+02, 1.7352890014648438e+02,
    1.9095162153244019e+00, 1.1320190429687500e+02,
    4.4702541083097458e-02, 4456959, -1, 1.7084182739257812e+02,
    1.7583670043945312e+02, 1.9632425308227539e+00,
    2.2716410827636719e+02, 1.7497492954134941e-02, 6423039, -1,
    1.0814897918701172e+02, 1.7610896301269531e+02,
    1.8725813627243042e+00, 1.8737319946289062e+02,
    5.7286258786916733e-02, 3015167, -1, 1.0288581848144531e+02,
    1.7754483032226562e+02, 1.8471071720123291e+00,
    3.2809851074218750e+02, 5.2696172147989273e-02, 2032127, -1,
    1.0288581848144531e+02, 1.7754483032226562e+02,
    1.8471071720123291e+00, 2.9588830566406250e+02,
    5.2696172147989273e-02, 2032127, -1, 1.5051115417480469e+02,
    1.7897306823730469e+02, 2.0538859367370605e+00,
    2.2182688903808594e+02, 1.5858655795454979e-02, 9699839, -1,
    1.4829588317871094e+02, 1.8090573120117188e+02,
    1.8406895399093628e+00, 2.3708596801757812e+02,
    1.3840116560459137e-02, 1769983, -1, 8.2714599609375000e+01,
    1.9415487670898438e+02, 2.1195440292358398e+00,
    1.0243225097656250e+02, 7.0700705051422119e-02, 11993599, -1,
    6.6133750915527344e+01, 1.9447572326660156e+02,
    1.9705543518066406e+00, 3.0371093750000000e-01,
    2.1421073004603386e-02, 6685183, -1, 1.8963604736328125e+02,
    1.9480986022949219e+02, 2.0189170837402344e+00,
    1.0727661132812500e+01, 1.9732188433408737e-02, 8454655, -1,
    1.1277480316162109e+02, 1.9765521240234375e+02,
    1.8491661548614502e+00, 1.4763677978515625e+02,
    6.7744299769401550e-02, 2097663, -1, 1.9700988769531250e+02,
    2.0480368041992188e+02, 1.9799597263336182e+00,
    2.8636123657226562e+02, 1.4308815822005272e-02, 7078399, -1,
    1.9700988769531250e+02, 2.0480368041992188e+02,
    1.9799597263336182e+00, 1.3911695861816406e+02,
    1.4308815822005272e-02, 7078399, -1, 9.8781633377075195e+00,
    2.1443473815917969e+02, 2.2047948837280273e+00,
    1.5352273559570312e+02, 1.4823738485574722e-02, 14811647, -1,
    1.1943782043457031e+02, 2.1997981262207031e+02,
    1.9375489950180054e+00, 1.7160986328125000e+02,
    2.4167113006114960e-02, 5505535, -1, 1.7843835830688477e+01,
    2.3279460144042969e+02, 2.1875026226043701e+00,
    1.3039254760742188e+02, 1.8294589594006538e-02, 14287359, -1,
    1.6172283172607422e+01, 2.3502935791015625e+02,
    1.9614120721817017e+00, 1.3087988281250000e+02,
    1.5042783692479134e-02, 6357503, -1, 6.7886474609375000e+01,
    2.3550109863281250e+02, 2.1560714244842529e+00,
    3.4355053710937500e+02, 1.5054888091981411e-02, 13238783, -1,
    1.9856924057006836e+01, 2.3764208984375000e+02,
    1.9424968957901001e+00, 1.3071449279785156e+02,
    2.1209532395005226e-02, 5702143, -1, 6.2033190727233887e+00,
    2.3879745483398438e+02, 2.0107343196868896e+00,
