%YAML:1.0
tag: [ 1.1604718017578125e+02, 1.0786941528320312e+01,
    2.1337640285491943e+00, 3.5987698364257812e+02,
    3.0649747699499130e-02, 12452351, -1, 1.2237860870361328e+02,
    2.7952161788940430e+01, 2.1234490871429443e+00,
    1.6234864807128906e+02, 3.4891504794359207e-02, 12124671, -1,
    1.2068106079101562e+02, 3.1054746627807617e+01,
    2.0948638916015625e+00, 3.3869903564453125e+02,
    2.4227056652307510e-02, 11141631, -1, 1.2068106079101562e+02,
    3.1054746627807617e+01, 2.0948638916015625e+00,
    1.6190832519531250e+02, 2.4227056652307510e-02, 11141631, -1,
    1.2233013916015625e+02, 3.4021709442138672e+01,
    2.1704041957855225e+00, 1.5022750854492188e+02,
    2.5440927594900131e-02, 13697535, -1, 1.2347309875488281e+02,
    3.9514305114746094e+01, 2.0162980556488037e+00,
    2.0902682495117188e+02, 2.5516234338283539e-02, 8389119, -1,
    1.1452285766601562e+02, 4.4440067291259766e+01,
    2.0971944332122803e+00, 3.4905169677734375e+02,
    2.9160458594560623e-02, 11207167, -1, 1.1943975067138672e+02,
    5.5030982971191406e+01, 1.9875513315200806e+00,
    6.2049133300781250e+01, 2.8048988431692123e-02, 7340543, -1,
    1.6749644470214844e+02, 6.5667053222656250e+01,
    2.0547597408294678e+00, 1.9909339904785156e+02,
    8.0503664910793304e-02, 9765375, -1, 1.9562887191772461e+01,
    6.7275962829589844e+01, 2.0327231884002686e+00,
    2.4059542846679688e+02, 1.3230767846107483e-01, 8978943, -1,
    1.9562887191772461e+01, 6.7275962829589844e+01,
    2.0327231884002686e+00, 3.0320587158203125e+01,
    1.3230767846107483e-01, 8978943, -1, 1.5091008186340332e+01,
    7.3926528930664062e+01, 2.2346060276031494e+00,
    1.7914773559570312e+02, 1.0951115190982819e-01, 15794687, -1,
    1.5001571655273438e+02, 8.0197860717773438e+01,
    1.9685548543930054e+00, 1.9173255920410156e+02,
    9.2284388840198517e-02, 6619647, -1, 1.5456913757324219e+02,
    8.2583953857421875e+01, 2.0814580917358398e+00,
    1.1364961242675781e+02, 6.7402258515357971e-02, 10682879, -1,
    9.5307434082031250e+01, 8.3170158386230469e+01,
    2.1653754711151123e+00, 1.8908486938476562e+02,
    9.0445637702941895e-02, 13500927, -1, 9.5307434082031250e+01,
    8.3170158386230469e+01, 2.1653754711151123e+00,
    9.1901000976562500e+01, 9.0445637702941895e-02, 13500927, -1,
    1.0206693267822266e+02, 8.5009529113769531e+01,
    2.0191893577575684e+00, 2.8234619140625000e+01,
    5.1964726299047470e-02, 8454655, -1, 9.7054130554199219e+01,
    8.6493064880371094e+01, 2.0279073715209961e+00,
    1.9139616394042969e+02, 9.9398590624332428e-02, 8782335, -1,
    1.9558511734008789e+01, 9.8437744140625000e+01,
    2.0263698101043701e+00, 3.2063293457031250e+02,
    8.2550346851348877e-02, 8716799, -1, 1.9558511734008789e+01,
    9.8437744140625000e+01, 2.0263698101043701e+00,
    2.8767980957031250e+02, 8.2550346851348877e-02, 8716799, -1,
    1.2853515625000000e+02, 1.1112104797363281e+02,
    2.0160224437713623e+00, 1.0397451782226562e+02,
    1.0307215154170990e-01, 8389119, -1, 1.4513334655761719e+02,
    1.1215999603271484e+02, 2.2231414318084717e+00,
    3.4395867919921875e+02, 9.5048539340496063e-02, 15467007, -1,
    1.4513334655761719e+02, 1.1215999603271484e+02,
    2.2231414318084717e+00, 8.7487243652343750e+01,
    9.5048539340496063e-02, 15467007, -1, 9.0151657104492188e+01,
    1.1359915161132812e+02, 2.1740703582763672e+00,
    1.6050088500976562e+02, 6.8088822066783905e-02, 13828607, -1,
    1.2633809661865234e+02, 1.1456184387207031e+02,
    1.9256266355514526e+00, 2.0769239807128906e+02,
    1.0397834330797195e-01, 5046783, -1, 1.3935868835449219e+02,
    1.1537548828125000e+02, 2.1888308525085449e+00,
    2.7038891601562500e+02, 9.6647322177886963e-02, 14287359, -1,
    1.3935868835449219e+02, 1.1537548828125000e+02,
    2.1888308525085449e+00, 1.6703005981445312e+02,
    9.6647322177886963e-02, 14287359, -1, 9.1400398254394531e+01,
    1.1591345214843750e+02, 2.1466646194458008e+00,
    3.1391662597656250e+02, 5.7534683495759964e-02, 12911103, -1,
    1.0594919586181641e+02, 1.1650685882568359e+02,
    2.1549131870269775e+00, 2.4838479614257812e+02,
    5.2758309990167618e-02, 13173247, -1, 5.8328010559082031e+01,
    1.2560609436035156e+02, 2.1810283660888672e+00,
    2.0023301696777344e+02, 3.1643103808164597e-02, 14025215, -1,
    1.7816717529296875e+02, 1.2560072326660156e+02,
    2.1880419254302979e+00, 3.3877758789062500e+02,
    3.1010715290904045e-02, 14287359, -1, 5.6451000213623047e+01,
    1.3046942138671875e+02, 2.2341513633728027e+00,
    9.1049224853515625e+01, 8.0247029662132263e-02, 15794687, -1,
    1.8005677795410156e+02, 1.3047393798828125e+02,
    2.2268817424774170e+00, 8.8742584228515625e+01,
    8.0292753875255585e-02, 15532543, -1, 1.1759156799316406e+02,
    2.4676198959350586e+01, 2.5500700473785400e+00,
    1.7923400878906250e+01, 2.7756968513131142e-02, 8651519, -1,
    1.1654869079589844e+02, 2.7985855102539062e+01,
    2.6347856521606445e+00, 1.6909606933593750e+01,
    2.7879973873496056e-02, 11010815, -1, 1.1552699279785156e+02,
    3.1866048812866211e+01, 2.5768647193908691e+00,
    1.8647186279296875e+01, 2.3389765992760658e-02, 9372415, -1,
    1.2401427459716797e+02, 4.5156242370605469e+01,
    2.6644330024719238e+00, 1.9154278564453125e+02,
    2.9001047834753990e-02, 11797247, -1, 1.2401427459716797e+02,
    4.5156242370605469e+01, 2.6644330024719238e+00,
    1.5193481445312500e+02, 2.9001047834753990e-02, 11797247, -1,
    1.1263462829589844e+02, 4.7938018798828125e+01,
    2.7476003170013428e+00, 7.3712158203125000e+00,
    3.5840164870023727e-02, 14025471, -1, 1.1473106384277344e+02,
    5.1579555511474609e+01, 2.6269185543060303e+00,
    3.3000613403320312e+02, 3.4456707537174225e-02, 10814207, -1,
    1.1473106384277344e+02, 5.1579555511474609e+01,
    2.6269185543060303e+00, 1.6310083007812500e+02,
    3.4456707537174225e-02, 10814207, -1, 1.1895933532714844e+02,
    5.1994419097900391e+01, 2.5898191928863525e+00,
    3.2857238769531250e+02, 2.8925241902470589e-02, 9765631, -1,
    1.1217668151855469e+02, 5.5120807647705078e+01,
    2.3297479152679443e+00, 3.5919293212890625e+02,
    3.4658797085285187e-02, 2097919, -1, 6.9531761169433594e+01,
    5.5431316375732422e+01, 2.8123583793640137e+00,
    8.0535797119140625e+01, 9.8227657377719879e-02, 15729407, -1,
    1.2699320983886719e+02, 6.1600837707519531e+01,
    2.7625319957733154e+00, 1.0400106811523438e+02,
    5.3547948598861694e-02, 14418687, -1, 2.0837532043457031e+01,
    6.3887916564941406e+01, 2.4658944606781006e+00,
    3.1885168457031250e+02, 4.0264029055833817e-02, 6226687, -1,
    2.0837532043457031e+01, 6.3887916564941406e+01,
    2.4658944606781006e+00, 2.6896240234375000e+02,
    4.0264029055833817e-02, 6226687, -1, 2.0837532043457031e+01,
    6.3887916564941406e+01, 2.4658944606781006e+00,
    8.5285156250000000e+01, 4.0264029055833817e-02, 6226687, -1,
    9.8294731140136719e+01, 6.4972419738769531e+01,
    2.6344277858734131e+00, 2.5879013061523438e+02,
    8.5715569555759430e-02, 11010815, -1, 1.7464604187011719e+02,
    6.6200912475585938e+01, 2.6310508251190186e+00,
    1.2774725341796875e+02, 9.1176971793174744e-02, 10879743, -1,
    1.7464604187011719e+02, 6.6200912475585938e+01,
    2.6310508251190186e+00, 1.6440734863281250e+01,
    9.1176971793174744e-02, 10879743, -1, 1.8571234130859375e+02,
    7.0639251708984375e+01, 2.7625901699066162e+00,
    1.3293556213378906e+02, 9.2189833521842957e-02, 14418687, -1,
    1.8571234130859375e+02, 7.0639251708984375e+01,
    2.7625901699066162e+00, 1.8352355957031250e+01,
    9.2189833521842957e-02, 14418687, -1, 1.8171955871582031e+02,
    7.1064178466796875e+01, 2.7609269618988037e+00,
    2.0096658325195312e+02, 7.6923720538616180e-02, 14418687, -1,
    1.0400622558593750e+02, 7.3083801269531250e+01,
    2.3710968494415283e+00, 3.3631240844726562e+02,
    9.0756922960281372e-02, 3408639, -1, 1.0400622558593750e+02,
    7.3083801269531250e+01, 2.3710968494415283e+00,
