%YAML:1.0
tag: [ 6.4536003112792969e+01, 7.0524063110351562e+01,
    1.9440691471099854e+00, 6.8726562500000000e+01,
    1.3696014881134033e-02, 5702143, -1, 5.9298461914062500e+01,
    1.0458159637451172e+02, 1.9131252765655518e+00,
    1.7270454406738281e+02, 1.5046267770230770e-02, 4588031, -1,
    2.0293252563476562e+02, 1.8146725463867188e+02,
    1.8293873071670532e+00, 3.0234664916992188e+02,
    2.0884180441498756e-02, 1311231, -1, 2.0293252563476562e+02,
    1.8146725463867188e+02, 1.8293873071670532e+00,
    1.1280703735351562e+02, 2.0884180441498756e-02, 1311231, -1,
    1.8864918518066406e+02, 1.8647341918945312e+02,
    2.1682698726654053e+00, 2.5964651489257812e+02,
    2.2326160222291946e-02, 13631999, -1, 1.8864918518066406e+02,
    1.8647341918945312e+02, 2.1682698726654053e+00,
    1.4892610168457031e+02, 2.2326160222291946e-02, 13631999, -1,
    1.8864918518066406e+02, 1.8647341918945312e+02,
    2.1682698726654053e+00, 3.8202972412109375e+01,
    2.2326160222291946e-02, 13631999, -1, 7.1721916198730469e+01,
    1.9481979370117188e+02, 1.9623726606369019e+00,
    1.7016897583007812e+02, 1.9943665713071823e-02, 6423039, -1,
    2.6691909790039062e+02, 1.9700360107421875e+02,
    2.0462141036987305e+00, 1.2218133544921875e+02,
    3.6575317382812500e-02, 9437695, -1, 8.2960083007812500e+01,
    1.9940548706054688e+02, 2.1523692607879639e+00,
    1.0472131347656250e+02, 1.0583035647869110e-01, 13107711, -1,
    1.4015469360351562e+02, 2.0123341369628906e+02,
    2.4672410488128662e+00, 2.5675842285156250e+02,
    6.3672758638858795e-02, 6226687, -1, 1.4015469360351562e+02,
    2.0123341369628906e+02, 2.4672410488128662e+00,
    1.9002037048339844e+02, 6.3672758638858795e-02, 6226687, -1,
    1.8673825073242188e+02, 2.0226489257812500e+02,
    2.3752167224884033e+00, 7.9098968505859375e+01,
    2.9142381623387337e-02, 3539711, -1, 1.7715609741210938e+02,
    2.0613658142089844e+02, 1.9340126514434814e+00,
    1.6634245300292969e+02, 5.5527821183204651e-02, 5374463, -1,
    1.1868883514404297e+02, 2.0773635864257812e+02,
    1.9358431100845337e+00, 3.4749575805664062e+02,
    9.0574063360691071e-02, 5439999, -1, 1.1868883514404297e+02,
    2.0773635864257812e+02, 1.9358431100845337e+00,
    1.7702343750000000e+02, 9.0574063360691071e-02, 5439999, -1,
    2.1028648376464844e+02, 2.1080822753906250e+02,
    2.2715167999267578e+00, 6.0254547119140625e+01,
    5.5958129465579987e-02, 262911, -1, 8.8431999206542969e+01,
    2.1398449707031250e+02, 2.1067068576812744e+00,
    3.3920227050781250e+01, 7.9466618597507477e-02, 11534847, -1,
    2.7346206665039062e+02, 2.1804417419433594e+02,
    2.0815050601959229e+00, 3.5760815429687500e+02,
    3.1175279989838600e-02, 10682879, -1, 2.6527471923828125e+02,
    2.1838839721679688e+02, 2.1939930915832520e+00,
    6.4218444824218750e+00, 6.0854531824588776e-02, 14483967, -1,
    1.6681959533691406e+02, 2.2633396911621094e+02,
    2.0455908775329590e+00, 2.7632647705078125e+02,
    4.7751635313034058e-02, 9437695, -1, 2.6334658813476562e+02,
    2.2818022155761719e+02, 2.2673990726470947e+00,
    1.7813150024414062e+02, 6.3204564154148102e-02, 131839, -1,
    2.6334658813476562e+02, 2.2818022155761719e+02,
    2.2673990726470947e+00, 2.3879241943359375e+01,
    6.3204564154148102e-02, 131839, -1, 2.4973130798339844e+02,
    2.3790808105468750e+02, 1.9351161718368530e+00,
    1.8352636718750000e+02, 8.0413147807121277e-02, 5374463, -1,
    2.4973130798339844e+02, 2.3790808105468750e+02,
    1.9351161718368530e+00, 2.4250549316406250e+01,
    8.0413147807121277e-02, 5374463, -1, 9.1158195495605469e+01,
    2.4415007019042969e+02, 2.0333881378173828e+00,
    1.4898931884765625e+02, 7.3052048683166504e-02, 8978943, -1,
    1.7665341186523438e+02, 2.4500967407226562e+02,
    2.3370325565338135e+00, 3.3103790283203125e+02,
    3.2093383371829987e-02, 2360063, -1, 9.3635482788085938e+01,
    2.4532408142089844e+02, 2.0105545520782471e+00,
    1.9247596740722656e+02, 7.6619386672973633e-02, 8192511, -1,
    9.3635482788085938e+01, 2.4532408142089844e+02,
    2.0105545520782471e+00, 1.4679107666015625e+01,
    7.6619386672973633e-02, 8192511, -1, 1.7156048583984375e+02,
    2.6867077636718750e+02, 1.9797588586807251e+00,
    9.1866882324218750e+01, 2.3763274773955345e-02, 7078399, -1,
    1.9345745849609375e+02, 2.6955633544921875e+02,
    1.8860673904418945e+00, 7.8136016845703125e+01,
    5.2050195634365082e-02, 3539455, -1, 1.9345745849609375e+02,
    2.6955633544921875e+02, 1.8860673904418945e+00,
    3.9269409179687500e+01, 5.2050195634365082e-02, 3539455, -1,
    2.1683775329589844e+02, 2.6971087646484375e+02,
    2.0974154472351074e+00, 1.5822940063476562e+02,
    5.3092606365680695e-02, 11207167, -1, 2.1683775329589844e+02,
    2.6971087646484375e+02, 2.0974154472351074e+00,
    1.0092544555664062e+02, 5.3092606365680695e-02, 11207167, -1,
    1.6924249267578125e+02, 2.7088708496093750e+02,
    2.1606376171112061e+00, 1.7634024047851562e+02,
    6.4594283699989319e-02, 13369855, -1, 1.6924249267578125e+02,
    2.7088708496093750e+02, 2.1606376171112061e+00,
    8.2327148437500000e+01, 6.4594283699989319e-02, 13369855, -1,
    1.7419964599609375e+02, 2.7053002929687500e+02,
    2.0583090782165527e+00, 3.5489068603515625e+02,
    6.4839541912078857e-02, 9830911, -1, 1.7419964599609375e+02,
    2.7053002929687500e+02, 2.0583090782165527e+00,
    8.9110961914062500e+01, 6.4839541912078857e-02, 9830911, -1,
    1.9957221984863281e+02, 2.7223129272460938e+02,
    2.0277695655822754e+00, 3.4677929687500000e+02,
    6.3344024121761322e-02, 8782335, -1, 1.9957221984863281e+02,
    2.7223129272460938e+02, 2.0277695655822754e+00,
    1.7189056396484375e+02, 6.3344024121761322e-02, 8782335, -1,
    2.2924046325683594e+02, 2.7261779785156250e+02,
    2.0346679687500000e+00, 3.5646786499023438e+02,
    5.7896081358194351e-02, 9044479, -1, 2.2924046325683594e+02,
    2.7261779785156250e+02, 2.0346679687500000e+00,
    2.0588934326171875e+02, 5.7896081358194351e-02, 9044479, -1,
    1.7185874938964844e+02, 2.7286093139648438e+02,
    1.8393152952194214e+00, 3.5864727783203125e+02,
    8.3101928234100342e-02, 1704447, -1, 1.7185874938964844e+02,
    2.7286093139648438e+02, 1.8393152952194214e+00,
    1.7293412780761719e+02, 8.3101928234100342e-02, 1704447, -1,
    1.9165391540527344e+02, 2.7390441894531250e+02,
    1.9275022745132446e+00, 2.5599130249023438e+02,
    6.8239353597164154e-02, 5112319, -1, 1.9165391540527344e+02,
    2.7390441894531250e+02, 1.9275022745132446e+00,
    1.1498535156250000e+01, 6.8239353597164154e-02, 5112319, -1,
    2.0234831237792969e+02, 2.7382907104492188e+02,
    1.8528674840927124e+00, 1.9469908142089844e+02,
    7.5534842908382416e-02, 2228735, -1, 2.1299049377441406e+02,
    2.7386993408203125e+02, 1.8514050245285034e+00,
    2.5910079956054688e+02, 6.4484059810638428e-02, 2228735, -1,
    2.1299049377441406e+02, 2.7386993408203125e+02,
    1.8514050245285034e+00, 1.6942718505859375e+01,
    6.4484059810638428e-02, 2228735, -1, 1.6990431213378906e+02,
    2.7492385864257812e+02, 1.9499511718750000e+00,
    2.9046499633789062e+02, 6.2079831957817078e-02, 5964287, -1,
    2.4358197021484375e+02, 2.7548123168945312e+02,
    2.1403939723968506e+00, 2.7099853515625000e+02,
    5.1617059856653214e-02, 12714495, -1, 2.4358197021484375e+02,
    2.7548123168945312e+02, 2.1403939723968506e+00,
    1.8305136108398438e+02, 5.1617059856653214e-02, 12714495, -1,
    1.4422029113769531e+02, 2.7714172363281250e+02,
    2.0612971782684326e+00, 2.7526022338867188e+02,
    5.7804200798273087e-02, 9961983, -1, 1.4422029113769531e+02,
    2.7714172363281250e+02, 2.0612971782684326e+00,
    2.5909527587890625e+02, 5.7804200798273087e-02, 9961983, -1,
    1.4422029113769531e+02, 2.7714172363281250e+02,
    2.0612971782684326e+00, 2.0033981323242188e+02,
    5.7804200798273087e-02, 9961983, -1, 1.0666066741943359e+02,
    4.1409216308593750e+02, 1.9116556644439697e+00,
