%YAML:1.0
tag: [ 4.4679675292968750e+02, 1.2077407226562500e+03,
    2.3847200393676758e+01, 1.4897473144531250e+02,
    7.8257724642753601e-02, 3212034, -1, 1.4365886230468750e+03,
    1.1985834960937500e+03, 6.8331689834594727e+00,
    2.7338333129882812e+02, 5.8289986103773117e-02, 13107968, -1,
    1.4365886230468750e+03, 1.1985834960937500e+03,
    6.8331689834594727e+00, 2.0029602050781250e+01,
    5.8289986103773117e-02, 13107968, -1, 2.3561293945312500e+03,
    1.9808479003906250e+03, 6.5689363479614258e+00,
    2.9328417968750000e+02, 6.1554383486509323e-02, 10224384, -1,
    2.3561293945312500e+03, 1.9808479003906250e+03,
    6.5689363479614258e+00, 1.2320748901367188e+02,
    6.1554383486509323e-02, 10224384, -1, 2.3031276855468750e+03,
    1.1897222900390625e+03, 9.2065954208374023e+00,
    1.4578576660156250e+02, 5.6272573769092560e-02, 1245697, -1,
    2.3031276855468750e+03, 1.1897222900390625e+03,
    9.2065954208374023e+00, 2.0344512939453125e+01,
    5.6272573769092560e-02, 1245697, -1, 1.4384479980468750e+03,
    1.1973133544921875e+03, 8.6342992782592773e+00,
    2.7646801757812500e+02, 5.8069556951522827e-02, 13304065, -1,
    1.4384479980468750e+03, 1.1973133544921875e+03,
    8.6342992782592773e+00, 1.9644226074218750e+01,
    5.8069556951522827e-02, 13304065, -1, 2.3298884277343750e+03,
    1.4017073974609375e+03, 8.1196756362915039e+00,
    1.7580877685546875e+02, 5.8426555246114731e-02, 8847617, -1,
    2.8934997558593750e+03, 1.7924218750000000e+03,
    6.1037597656250000e+01, 1.8535375976562500e+02,
    5.8156155049800873e-02, 4325636, -1, 1.1814273681640625e+03,
    1.7097221679687500e+03, 6.9298309326171875e+01,
    8.6910400390625000e+01, 5.9107195585966110e-02, 13566212, -1,
    1.1814273681640625e+03, 1.7097221679687500e+03,
    6.9298309326171875e+01, 2.7364291381835938e+02,
    5.9107195585966110e-02, 13566212, -1, 2.1396706542968750e+03,
    1.5509044189453125e+03, 6.2110797882080078e+01,
    2.5130355834960938e+02, 6.3383914530277252e-02, 5636356, -1,
    2.1396706542968750e+03, 1.5509044189453125e+03,
    6.2110797882080078e+01, 2.7902856445312500e+02,
    6.3383914530277252e-02, 5636356, -1, 2.3298884277343750e+03,
    1.4017073974609375e+03, 8.1196756362915039e+00,
    1.3439514160156250e+01, 5.8426555246114731e-02, 8847617, -1,
    1.2844044189453125e+03, 1.6784581298828125e+03,
    8.3636798858642578e+00, 3.5604617309570312e+02,
    5.3616069257259369e-02, 11010305, -1, 1.2844044189453125e+03,
    1.6784581298828125e+03, 8.3636798858642578e+00,
    8.5914489746093750e+01, 5.3616069257259369e-02, 11010305, -1,
    1.3694503173828125e+03, 1.7314729003906250e+03,
    8.3489942550659180e+00, 9.3834564208984375e+01,
    6.5586633980274200e-02, 10879233, -1, 1.6678939208984375e+03,
    1.7706157226562500e+03, 8.8838443756103516e+00,
    2.6758703613281250e+02, 5.5300656706094742e-02, 15335681, -1,
    2.4281867675781250e+03, 1.3444104003906250e+03,
    6.0228252410888672e+01, 3.3919763183593750e+02,
    6.9675013422966003e-02, 3408132, -1, 9.9990588378906250e+02,
    1.2758071289062500e+03, 6.2791992187500000e+01,
    2.6783691406250000e+02, 6.1664387583732605e-02, 6422788, -1,
    1.3906185302734375e+03, 1.2044030761718750e+03,
    6.5658927917480469e+01, 2.0657891845703125e+02,
    6.4613312482833862e-02, 9634052, -1, 1.6678939208984375e+03,
    1.7706157226562500e+03, 8.8838443756103516e+00,
    1.7783845520019531e+02, 5.5300656706094742e-02, 15335681, -1,
    2.3683283691406250e+03, 1.9975211181640625e+03,
    7.9359040260314941e+00, 2.8072619628906250e+02,
    6.0710936784744263e-02, 7209217, -1, 2.3580288085937500e+03,
    2.0050748291015625e+03, 8.8326463699340820e+00,
    1.1611849975585938e+02, 6.5391086041927338e-02, 14942465, -1,
    1.3402369384765625e+03, 1.1028675537109375e+03,
    6.6152488708496094e+01, 2.0360922241210938e+02,
    7.1599557995796204e-02, 10158340, -1, 1.3402369384765625e+03,
    1.1028675537109375e+03, 6.6152488708496094e+01,
    9.1699218750000000e-01, 7.1599557995796204e-02, 10158340, -1,
    1.7396186523437500e+03, 6.0589929199218750e+02,
    1.0280057907104492e+01, 2.3168461608886719e+02,
    5.7791020721197128e-02, 9241089, -1, 1.7396186523437500e+03,
    6.0589929199218750e+02, 1.0280057907104492e+01,
    4.2263549804687500e+01, 5.7791020721197128e-02, 9241089, -1,
    1.4543994140625000e+03, 1.0520913085937500e+03,
    6.4280044555664062e+01, 1.9679840087890625e+01,
    5.8501023799180984e-02, 8126724, -1, 1.4543994140625000e+03,
    1.0520913085937500e+03, 6.4280044555664062e+01,
    2.8159484863281250e+02, 5.8501023799180984e-02, 8126724, -1,
    1.7173447265625000e+03, 6.7450317382812500e+02,
    1.0215935707092285e+01, 1.6043348693847656e+02,
    6.6174611449241638e-02, 8782337, -1, 1.7073697509765625e+03,
    7.0219616699218750e+02, 1.0224798202514648e+01,
    3.3772518920898438e+02, 6.4302861690521240e-02, 8847873, -1,
    1.7581356201171875e+03, 7.7432421875000000e+02,
    6.1018509864807129e+00, 2.0288656616210938e+02,
    6.7035861313343048e-02, 4915968, -1, 6.5173797607421875e+02,
    9.5685314941406250e+02, 6.5602630615234375e+01,
    2.2944494628906250e+02, 5.8626133948564529e-02, 9568516, -1,
    6.5173797607421875e+02, 9.5685314941406250e+02,
    6.5602630615234375e+01, 3.5069049072265625e+02,
    5.8626133948564529e-02, 9568516, -1, 4.6693966674804688e+02,
    9.5673602294921875e+02, 6.3808712005615234e+01,
    3.1006091308593750e+02, 6.7002572119235992e-02, 7536900, -1,
    1.6680040283203125e+03, 8.3886413574218750e+02,
    1.0254268646240234e+01, 1.6124769592285156e+02,
    5.8338485658168793e-02, 9044481, -1, 2.7188122558593750e+03,
    1.8368832397460938e+02, 2.1198780536651611e+00,
    1.0938522338867188e+02, 5.3594008088111877e-02, 11993599, -1,
    1.1164414062500000e+03, 8.6295306396484375e+02,
    5.7557842254638672e+01, 1.0153271484375000e+02,
    8.1360653042793274e-02, 131332, -1, 5.5578125000000000e+02,
    8.3641473388671875e+02, 6.5926963806152344e+01,
    1.8986099243164062e+02, 6.0825023800134659e-02, 9961732, -1,
    4.6581362915039062e+02, 8.3097113037109375e+02,
    5.8740283966064453e+01, 1.6387268066406250e+01,
    6.2594667077064514e-02, 1573124, -1, 4.6581362915039062e+02,
    8.3097113037109375e+02, 5.8740283966064453e+01,
    1.9061355590820312e+02, 6.2594667077064514e-02, 1573124, -1,
    8.2701324462890625e+02, 8.2076055908203125e+02,
    5.7954761505126953e+01, 7.3317504882812500e+01,
    6.2289044260978699e-02, 590084, -1, 3.8943923950195312e+02,
    6.3061627197265625e+02, 6.0936408996582031e+01,
    1.2142355346679688e+02, 5.6305833160877228e-02, 4260100, -1,
    3.8943923950195312e+02, 6.3061627197265625e+02,
    6.0936408996582031e+01, 6.3439941406250000e-01,
    5.6305833160877228e-02, 4260100, -1, 2.3505002441406250e+03,
    1.9832396240234375e+03, 5.1440681457519531e+01,
    2.9671496582031250e+02, 5.9248827397823334e-02, 8717059, -1,
    2.0128110351562500e+03, 1.8370501708984375e+03,
    4.8670089721679688e+01, 1.4702578735351562e+02,
    8.3032995462417603e-02, 4719363, -1, 2.0128110351562500e+03,
    1.8370501708984375e+03, 4.8670089721679688e+01,
    2.8884387207031250e+02, 8.3032995462417603e-02, 4719363, -1,
    1.7934655761718750e+03, 1.7745506591796875e+03,
    4.9474117279052734e+01, 1.0455172729492188e+02,
    7.3862418532371521e-02, 5899011, -1, 1.7934655761718750e+03,
    1.7745506591796875e+03, 4.9474117279052734e+01,
    2.8065240478515625e+02, 7.3862418532371521e-02, 5899011, -1,
    2.7001672363281250e+03, 1.7519660644531250e+03,
    4.9436981201171875e+01, 3.0301983642578125e+02,
    7.1712419390678406e-02, 5833475, -1, 1.6653345947265625e+03,
    1.7404016113281250e+03, 4.6303596496582031e+01,
    9.4751586914062500e+01, 6.9703020155429840e-02, 1114883, -1,
    1.6653345947265625e+03, 1.7404016113281250e+03,
    4.6303596496582031e+01, 2.6723089599609375e+02,
    6.9703020155429840e-02, 1114883, -1, 1.6542169189453125e+03,
    8.4474627685546875e+02, 1.0006340026855469e+01,
