%YAML:1.0
tag: [ 7.3746166992187500e+02, 6.1472320556640625e+02,
    3.1456964015960693e+00, 8.7458251953125000e+01,
    9.1253750026226044e-02, 7144447, -1, 8.4997595214843750e+02,
    6.3840020751953125e+02, 7.4084305763244629e+00,
    2.1990112304687500e+01, 9.3437686562538147e-02, 2228481, -1,
    8.4997595214843750e+02, 6.3840020751953125e+02,
    7.4084305763244629e+00, 1.3800912475585938e+02,
    9.3437686562538147e-02, 2228481, -1, 7.3362945556640625e+02,
    6.1848333740234375e+02, 8.0804901123046875e+00,
    9.3611389160156250e+01, 8.7573856115341187e-02, 8519937, -1,
    8.4379467773437500e+02, 7.7480718994140625e+02,
    5.1503784179687500e+01, 2.0860870361328125e+01,
    8.8348388671875000e-02, 8782595, -1, 2.0332637023925781e+02,
    7.7385650634765625e+02, 5.1415374755859375e+01,
    1.5962213134765625e+02, 8.8285684585571289e-02, 8651523, -1,
    7.3362945556640625e+02, 6.1848333740234375e+02,
    8.0804901123046875e+00, 1.7933529663085938e+02,
    8.7573856115341187e-02, 8519937, -1, 1.8138647460937500e+02,
    5.9259948730468750e+02, 8.5485553741455078e+00,
    7.2752777099609375e+01, 9.2747345566749573e-02, 12583169, -1,
    1.8138647460937500e+02, 5.9259948730468750e+02,
    8.5485553741455078e+00, 1.7688179016113281e+02,
    9.2747345566749573e-02, 12583169, -1, 7.3073623657226562e+01,
    6.2730639648437500e+02, 2.9530313491821289e+01,
    9.0898071289062500e+01, 8.7879419326782227e-02, 1966339, -1,
    4.0289562988281250e+02, 5.6559454345703125e+02,
    8.0356731414794922e+00, 8.3861297607421875e+01,
    9.9851280450820923e-02, 8126721, -1, 4.0289562988281250e+02,
    5.6559454345703125e+02, 8.0356731414794922e+00,
    2.0233134460449219e+02, 9.9851280450820923e-02, 8126721, -1,
    8.7363220214843750e+02, 7.5263580322265625e+02,
    2.4787546157836914e+01, 4.6459655761718750e+01,
    9.6835829317569733e-02, 6030082, -1, 8.7363220214843750e+02,
    7.5263580322265625e+02, 2.4787546157836914e+01,
    2.7114587402343750e+02, 9.6835829317569733e-02, 6030082, -1,
    9.8988214111328125e+02, 6.5387664794921875e+02,
    2.5491933822631836e+01, 2.9218627929687500e+01,
    9.2352129518985748e-02, 8061698, -1, 8.7651043701171875e+02,
    5.3147058105468750e+02, 7.6954545974731445e+00,
    3.2526287841796875e+02, 8.9083634316921234e-02, 4980993, -1,
    8.0075299072265625e+02, 5.8369879150390625e+02,
    2.3834527969360352e+01, 2.3547689819335938e+02,
    1.0045843571424484e-01, 3212034, -1, 8.2181530761718750e+02,
    5.0968347167968750e+02, 7.4827880859375000e+00,
    2.3491806030273438e+02, 9.0115316212177277e-02, 2949377, -1,
    8.0075299072265625e+02, 5.8369879150390625e+02,
    2.3834527969360352e+01, 3.4104443359375000e+02,
    1.0045843571424484e-01, 3212034, -1, 8.3358935546875000e+02,
    5.6569158935546875e+02, 2.5293600082397461e+01,
    1.4048483276367188e+02, 8.2538366317749023e-02, 7471874, -1,
    5.1680047607421875e+02, 3.4149478149414062e+02,
    2.2350807189941406e+00, 1.7963488769531250e+02,
    8.8004432618618011e-02, 15794687, -1, 5.1680047607421875e+02,
    3.4149478149414062e+02, 2.2350807189941406e+00,
    6.2577514648437500e+00, 8.8004432618618011e-02, 15794687, -1,
    8.3358935546875000e+02, 5.6569158935546875e+02,
    2.5293600082397461e+01, 3.3208001708984375e+02,
    8.2538366317749023e-02, 7471874, -1, 3.6580050659179688e+02,
    5.4218853759765625e+02, 2.4626829147338867e+01,
    3.0129577636718750e+01, 1.0013876110315323e-01, 5571330, -1,
    3.6580050659179688e+02, 5.4218853759765625e+02,
    2.4626829147338867e+01, 1.8713793945312500e+02,
    1.0013876110315323e-01, 5571330, -1, 8.2181530761718750e+02,
    5.0968347167968750e+02, 7.4827880859375000e+00,
    3.2270959472656250e+02, 9.0115316212177277e-02, 2949377, -1,
    5.5025421142578125e+02, 3.6508374023437500e+02,
    9.2342023849487305e+00, 1.6696195983886719e+02,
    9.1689392924308777e-02, 1442305, -1, 7.2754528808593750e+02,
    5.3613964843750000e+02, 2.5046560287475586e+01,
    6.6720581054687500e+00, 1.0646261274814606e-01, 6750978, -1,
    8.0910516357421875e+02, 5.2611993408203125e+02,
    2.4591722488403320e+01, 1.5073112487792969e+02,
    1.1485739797353745e-01, 5440258, -1, 3.8738894653320312e+02,
    4.9994360351562500e+02, 8.2181234359741211e+00,
    8.4500671386718750e+01, 9.2305675148963928e-02, 9699585, -1,
    1.0108787841796875e+03, 4.9604376220703125e+02,
    7.8998117446899414e+00, 1.0308322143554688e+02,
    9.1077074408531189e-02, 6881537, -1, 9.8868908691406250e+02,
    4.7988745117187500e+02, 7.6307349205017090e+00,
    2.3576675415039062e+02, 1.2552411854267120e-01, 4391169, -1,
    3.1360324859619141e+01, 4.5781146240234375e+02,
    7.3384356498718262e+00, 3.1040368652343750e+02,
    8.4400147199630737e-02, 1573121, -1, 5.6517498779296875e+02,
    4.4055398559570312e+02, 7.5648779869079590e+00,
    1.3956239318847656e+02, 9.4454877078533173e-02, 3735809, -1,
    5.6517498779296875e+02, 4.4055398559570312e+02,
    7.5648779869079590e+00, 3.0480465698242188e+02,
    9.4454877078533173e-02, 3735809, -1, 5.6517498779296875e+02,
    4.4055398559570312e+02, 7.5648779869079590e+00,
    3.3773767089843750e+02, 9.4454877078533173e-02, 3735809, -1,
    5.2739056396484375e+02, 4.3541772460937500e+02,
    8.7122402191162109e+00, 1.0005520629882812e+02,
    9.5736928284168243e-02, 13959425, -1, 5.2739056396484375e+02,
    4.3541772460937500e+02, 8.7122402191162109e+00,
    3.1939013671875000e+02, 9.5736928284168243e-02, 13959425, -1,
    5.1974182128906250e+02, 4.0997531127929688e+02,
    7.5844841003417969e+00, 1.8312348937988281e+02,
    8.7506562471389771e-02, 3932417, -1, 8.5707855224609375e+02,
    8.1875390625000000e+02, 1.9842782974243164e+01,
    1.2127821350097656e+02, 9.3924626708030701e-02, 6619650, -1,
    1.9053779602050781e+02, 8.1870733642578125e+02,
    1.9891035079956055e+01, 5.8436218261718750e+01,
    9.3959085643291473e-02, 6816258, -1, 5.4897833251953125e+02,
    4.0005102539062500e+02, 8.3803510665893555e+00,
    1.4660041809082031e+02, 9.3069419264793396e-02, 11141377, -1,
    5.4897833251953125e+02, 4.0005102539062500e+02,
    8.3803510665893555e+00, 3.0285247802734375e+02,
    9.3069419264793396e-02, 11141377, -1, 5.2437078857421875e+02,
    3.6142465209960938e+02, 8.5913286209106445e+00,
    3.5179193115234375e+02, 8.6235918104648590e-02, 12910849, -1,
    5.4235241699218750e+02, 4.1876037597656250e+02,
    9.3141422271728516e+00, 2.5032083129882812e+02,
    8.9478060603141785e-02, 2097665, -1, 7.4751037597656250e+01,
    6.7231170654296875e+02, 5.8080153465270996e+00,
    8.2828582763671875e+01, 1.0433399677276611e-01, 1311488, -1,
    7.4751037597656250e+01, 6.7231170654296875e+02,
    5.8080153465270996e+00, 3.1212188720703125e+02,
    1.0433399677276611e-01, 1311488, -1, 9.7340777587890625e+02,
    6.6004968261718750e+02, 6.2948622703552246e+00,
    9.4646118164062500e+01, 9.9365159869194031e-02, 7144192, -1,
    9.7340777587890625e+02, 6.6004968261718750e+02,
    6.2948622703552246e+00, 2.3069502258300781e+02,
    9.9365159869194031e-02, 7144192, -1, 3.8445652008056641e+01,
    6.5118096923828125e+02, 6.4390664100646973e+00,
    1.4264356994628906e+02, 1.2232260406017303e-01, 8782592, -1,
    3.8445652008056641e+01, 6.5118096923828125e+02,
    6.4390664100646973e+00, 3.2760861206054688e+02,
    1.2232260406017303e-01, 8782592, -1, 9.1977526855468750e+02,
    6.3847235107421875e+02, 6.7707037925720215e+00,
    2.5503565979003906e+02, 9.0071693062782288e-02, 12452608, -1,
    9.1977526855468750e+02, 6.3847235107421875e+02,
    6.7707037925720215e+00, 3.4386575317382812e+02,
    9.0071693062782288e-02, 12452608, -1, 8.4977868652343750e+02,
    6.3707708740234375e+02, 6.6242899894714355e+00,
    1.9747314453125000e+01, 9.4006441533565521e-02, 10879744, -1,
    8.4977868652343750e+02, 6.3707708740234375e+02,
    6.6242899894714355e+00, 1.4175088500976562e+02,
    9.4006441533565521e-02, 10879744, -1, 7.3463812255859375e+02,
    6.1748608398437500e+02, 6.9052071571350098e+00,
