%YAML:1.0
tag: [ 1.2731499481201172e+02, 7.5029617309570312e+01,
    3.2480888366699219e+00, 1.5638562011718750e+02,
    4.3217517435550690e-02, 9438207, -1, 2.4064714431762695e+01,
    9.4779457092285156e+01, 1.6586864471435547e+01,
    1.7190879821777344e+02, 2.0995965227484703e-02, 10420482, -1,
    8.7978157043457031e+01, 6.7304656982421875e+01,
    1.4880599975585938e+01, 3.1655578613281250e+01,
    2.1661754697561264e-02, 2556162, -1, 8.7978157043457031e+01,
    6.7304656982421875e+01, 1.4880599975585938e+01,
    1.4477084350585938e+02, 2.1661754697561264e-02, 2556162, -1,
    1.3443273925781250e+02, 1.4028430175781250e+02,
    9.4508543014526367e+00, 1.3444418334960938e+02,
    2.4822985753417015e-02, 3146241, -1, 9.3492034912109375e+01,
    1.3222322082519531e+02, 9.9681739807128906e+00,
    1.5233364868164062e+02, 2.5464370846748352e-02, 7012865, -1,
    9.1653633117675781e+01, 1.0803221130371094e+02,
    1.0666724205017090e+01, 1.9040188598632812e+02,
    2.6872426271438599e-02, 11862529, -1, 9.1653633117675781e+01,
    1.0803221130371094e+02, 1.0666724205017090e+01,
    3.3670916748046875e+02, 2.6872426271438599e-02, 11862529, -1,
    1.1682495880126953e+02, 9.4257194519042969e+01,
    1.0484766960144043e+01, 1.6410916137695312e+02,
    2.9785539954900742e-02, 10617345, -1, 6.1972778320312500e+01,
    6.7487014770507812e+01, 1.0164771080017090e+01,
    1.2016873168945312e+02, 3.1067667528986931e-02, 8389121, -1,
    6.1972778320312500e+01, 6.7487014770507812e+01,
    1.0164771080017090e+01, 2.2291226196289062e+02,
    3.1067667528986931e-02, 8389121, -1, 1.1400306701660156e+02,
    6.5623153686523438e+01, 9.5297298431396484e+00,
    5.9371368408203125e+01, 3.3025309443473816e-02, 3736065, -1,
    1.1400306701660156e+02, 6.5623153686523438e+01,
    9.5297298431396484e+00, 1.4814389038085938e+02,
    3.3025309443473816e-02, 3736065, -1, 1.1400306701660156e+02,
    6.5623153686523438e+01, 9.5297298431396484e+00,
    3.1298129272460938e+02, 3.3025309443473816e-02, 3736065, -1,
    1.5493785095214844e+02, 4.4278373718261719e+01,
    2.1186578273773193e+00, 3.2912857055664062e+02,
    2.1444575861096382e-02, 11928063, -1, 1.3805126953125000e+02,
    5.3712245941162109e+01, 9.5017547607421875e+00,
    5.8403167724609375e+01, 2.9547687619924545e-02, 3539457, -1,
    1.3805126953125000e+02, 5.3712245941162109e+01,
    9.5017547607421875e+00, 1.9814451599121094e+02,
    2.9547687619924545e-02, 3539457, -1, 1.5849555969238281e+02,
    4.9962322235107422e+01, 2.0937619209289551e+00,
    3.3043661499023438e+02, 2.1418714895844460e-02, 11076095, -1,
    1.6038703918457031e+02, 5.3773696899414062e+01,
    2.0595078468322754e+00, 3.3495489501953125e+02,
    2.2436680272221565e-02, 9896447, -1, 9.2353958129882812e+01,
    5.5477943420410156e+01, 2.1826660633087158e+00,
    1.1001623535156250e+02, 2.1243654191493988e-02, 14090751, -1,
    1.6197009277343750e+02, 5.7050357818603516e+01,
    1.8105716705322266e+00, 3.3180636596679688e+02,
    2.0967278629541397e-02, 590335, -1, 7.4642745971679688e+01,
    6.2463756561279297e+01, 1.9888156652450562e+00,
    1.0165975952148438e+02, 2.2010743618011475e-02, 7406079, -1,
    7.4642745971679688e+01, 6.2463756561279297e+01,
    1.9888156652450562e+00, 1.0345275878906250e+01,
    2.2010743618011475e-02, 7406079, -1, 1.3805126953125000e+02,
    5.3712245941162109e+01, 9.5017547607421875e+00,
    3.2439593505859375e+02, 2.9547687619924545e-02, 3539457, -1,
    4.5505729675292969e+01, 4.4707897186279297e+01,
    9.9905509948730469e+00, 1.1066667175292969e+02,
    2.1243244409561157e-02, 7143937, -1, 1.6577474975585938e+02,
    6.5599052429199219e+01, 2.0083558559417725e+00,
    3.4204916381835938e+02, 2.1619440987706184e-02, 8061439, -1,
    4.5505729675292969e+01, 4.4707897186279297e+01,
    9.9905509948730469e+00, 2.2592428588867188e+02,
    2.1243244409561157e-02, 7143937, -1, 6.3650684356689453e+01,
    3.1395421981811523e+01, 1.0515766143798828e+01,
    2.3956857299804688e+02, 2.2695891559123993e-02, 10879489, -1,
    1.2972744750976562e+02, 7.9869812011718750e+01,
    2.1142091751098633e+00, 1.3971179199218750e+02,
    4.1136693209409714e-02, 11796991, -1, 9.9067695617675781e+01,
    8.2823120117187500e+01, 2.1733562946319580e+00,
    1.5411421203613281e+02, 2.6989089325070381e-02, 13828607, -1,
    1.2219668579101562e+02, 8.4794425964355469e+01,
    2.1367537975311279e+00, 2.8235882568359375e+02,
    2.5677885860204697e-02, 12583423, -1, 1.2680757141113281e+02,
    8.9925987243652344e+01, 2.2536633014678955e+00,
    2.9261181640625000e+02, 2.2333087399601936e-02, 16450047, -1,
    1.2680757141113281e+02, 8.9925987243652344e+01,
    2.2536633014678955e+00, 1.1796592712402344e+02,
    2.2333087399601936e-02, 16450047, -1, 9.1003631591796875e+01,
    1.6459323120117188e+02, 8.2294635772705078e+00,
    2.2890925598144531e+02, 2.5722276419401169e-02, 9830657, -1,
    7.1764488220214844e+01, 9.2535812377929688e+01,
    2.1005103588104248e+00, 3.4331692504882812e+02,
    2.6324044913053513e-02, 11338239, -1, 9.1003631591796875e+01,
    1.6459323120117188e+02, 8.2294635772705078e+00,
    3.2790917968750000e+02, 2.5722276419401169e-02, 9830657, -1,
    1.1141923522949219e+02, 1.6212496948242188e+02,
    8.7999448776245117e+00, 7.0777709960937500e+01,
    2.5689383968710899e-02, 14680321, -1, 5.8453723907470703e+01,
    8.0454803466796875e+01, 7.3828902244567871e+00,
    1.1331826782226562e+02, 3.4772548824548721e-02, 1966337, -1,
    5.8453723907470703e+01, 8.0454803466796875e+01,
    7.3828902244567871e+00, 2.2935559082031250e+02,
    3.4772548824548721e-02, 1966337, -1, 1.1963243865966797e+02,
    7.8006591796875000e+01, 7.4282975196838379e+00,
    5.9689666748046875e+01, 3.6899652332067490e-02, 2425089, -1,
    1.1963243865966797e+02, 7.8006591796875000e+01,
    7.4282975196838379e+00, 3.0131420898437500e+02,
    3.6899652332067490e-02, 2425089, -1, 1.0939067840576172e+02,
    9.5993545532226562e+01, 2.2326335906982422e+00,
    1.6255770874023438e+02, 2.8105659410357475e-02, 15729151, -1,
    7.5680496215820312e+01, 5.6085750579833984e+01,
    8.7037687301635742e+00, 3.4948852539062500e+01,
    2.9857745394110680e-02, 13893889, -1, 7.5680496215820312e+01,
    5.6085750579833984e+01, 8.7037687301635742e+00,
    5.8064910888671875e+01, 2.9857745394110680e-02, 13893889, -1,
    9.7642189025878906e+01, 9.8996879577636719e+01,
    1.9218968152999878e+00, 1.3838899230957031e+02,
    2.6855319738388062e-02, 4915711, -1, 1.3031532287597656e+02,
    1.0153900146484375e+02, 2.2436368465423584e+00,
    2.8734204101562500e+02, 2.9977798461914062e-02, 16122367, -1,
    1.1294292449951172e+02, 1.0215930175781250e+02,
    2.0635313987731934e+00, 1.4415042114257812e+02,
    2.5100745260715485e-02, 10027519, -1, 9.8643608093261719e+01,
    5.4993106842041016e+01, 8.3953027725219727e+00,
    1.2009584045410156e+02, 3.1697180122137070e-02, 11272449, -1,
    9.8643608093261719e+01, 5.4993106842041016e+01,
    8.3953027725219727e+00, 1.3668826293945312e+02,
    3.1697180122137070e-02, 11272449, -1, 9.8643608093261719e+01,
    5.4993106842041016e+01, 8.3953027725219727e+00,
    2.8477801513671875e+02, 3.1697180122137070e-02, 11272449, -1,
    4.8246788024902344e+01, 3.1508945465087891e+01,
    8.6510620117187500e+00, 1.1346737670898438e+02,
    2.8977043926715851e-02, 13435137, -1, 4.8246788024902344e+01,
    3.1508945465087891e+01, 8.6510620117187500e+00,
    2.2447090148925781e+02, 2.8977043926715851e-02, 13435137, -1,
    1.0428735351562500e+02, 1.0461119079589844e+02,
    1.9842970371246338e+00, 3.2950964355468750e+02,
    2.6436109095811844e-02, 7209471, -1, 1.0428735351562500e+02,
    1.0461119079589844e+02, 1.9842970371246338e+00,
    1.4371191406250000e+02, 2.6436109095811844e-02, 7209471, -1,
    1.0922658538818359e+02, 1.0453403472900391e+02,
    1.9525665044784546e+00, 3.3946832275390625e+02,
    2.3623887449502945e-02, 6029823, -1, 7.2771301269531250e+01,
    1.6340258789062500e+02, 6.0946502685546875e+00,
