%YAML:1.0
tag: [ 1.6049934387207031e+02, 6.0284595489501953e+01,
    2.0572159290313721e+00, 5.0067504882812500e+01,
    2.8959266841411591e-02, 9830911, -1, 1.5829228210449219e+02,
    6.2484661102294922e+01, 1.9321348667144775e+00,
    4.2315887451171875e+01, 2.7551522478461266e-02, 5308927, -1,
    1.1673094177246094e+02, 9.4332992553710938e+01,
    1.9382771253585815e+00, 1.8245333862304688e+02,
    3.6041505634784698e-02, 5505535, -1, 1.0695555114746094e+02,
    9.8764648437500000e+01, 2.0283427238464355e+00,
    1.8096145629882812e+02, 5.4871395230293274e-02, 8782335, -1,
    1.0695555114746094e+02, 9.8764648437500000e+01,
    2.0283427238464355e+00, 6.8794189453125000e+01,
    5.4871395230293274e-02, 8782335, -1, 1.7128864288330078e+01,
    1.1462845611572266e+02, 1.8705526590347290e+00,
    3.2803918457031250e+02, 3.7830252200365067e-02, 2949631, -1,
    8.5025917053222656e+01, 1.1906155395507812e+02,
    1.9731458425521851e+00, 2.1909338378906250e+02,
    4.1257478296756744e-02, 6816255, -1, 8.5025917053222656e+01,
    1.1906155395507812e+02, 1.9731458425521851e+00,
    4.2990509033203125e+01, 4.1257478296756744e-02, 6816255, -1,
    7.6548240661621094e+01, 1.2044833374023438e+02,
    1.8081861734390259e+00, 4.3115295410156250e+01,
    4.4100299477577209e-02, 524799, -1, 8.3067619323730469e+01,
    1.2114326477050781e+02, 2.0074889659881592e+00,
    2.2413952636718750e+02, 4.4187609106302261e-02, 8061439, -1,
    8.3067619323730469e+01, 1.2114326477050781e+02,
    2.0074889659881592e+00, 4.0496582031250000e+01,
    4.4187609106302261e-02, 8061439, -1, 7.8589950561523438e+01,
    1.2239642333984375e+02, 1.8496897220611572e+00,
    2.1679144287109375e+02, 4.5664291828870773e-02, 2163199, -1,
    1.1699676513671875e+02, 1.3323428344726562e+02,
    2.1022019386291504e+00, 2.9463684082031250e+01,
    4.5673027634620667e-02, 11403775, -1, 1.4452142333984375e+02,
    1.4231761169433594e+02, 2.2235360145568848e+00,
    2.1606625366210938e+02, 2.9293131083250046e-02, 15467007, -1,
    8.2638015747070312e+01, 1.5041134643554688e+02,
    1.8786919116973877e+00, 2.1605874633789062e+02,
    4.2674642056226730e-02, 3277311, -1, 8.2638015747070312e+01,
    1.5041134643554688e+02, 1.8786919116973877e+00,
    4.0023468017578125e+01, 4.2674642056226730e-02, 3277311, -1,
    8.6666465759277344e+01, 1.5026515197753906e+02,
    1.8115274906158447e+00, 2.1651551818847656e+02,
    4.7605510801076889e-02, 655871, -1, 8.6666465759277344e+01,
    1.5026515197753906e+02, 1.8115274906158447e+00,
    3.5928527832031250e+01, 4.7605510801076889e-02, 655871, -1,
    8.8737449645996094e+01, 1.5225538635253906e+02,
    1.8290750980377197e+00, 3.1044891357421875e+01,
    4.4432472437620163e-02, 1311231, -1, 4.7590160369873047e+01,
    1.8392959594726562e+01, 2.7004945278167725e+00,
    2.4433447265625000e+02, 1.8921170383691788e-02, 12780287, -1,
    1.1316053009033203e+02, 3.2362358093261719e+01,
    2.7583782672882080e+00, 2.6879724121093750e+02,
    2.8741097077727318e-02, 14353151, -1, 1.7408648681640625e+02,
    5.8425281524658203e+01, 2.6554095745086670e+00,
    2.1089364624023438e+02, 3.3490862697362900e-02, 11600639, -1,
    1.7408648681640625e+02, 5.8425281524658203e+01,
    2.6554095745086670e+00, 1.0019314575195312e+02,
    3.3490862697362900e-02, 11600639, -1, 1.8208740234375000e+02,
    7.5063835144042969e+01, 2.7836360931396484e+00,
    7.3074340820312500e-01, 2.2497383877635002e-02, 15008511, -1,
    1.8208740234375000e+02, 7.5063835144042969e+01,
    2.7836360931396484e+00, 1.5033795166015625e+02,
    2.2497383877635002e-02, 15008511, -1, 8.6154571533203125e+01,
    7.6542541503906250e+01, 2.5507285594940186e+00,
    3.5740621948242188e+02, 5.0319727510213852e-02, 8651519, -1,
    8.6154571533203125e+01, 7.6542541503906250e+01,
    2.5507285594940186e+00, 1.0634124755859375e+02,
    5.0319727510213852e-02, 8651519, -1, 1.2710733795166016e+02,
    7.7076347351074219e+01, 2.3522126674652100e+00,
    1.8723426818847656e+02, 4.6138349920511246e-02, 2818815, -1,
    9.0565803527832031e+01, 8.7206626892089844e+01,
    2.5487141609191895e+00, 2.5693743896484375e+02,
    4.0138725191354752e-02, 8585983, -1, 1.0384495544433594e+02,
    9.9997993469238281e+01, 2.6436073780059814e+00,
    1.6520025634765625e+02, 3.4945964813232422e-02, 11272959, -1,
    1.0384495544433594e+02, 9.9997993469238281e+01,
    2.6436073780059814e+00, 4.4600646972656250e+01,
    3.4945964813232422e-02, 11272959, -1, 9.3945945739746094e+01,
    1.0121791076660156e+02, 2.6498210430145264e+00,
    8.7778625488281250e+01, 3.9980221539735794e-02, 11404031, -1,
    9.3945945739746094e+01, 1.0121791076660156e+02,
    2.6498210430145264e+00, 4.0059661865234375e+01,
    3.9980221539735794e-02, 11404031, -1, 9.3945945739746094e+01,
    1.0121791076660156e+02, 2.6498210430145264e+00,
    1.1867401123046875e+01, 3.9980221539735794e-02, 11404031, -1,
    1.0636762237548828e+02, 1.1194218444824219e+02,
    2.7885148525238037e+00, 2.3392274475097656e+02,
    4.1520949453115463e-02, 15139583, -1, 2.7334934234619141e+01,
    1.1378068542480469e+02, 2.7445268630981445e+00,
    1.5540628051757812e+02, 3.3311855047941208e-02, 13959935, -1,
    2.7334934234619141e+01, 1.1378068542480469e+02,
    2.7445268630981445e+00, 1.1760821533203125e+02,
    3.3311855047941208e-02, 13959935, -1, 1.2344116210937500e+02,
    1.1462756347656250e+02, 2.6246821880340576e+00,
    3.5574771118164062e+02, 4.9463622272014618e-02, 10748671, -1,
    1.2344116210937500e+02, 1.1462756347656250e+02,
    2.6246821880340576e+00, 1.8000448608398438e+02,
    4.9463622272014618e-02, 10748671, -1, 1.0268945312500000e+02,
    1.1644364166259766e+02, 2.4382827281951904e+00,
    9.1732910156250000e+01, 4.4607911258935928e-02, 5374719, -1,
    1.6413869857788086e+01, 1.1831367492675781e+02,
    2.7630536556243896e+00, 3.4362838745117188e+02,
    3.0065989121794701e-02, 14418687, -1, 1.6413869857788086e+01,
    1.1831367492675781e+02, 2.7630536556243896e+00,
    7.3754882812500000e+00, 3.0065989121794701e-02, 14418687, -1,
    9.7079391479492188e+01, 1.1854605865478516e+02,
    2.3547952175140381e+00, 4.7329528808593750e+01,
    3.8321953266859055e-02, 2884351, -1, 2.9032001495361328e+01,
    1.2150981903076172e+02, 2.4664249420166016e+00,
    2.2577194213867188e+02, 3.3463433384895325e-02, 6226687, -1,
    2.9032001495361328e+01, 1.2150981903076172e+02,
    2.4664249420166016e+00, 1.8215162658691406e+02,
    3.3463433384895325e-02, 6226687, -1, 1.6310124206542969e+02,
    1.2514190673828125e+02, 2.4282805919647217e+00,
    3.4275393676757812e+02, 2.0062709227204323e-02, 5112575, -1,
    5.6078395843505859e+01, 1.2686220550537109e+02,
    2.3759701251983643e+00, 2.5707843017578125e+02,
    6.4116023480892181e-02, 3539711, -1, 5.6078395843505859e+01,
    1.2686220550537109e+02, 2.3759701251983643e+00,
    7.9065368652343750e+01, 6.4116023480892181e-02, 3539711, -1,
    1.6834588623046875e+02, 1.2912408447265625e+02,
    2.3739485740661621e+00, 2.5642993164062500e+02,
    1.7950957641005516e-02, 3474175, -1, 1.0921321105957031e+02,
    1.4527990722656250e+02, 2.6070868968963623e+00,
    3.5771978759765625e+02, 4.9365043640136719e-02, 10224383, -1,
    1.0921321105957031e+02, 1.4527990722656250e+02,
    2.6070868968963623e+00, 1.8590130615234375e+02,
    4.9365043640136719e-02, 10224383, -1, 5.6456359863281250e+01,
    1.4721025085449219e+02, 2.5950484275817871e+00,
    3.1985537719726562e+02, 3.5450961440801620e-02, 9896703, -1,
    7.1613883972167969e+01, 1.5498963928222656e+02,
    2.6254599094390869e+00, 3.7161315917968750e+01,
    5.1178071647882462e-02, 10748671, -1, 7.8920776367187500e+01,
    1.5509724426269531e+02, 2.2836439609527588e+00,
    2.1183364868164062e+02, 4.9050685018301010e-02, 656127, -1,
    7.8920776367187500e+01, 1.5509724426269531e+02,
    2.2836439609527588e+00, 2.6147888183593750e+01,
    4.9050685018301010e-02, 656127, -1, 1.2353878784179688e+02,
    1.5640115356445312e+02, 2.5410974025726318e+00,
