%YAML:1.0
tag: [ 5.2528385162353516e+01, 1.1195088386535645e+01,
    2.3119671344757080e+00, 3.5821691894531250e+02,
    5.9460349380970001e-02, 1573631, -1, 4.2408020019531250e+01,
    1.4700729370117188e+01, 1.8003689050674438e+00,
    3.5231637573242188e+02, 6.3008233904838562e-02, 197119, -1,
    2.3231746673583984e+01, 1.5055717468261719e+01,
    1.9389675855636597e+00, 2.2849627685546875e+02,
    5.0215281546115875e-02, 5571071, -1, 2.3231746673583984e+01,
    1.5055717468261719e+01, 1.9389675855636597e+00,
    5.1201019287109375e+01, 5.0215281546115875e-02, 5571071, -1,
    4.7187622070312500e+01, 1.8358451843261719e+01,
    2.0680222511291504e+00, 2.9046520996093750e+02,
    6.7113421857357025e-02, 10224127, -1, 7.0466354370117188e+01,
    1.8961341857910156e+01, 2.1728894710540771e+00,
    2.4100914001464844e+02, 5.9752970933914185e-02, 13763071, -1,
    8.8710853576660156e+01, 2.2422889709472656e+01,
    1.8488578796386719e+00, 5.1529449462890625e+01,
    6.2383063137531281e-02, 2097663, -1, 4.2468826293945312e+01,
    3.6158630371093750e+01, 2.5224752426147461e+00,
    3.4398034667968750e+02, 5.8661587536334991e-02, 7865087, -1,
    4.2468826293945312e+01, 3.6158630371093750e+01,
    2.5224752426147461e+00, 9.3598876953125000e+01,
    5.8661587536334991e-02, 7865087, -1, 5.6855072021484375e+01,
    3.8881999969482422e+01, 1.9006319046020508e+00,
    2.3315792846679688e+02, 6.7245930433273315e-02, 4129279, -1,
    3.0987197875976562e+01, 4.4463024139404297e+01,
    1.8722374439239502e+00, 1.7612478637695312e+02,
    7.4386321008205414e-02, 3015167, -1, 3.0987197875976562e+01,
    4.4463024139404297e+01, 1.8722374439239502e+00,
    1.4124452209472656e+02, 7.4386321008205414e-02, 3015167, -1,
    6.3183769226074219e+01, 4.4409008026123047e+01,
    1.9402862787246704e+00, 1.5753202819824219e+02,
    2.3615285754203796e-02, 5571071, -1, 2.8899980545043945e+01,
    4.6721973419189453e+01, 2.0375487804412842e+00,
    3.5794796752929688e+02, 6.6955454647541046e-02, 9110015, -1,
    7.5526161193847656e+01, 4.6829357147216797e+01,
    1.8213993310928345e+00, 3.1304449462890625e+02,
    4.0459349751472473e-02, 1049087, -1, 2.8827613830566406e+01,
    5.0609451293945312e+01, 1.8215557336807251e+00,
    3.5383963012695312e+02, 6.2320444732904434e-02, 1049087, -1,
    9.6642738342285156e+01, 5.6590721130371094e+01,
    1.8429749011993408e+00, 2.0981506347656250e+01,
    4.2156536132097244e-02, 1901055, -1, 3.3144622802734375e+01,
    6.0401264190673828e+01, 2.0467531681060791e+00,
    3.2598876953125000e+02, 4.7989424318075180e-02, 9437695, -1,
    3.3052570343017578e+01, 6.4519073486328125e+01,
    1.8022594451904297e+00, 1.1484826660156250e+02,
    6.1169058084487915e-02, 262655, -1, 3.9049839019775391e+01,
    6.6316421508789062e+01, 1.9843043088912964e+00,
    3.0990667724609375e+02, 6.5975815057754517e-02, 7209471, -1,
    6.4853210449218750e+01, 7.0588088989257812e+01,
    1.8195345401763916e+00, 2.5757235717773438e+02,
    6.5934456884860992e-02, 918015, -1, 6.6948310852050781e+01,
    7.2897193908691406e+01, 1.8681195974349976e+00,
    2.5729623413085938e+02, 6.2595516443252563e-02, 2818559, -1,
    4.9009780883789062e+01, 7.6839912414550781e+01,
    1.9021961688995361e+00, 9.2640350341796875e+01,
    7.1446642279624939e-02, 4129279, -1, 4.9009780883789062e+01,
    7.6839912414550781e+01, 1.9021961688995361e+00,
    5.1460021972656250e+01, 7.1446642279624939e-02, 4129279, -1,
    9.0384086608886719e+01, 8.0457313537597656e+01,
    1.9729236364364624e+00, 3.7497741699218750e+01,
    2.1798318251967430e-02, 6816255, -1, 5.9577178955078125e+01,
    1.1060811996459961e+01, 2.6396861076354980e+00,
    1.6827978515625000e+02, 5.9686981141567230e-02, 11141887, -1,
    1.8446672439575195e+01, 1.1494029045104980e+01,
    2.5824902057647705e+00, 2.2496479797363281e+02,
    1.5032636001706123e-02, 9569023, -1, 6.6760551452636719e+01,
    1.1947957038879395e+01, 2.8922278881072998e+00,
    1.8725399780273438e+02, 7.7951990067958832e-02, 1049599, -1,
    6.6760551452636719e+01, 1.1947957038879395e+01,
    2.8922278881072998e+00, 3.3913085937500000e+01,
    7.7951990067958832e-02, 1049599, -1, 4.5227069854736328e+01,
    1.2649214744567871e+01, 2.8231256008148193e+00,
    1.6236126708984375e+02, 5.9972897171974182e-02, 15991551, -1,
    4.5227069854736328e+01, 1.2649214744567871e+01,
    2.8231256008148193e+00, 1.1152853393554688e+02,
    5.9972897171974182e-02, 15991551, -1, 3.8345825195312500e+01,
    1.3594884872436523e+01, 2.6921617984771729e+00,
    3.4168579101562500e+02, 5.9369940310716629e-02, 12583679, -1,
    7.4074607849121094e+01, 1.3444298744201660e+01,
    2.6444401741027832e+00, 2.7574920654296875e+01,
    8.1430859863758087e-02, 11272959, -1, 4.9188667297363281e+01,
    1.5281318664550781e+01, 2.6884269714355469e+00,
    3.5130657958984375e+02, 7.3948875069618225e-02, 12452607, -1,
    4.9188667297363281e+01, 1.5281318664550781e+01,
    2.6884269714355469e+00, 1.6283659362792969e+02,
    7.3948875069618225e-02, 12452607, -1, 5.9941612243652344e+01,
    1.6186525344848633e+01, 2.5911831855773926e+00,
    2.4411795043945312e+02, 6.6713884472846985e-02, 9831167, -1,
    5.9941612243652344e+01, 1.6186525344848633e+01,
    2.5911831855773926e+00, 1.6441758728027344e+02,
    6.6713884472846985e-02, 9831167, -1, 5.3441177368164062e+01,
    1.6777223587036133e+01, 2.6348011493682861e+00,
    3.4976840209960938e+02, 6.2565609812736511e-02, 11010815, -1,
    8.4659088134765625e+01, 1.7744915008544922e+01,
    2.3084638118743896e+00, 2.9524942016601562e+02,
    7.8442357480525970e-02, 1442559, -1, 8.4659088134765625e+01,
    1.7744915008544922e+01, 2.3084638118743896e+00,
    1.5221450805664062e+02, 7.8442357480525970e-02, 1442559, -1,
    8.8961006164550781e+01, 1.8026304244995117e+01,
    2.6183171272277832e+00, 3.1072833251953125e+02,
    5.8685608208179474e-02, 10552063, -1, 2.3201683044433594e+01,
    1.9622720718383789e+01, 2.8233575820922852e+00,
    2.2676908874511719e+02, 5.9799998998641968e-02, 15991551, -1,
    6.2601833343505859e+01, 1.9604835510253906e+01,
    2.7129073143005371e+00, 3.1291976928710938e+02,
    6.5982446074485779e-02, 13107967, -1, 6.2601833343505859e+01,
    1.9604835510253906e+01, 2.7129073143005371e+00,
    2.4247387695312500e+02, 6.5982446074485779e-02, 13107967, -1,
    4.5204334259033203e+01, 2.0535711288452148e+01,
    2.3394191265106201e+00, 2.8571105957031250e+02,
    6.0683414340019226e-02, 2425599, -1, 9.3020927429199219e+01,
    2.2413379669189453e+01, 2.2995011806488037e+00,
    3.1588253784179688e+02, 7.1236595511436462e-02, 1180415, -1,
    9.3020927429199219e+01, 2.2413379669189453e+01,
    2.2995011806488037e+00, 1.3159655761718750e+02,
    7.1236595511436462e-02, 1180415, -1, 5.3002941131591797e+01,
    2.5534267425537109e+01, 2.5107245445251465e+00,
    2.6536499023437500e+02, 7.0005692541599274e-02, 7537407, -1,
    5.8992820739746094e+01, 2.5329277038574219e+01,
    2.4480323791503906e+00, 2.7044546508789062e+02,
    6.7185439169406891e-02, 5702399, -1, 5.8992820739746094e+01,
    2.5329277038574219e+01, 2.4480323791503906e+00,
    1.3078630065917969e+02, 6.7185439169406891e-02, 5702399, -1,
    2.6214372634887695e+01, 2.5458633422851562e+01,
    2.8546173572540283e+00, 3.3832879638671875e+02,
    8.0897636711597443e-02, 66559, -1, 9.6043846130371094e+01,
    2.8305830001831055e+01, 2.8119666576385498e+00,
    3.3879299926757812e+02, 5.1301594823598862e-02, 15729407, -1,
    9.6043846130371094e+01, 2.8305830001831055e+01,
    2.8119666576385498e+00, 1.1151065063476562e+02,
    5.1301594823598862e-02, 15729407, -1, 2.6560197830200195e+01,
    3.0366205215454102e+01, 2.4048092365264893e+00,
    2.9902502441406250e+02, 7.2211660444736481e-02, 4391679, -1,
    2.7546136856079102e+01, 3.4771606445312500e+01,
    2.4871222972869873e+00, 1.5703665161132812e+02,
    6.4388036727905273e-02, 6816511, -1, 2.7546136856079102e+01,
    3.4771606445312500e+01, 2.4871222972869873e+00,
