%YAML:1.0
tag: [ 1.2301208496093750e+02, 4.3023914337158203e+01,
    2.1931226253509521e+00, 2.0445591735839844e+02,
    5.6887499988079071e-02, 14483967, -1, 1.2301208496093750e+02,
    4.3023914337158203e+01, 2.1931226253509521e+00,
    6.0304382324218750e+01, 5.6887499988079071e-02, 14483967, -1,
    5.6839653015136719e+01, 7.1565238952636719e+01,
    1.9130214452743530e+00, 1.9362695312500000e+02,
    4.3609336018562317e-02, 4588031, -1, 5.6839653015136719e+01,
    7.1565238952636719e+01, 1.9130214452743530e+00,
    1.9240447998046875e+01, 4.3609336018562317e-02, 4588031, -1,
    9.4531044006347656e+01, 8.6686309814453125e+01,
    1.8103607892990112e+00, 7.1906005859375000e+01,
    6.1578169465065002e-02, 590335, -1, 1.0994629859924316e+01,
    1.0514065551757812e+02, 2.2511062622070312e+00,
    2.6541732788085938e+02, 5.5492576211690903e-02, 16318975, -1,
    2.8273262023925781e+01, 1.2878169250488281e+02,
    1.9567645788192749e+00, 8.8648742675781250e+01,
    4.2294714599847794e-02, 6226431, -1, 1.8729352951049805e+01,
    3.3473770141601562e+01, 2.2912561893463135e+00,
    2.1137413024902344e+02, 2.0202836021780968e-02, 918271, -1,
    4.8484313964843750e+01, 4.4562671661376953e+01,
    2.3285501003265381e+00, 3.2979516601562500e+02,
    2.0007116720080376e-02, 2097919, -1, 6.0903888702392578e+01,
    5.9516895294189453e+01, 2.8133466243743896e+00,
    2.5645318603515625e+02, 2.6375371962785721e-02, 15729407, -1,
    7.5235221862792969e+01, 7.1284141540527344e+01,
    2.5913383960723877e+00, 2.6310418701171875e+02,
    4.9088608473539352e-02, 9831167, -1, 1.0792188262939453e+02,
    7.1313438415527344e+01, 2.6278705596923828e+00,
    2.7700659179687500e+02, 6.5492577850818634e-02, 10814207, -1,
    1.4439990234375000e+02, 7.5815139770507812e+01,
    2.5053734779357910e+00, 3.2602072143554688e+02,
    3.6417938768863678e-02, 7340799, -1, 1.2674495697021484e+02,
    7.6524917602539062e+01, 2.2836005687713623e+00,
    3.5895715332031250e+02, 6.1730202287435532e-02, 656127, -1,
    1.3711087036132812e+02, 7.7170272827148438e+01,
    2.3490395545959473e+00, 1.6917631530761719e+02,
    3.6953348666429520e-02, 2687743, -1, 1.0003401184082031e+02,
    7.9443878173828125e+01, 2.8427889347076416e+00,
    8.5996673583984375e+01, 3.1554378569126129e-02, 16515839, -1,
    1.0003401184082031e+02, 7.9443878173828125e+01,
    2.8427889347076416e+00, 6.1061370849609375e+01,
    3.1554378569126129e-02, 16515839, -1, 5.7387380599975586e+00,
    9.4535964965820312e+01, 2.6794402599334717e+00,
    1.7019357299804688e+02, 2.5218918919563293e-02, 12255999, -1,
    4.1162281036376953e+01, 1.1319118499755859e+02,
    2.4265515804290771e+00, 3.9683044433593750e+01,
    2.0541846752166748e-02, 5047039, -1, 4.6349304199218750e+01,
    1.5111183166503906e+02, 2.4666721820831299e+00,
    3.5544555664062500e+01, 2.4699997156858444e-02, 6226687, -1,
    2.7577371597290039e+01, 1.5342175292968750e+02,
    2.8208131790161133e+00, 1.4099383544921875e+02,
    2.1362639963626862e-02, 15926015, -1, 1.4352528381347656e+02,
    1.5360800170898438e+02, 2.7103674411773682e+00,
    3.3952893066406250e+02, 7.4205517768859863e-02, 13042431, -1,
    1.4352528381347656e+02, 1.5360800170898438e+02,
    2.7103674411773682e+00, 9.9107849121093750e+01,
    7.4205517768859863e-02, 13042431, -1, 4.9046310424804688e+01,
    9.6405992507934570e+00, 3.3608837127685547e+00,
    2.4770994567871094e+02, 1.9745623692870140e-02, 11928575, -1,
    1.3714659118652344e+02, 1.1645942687988281e+01,
    3.0488488674163818e+00, 2.9926678466796875e+02,
    3.0394587665796280e-02, 4850687, -1, 3.5324687957763672e+01,
    1.6934040069580078e+01, 3.3858757019042969e+00,
    2.3710549926757812e+02, 2.4097129702568054e-02, 12452863, -1,
    3.7539653778076172e+01, 2.0457153320312500e+01,
    3.5247044563293457e+00, 2.3738227844238281e+02,
    2.2511184215545654e-02, 15336447, -1, 2.9752227783203125e+01,
    2.0913085937500000e+01, 3.3453254699707031e+00,
    2.3020477294921875e+02, 2.5055130943655968e-02, 11600895, -1,
    1.5227479553222656e+02, 2.1391765594482422e+01,
    3.0108883380889893e+00, 3.1318951416015625e+02,
    3.5867001861333847e-02, 3933183, -1, 3.2839363098144531e+01,
    2.3700010299682617e+01, 3.3910877704620361e+00,
    2.3097094726562500e+02, 2.5609513744711876e-02, 12583935, -1,
    1.5558958435058594e+02, 2.4797067642211914e+01,
    3.1497478485107422e+00, 3.1916470336914062e+02,
    3.4296561032533646e-02, 7209983, -1, 2.5108570098876953e+01,
    2.5412117004394531e+01, 2.8924524784088135e+00,
    2.2265786743164062e+02, 2.3136107251048088e-02, 1049599, -1,
    1.5435060119628906e+02, 2.9087158203125000e+01,
    3.1031625270843506e+00, 3.1972286987304688e+02,
    3.6355704069137573e-02, 6161407, -1, 1.0623443603515625e+02,
    3.7906314849853516e+01, 3.5486252307891846e+00,
    1.5798406982421875e+02, 5.3995266556739807e-02, 15860735, -1,
    7.2690284729003906e+01, 3.9117443084716797e+01,
    3.2024471759796143e+00, 1.1951383972167969e+02,
    2.2683687508106232e-02, 8389631, -1, 1.1153660583496094e+02,
    3.9484626770019531e+01, 3.1172959804534912e+00,
    5.5638183593750000e+01, 3.1035039573907852e-02, 6489087, -1,
    1.3315148925781250e+02, 4.2587402343750000e+01,
    3.2797722816467285e+00, 2.1094831848144531e+02,
    6.1472326517105103e-02, 10159103, -1, 1.3315148925781250e+02,
    4.2587402343750000e+01, 3.2797722816467285e+00,
    7.7617065429687500e+01, 6.1472326517105103e-02, 10159103, -1,
    2.1460880279541016e+01, 4.8963447570800781e+01,
    3.2807641029357910e+00, 3.8523559570312500e+00,
    4.9111872911453247e-02, 10159103, -1, 2.1460880279541016e+01,
    4.8963447570800781e+01, 3.2807641029357910e+00,
    1.4531570434570312e+02, 4.9111872911453247e-02, 10159103, -1,
    1.5969586181640625e+02, 4.9661098480224609e+01,
    3.1458396911621094e+00, 1.7558352661132812e+02,
    7.3250427842140198e-02, 7144447, -1, 1.5969586181640625e+02,
    4.9661098480224609e+01, 3.1458396911621094e+00,
    4.0306549072265625e+01, 7.3250427842140198e-02, 7144447, -1,
    7.5911758422851562e+01, 5.1010433197021484e+01,
    3.4136753082275391e+00, 2.6533596801757812e+02,
    2.0930279046297073e-02, 13042687, -1, 8.6963127136230469e+01,
    5.8515026092529297e+01, 3.4555058479309082e+00,
    7.5895996093750000e+01, 2.7953971177339554e-02, 13894655, -1,
    1.5052000427246094e+02, 5.9327236175537109e+01,
    3.3043408393859863e+00, 9.5774719238281250e+01,
    5.7948540896177292e-02, 10683391, -1, 1.5052000427246094e+02,
    5.9327236175537109e+01, 3.3043408393859863e+00,
    2.5717163085937500e+01, 5.7948540896177292e-02, 10683391, -1,
    1.0732546997070312e+02, 6.4441604614257812e+01,
    3.1455924510955811e+00, 2.6896923828125000e+02,
    5.0682824105024338e-02, 7144447, -1, 1.0732546997070312e+02,
    6.4441604614257812e+01, 3.1455924510955811e+00,
    1.3268095397949219e+02, 5.0682824105024338e-02, 7144447, -1,
    7.1325546264648438e+01, 6.8110031127929688e+01,
    3.2329633235931396e+00, 1.9919357299804688e+02,
    3.2670840620994568e-02, 9110527, -1, 3.7373073577880859e+01,
    6.9360496520996094e+01, 3.5629043579101562e+00,
    2.2113954162597656e+02, 2.1823702380061150e-02, 16122879, -1,
    8.5993934631347656e+01, 7.0572174072265625e+01,
    2.9884994029998779e+00, 3.3310162353515625e+02,
    4.2775619775056839e-02, 3408895, -1, 1.1805809783935547e+02,
    7.4415786743164062e+01, 3.4764759540557861e+00,
    3.5806353759765625e+02, 5.8464474976062775e-02, 14353407, -1,
    1.1805809783935547e+02, 7.4415786743164062e+01,
    3.4764759540557861e+00, 1.7003283691406250e+02,
    5.8464474976062775e-02, 14353407, -1, 1.0465087127685547e+02,
    7.5524719238281250e+01, 3.3840012550354004e+00,
    8.3773376464843750e+01, 5.2468877285718918e-02, 12387327, -1,
    1.4861203002929688e+02, 7.5363815307617188e+01,
    3.3942506313323975e+00, 3.1850283813476562e+02,
    4.9129098653793335e-02, 12649471, -1, 1.4861203002929688e+02,
    7.5363815307617188e+01, 3.3942506313323975e+00,
