%YAML:1.0
tag: [ 1.5666264343261719e+02, 3.7195953369140625e+01,
    3.4925358295440674e+00, 1.0094540405273438e+02,
    1.4983387663960457e-02, 14681087, -1, 1.3769073486328125e+02,
    4.1052776336669922e+01, 3.2831008434295654e+00,
    3.0879913330078125e+02, 1.5159421600401402e-02, 10224639, -1,
    1.2207950592041016e+02, 4.3528633117675781e+01,
    3.1389744281768799e+00, 2.9716268920898438e+02,
    1.7613485455513000e-02, 6947839, -1, 2.7110217285156250e+02,
    4.5995571136474609e+01, 2.8868613243103027e+00,
    3.2733078002929688e+02, 1.3465330936014652e-02, 918527, -1,
    1.1336898803710938e+02, 4.6660579681396484e+01,
    3.0981206893920898e+00, 2.9406146240234375e+02,
    1.3916568830609322e-02, 6030335, -1, 1.2661071777343750e+02,
    4.7718280792236328e+01, 3.1466767787933350e+00,
    2.9920959472656250e+02, 1.3485432602465153e-02, 7144447, -1,
    1.3229789733886719e+02, 4.7258136749267578e+01,
    3.3268902301788330e+00, 2.9707324218750000e+02,
    1.9249439239501953e-02, 11142143, -1, 1.4452008056640625e+02,
    4.7619174957275391e+01, 3.5364263057708740e+00,
    3.0757855224609375e+02, 2.1628983318805695e-02, 15598591, -1,
    1.2153895568847656e+02, 4.8516250610351562e+01,
    3.2547810077667236e+00, 2.8799942016601562e+02,
    1.7640836536884308e-02, 9569279, -1, 1.1157590484619141e+02,
    5.0277946472167969e+01, 2.8671090602874756e+00,
    1.6066961669921875e+02, 1.3675552792847157e-02, 394239, -1,
    2.7377740478515625e+02, 5.0209426879882812e+01,
    3.3206977844238281e+00, 3.2751715087890625e+02,
    1.5581600368022919e-02, 11011071, -1, 1.0590997314453125e+02,
    5.0796401977539062e+01, 3.3479888439178467e+00,
    1.1221556091308594e+02, 1.8731094896793365e-02, 11600895, -1,
    2.8098303222656250e+02, 5.4131721496582031e+01,
    3.2812237739562988e+00, 3.3594439697265625e+02,
    1.6092270612716675e-02, 10159103, -1, 9.8358734130859375e+01,
    5.4680000305175781e+01, 3.0066697597503662e+00,
    1.6433715820312500e-01, 1.6042096540331841e-02, 3867647, -1,
    1.5518934631347656e+02, 8.0780563354492188e+01,
    3.4488663673400879e+00, 3.0312118530273438e+02,
    1.5672199428081512e-02, 13763583, -1, 1.5518934631347656e+02,
    8.0780563354492188e+01, 3.4488663673400879e+00,
    1.4567459106445312e+02, 1.5672199428081512e-02, 13763583, -1,
    1.4445539855957031e+02, 8.3075859069824219e+01,
    3.2090995311737061e+00, 1.5917138671875000e+02,
    1.4388470910489559e-02, 8586239, -1, 1.9915689086914062e+02,
    9.2673149108886719e+01, 3.3354759216308594e+00,
    2.6665545654296875e+02, 1.5851547941565514e-02, 11338751, -1,
    1.0161094665527344e+02, 1.1796897125244141e+02,
    3.5229687690734863e+00, 1.2627581787109375e+02,
    1.3970483094453812e-02, 15336447, -1, 1.0161094665527344e+02,
    1.1796897125244141e+02, 3.5229687690734863e+00,
    1.0427201843261719e+02, 1.3970483094453812e-02, 15336447, -1,
    1.1937166595458984e+02, 1.2377712249755859e+02,
    3.5294327735900879e+00, 3.1976745605468750e+02,
    2.0437577739357948e-02, 15467519, -1, 1.3481539916992188e+02,
    1.2380278778076172e+02, 3.1064870357513428e+00,
    1.6673849487304688e+02, 1.8119597807526588e-02, 6226943, -1,
    1.3481539916992188e+02, 1.2380278778076172e+02,
    3.1064870357513428e+00, 1.4413595581054688e+02,
    1.8119597807526588e-02, 6226943, -1, 1.3848678588867188e+02,
    1.2728292846679688e+02, 3.4452462196350098e+00,
    4.1233917236328125e+01, 1.7507959157228470e-02, 13698047, -1,
    4.1160945892333984e+01, 1.3935617065429688e+02,
    3.3335893154144287e+00, 1.3097749328613281e+02,
    1.6622999683022499e-02, 11338751, -1, 4.4304504394531250e+01,
    1.4212504577636719e+02, 3.3996155261993408e+00,
    1.3024736022949219e+02, 1.5925908461213112e-02, 12715007, -1,
    9.3023727416992188e+01, 1.4300463867187500e+02,
    3.4821548461914062e+00, 2.7709625244140625e+02,
    2.0274687558412552e-02, 14484479, -1, 3.9394367218017578e+01,
    1.4332427978515625e+02, 3.1412231922149658e+00,
    1.2920916748046875e+02, 1.6621090471744537e-02, 7013375, -1,
    2.0307742309570312e+02, 1.4590859985351562e+02,
    3.5500640869140625e+00, 2.6792526245117188e+02,
    1.3841983862221241e-02, 15860735, -1, 5.1383171081542969e+01,
    1.4733229064941406e+02, 3.2598130702972412e+00,
    1.2100007629394531e+02, 1.6773262992501259e-02, 9700351, -1,
    4.6115402221679688e+01, 1.4864401245117188e+02,
    3.2145211696624756e+00, 1.2770173645019531e+02,
    1.6702122986316681e-02, 8651775, -1, 1.9919836425781250e+02,
    1.5095791625976562e+02, 3.4244923591613770e+00,
    3.2939453125000000e+02, 1.5308675356209278e-02, 13239295, -1,
    1.9919836425781250e+02, 1.5095791625976562e+02,
    3.4244923591613770e+00, 2.8569506835937500e+02,
    1.5308675356209278e-02, 13239295, -1, 5.1366432189941406e+01,
    1.5189114379882812e+02, 3.0379838943481445e+00,
    1.1863946533203125e+02, 1.5255004167556763e-02, 4588543, -1,
    5.7464088439941406e+01, 1.5527447509765625e+02,
    2.9973654747009277e+00, 1.2067855834960938e+02,
    1.4399848878383636e-02, 3605503, -1, 6.3209281921386719e+01,
    1.5903233337402344e+02, 3.3876953125000000e+00,
    1.1750692749023438e+02, 1.3664107769727707e-02, 12452863, -1,
    1.6604133605957031e+02, 8.1126050949096680e+00,
    3.6467247009277344e+00, 1.1660220336914062e+02,
    1.4016138389706612e-02, 1114368, -1, 1.9782295227050781e+02,
    1.4274978637695312e+01, 4.3412885665893555e+00,
    2.5448287963867188e+02, 1.7373224720358849e-02, 13697280, -1,
    1.9782295227050781e+02, 1.4274978637695312e+01,
    4.3412885665893555e+00, 1.1404539489746094e+02,
    1.7373224720358849e-02, 13697280, -1, 1.4791419982910156e+02,
    2.2615665435791016e+01, 3.9155037403106689e+00,
    3.2895697021484375e+02, 1.6406845301389694e-02, 6226176, -1,
    1.4263330078125000e+02, 3.9228008270263672e+01,
    3.8686878681182861e+00, 3.3743798828125000e+02,
    1.9700368866324425e-02, 5374208, -1, 1.3200250244140625e+02,
    4.1044670104980469e+01, 3.6121017932891846e+00,
    3.0418542480468750e+02, 1.9491946324706078e-02, 393472, -1,
    2.4212449645996094e+02, 4.1121944427490234e+01,
    3.9518401622772217e+00, 1.3152236938476562e+02,
    1.8715145066380501e-02, 6881536, -1, 2.1236344909667969e+02,
    4.3334991455078125e+01, 4.1656107902526855e+00,
    2.9826193237304688e+02, 1.4769542962312698e-02, 10748160, -1,
    2.1236344909667969e+02, 4.3334991455078125e+01,
    4.1656107902526855e+00, 1.2282458496093750e+02,
    1.4769542962312698e-02, 10748160, -1, 1.0623033905029297e+02,
    4.4831840515136719e+01, 4.4139800071716309e+00,
    6.4598632812500000e+01, 1.5091656707227230e-02, 14876928, -1,
    2.0491973876953125e+02, 4.4910232543945312e+01,
    4.4791445732116699e+00, 3.0048037719726562e+02,
    1.9136846065521240e-02, 15991040, -1, 9.8656425476074219e+01,
    4.8919166564941406e+01, 4.3739161491394043e+00,
    5.8249389648437500e+01, 1.5679100528359413e-02, 14221568, -1,
    1.6814628601074219e+02, 5.2166996002197266e+01,
    4.3159489631652832e+00, 1.6939797973632812e+02,
    2.0133316516876221e-02, 13304064, -1, 7.2291252136230469e+01,
    5.4962379455566406e+01, 4.4133734703063965e+00,
    2.4643925476074219e+02, 1.6083700582385063e-02, 14876928, -1,
    7.2291252136230469e+01, 5.4962379455566406e+01,
    4.4133734703063965e+00, 1.8819854736328125e+01,
    1.6083700582385063e-02, 14876928, -1, 2.4736418151855469e+02,
    6.5083992004394531e+01, 3.7311229705810547e+00,
    3.0276034545898438e+02, 1.8817469477653503e-02, 2752768, -1,
    2.4736418151855469e+02, 6.5083992004394531e+01,
    3.7311229705810547e+00, 1.6861965942382812e+02,
    1.8817469477653503e-02, 2752768, -1, 2.4736418151855469e+02,
    6.5083992004394531e+01, 3.7311229705810547e+00,
    1.3355322265625000e+02, 1.8817469477653503e-02, 2752768, -1,
    2.8500299072265625e+02, 6.5111885070800781e+01,
    3.6091129779815674e+00, 3.3686355590820312e+02,
    1.4421573840081692e-02, 327936, -1, 7.9350921630859375e+01,
    6.7104347229003906e+01, 4.4312157630920410e+00,
