%YAML:1.0
tag: [ 3.0679742431640625e+02, 2.4667764282226562e+02,
    4.7477049827575684e+00, 1.0887397766113281e+02,
    1.1823672056198120e-01, 3473920, -1, 2.4242819213867188e+02,
    1.7483470153808594e+02, 2.0391223430633545e+00,
    2.7914062500000000e+02, 1.0579273104667664e-01, 9175551, -1,
    2.7911370849609375e+02, 1.6805014038085938e+02,
    7.6336035728454590e+00, 9.3630004882812500e+01,
    1.0133514553308487e-01, 4391169, -1, 1.7370996093750000e+02,
    1.6759858703613281e+02, 7.2497291564941406e+00,
    8.7199432373046875e+01, 1.0161459445953369e-01, 655617, -1,
    3.1857684326171875e+02, 2.0861413574218750e+02,
    5.7732858657836914e+00, 7.9521942138671875e+01,
    1.1979949474334717e-01, 918272, -1, 3.1857684326171875e+02,
    2.0861413574218750e+02, 5.7732858657836914e+00,
    2.9392797851562500e+02, 1.1979949474334717e-01, 918272, -1,
    2.3764344787597656e+02, 2.0732141113281250e+02,
    6.4031405448913574e+00, 2.3048567199707031e+02,
    1.0373064875602722e-01, 8389376, -1, 2.1426745605468750e+02,
    2.0747943115234375e+02, 6.1779603958129883e+00,
    3.0492175292968750e+02, 1.0088453441858292e-01, 5833472, -1,
    3.1801553344726562e+02, 1.9396310424804688e+02,
    6.2701182365417480e+00, 3.7730438232421875e+01,
    1.0862306505441666e-01, 6882048, -1, 3.1801553344726562e+02,
    1.9396310424804688e+02, 6.2701182365417480e+00,
    2.6214178466796875e+02, 1.0862306505441666e-01, 6882048, -1,
    1.3366508483886719e+02, 1.9373863220214844e+02,
    6.2616519927978516e+00, 1.3935437011718750e+02,
    1.1022752523422241e-01, 6750976, -1, 1.3366508483886719e+02,
    1.9373863220214844e+02, 6.2616519927978516e+00,
    2.7760205078125000e+02, 1.1022752523422241e-01, 6750976, -1,
    3.1268698120117188e+02, 1.8608911132812500e+02,
    5.9370913505554199e+00, 1.4874839782714844e+02,
    9.8829738795757294e-02, 2949888, -1, 3.1268698120117188e+02,
    1.8608911132812500e+02, 5.9370913505554199e+00,
    2.7907986450195312e+02, 9.8829738795757294e-02, 2949888, -1,
    1.3925947570800781e+02, 1.8598809814453125e+02,
    5.8534641265869141e+00, 3.0280151367187500e+01,
    9.8980516195297241e-02, 1901312, -1, 1.3925947570800781e+02,
    1.8598809814453125e+02, 5.8534641265869141e+00,
    2.6151785278320312e+02, 9.8980516195297241e-02, 1901312, -1,
    3.0008605957031250e+02, 1.5813003540039062e+02,
    6.8355746269226074e+00, 3.6479766845703125e+01,
    1.0408236086368561e-01, 13107968, -1, 2.2574946594238281e+02,
    1.4288021850585938e+02, 5.7598643302917480e+00,
    8.6550354003906250e+01, 1.2724450230598450e-01, 721664, -1,
    2.2574946594238281e+02, 1.4288021850585938e+02,
    5.7598643302917480e+00, 2.7036984252929688e+02,
    1.2724450230598450e-01, 721664, -1, 2.2801055908203125e+02,
    7.4039871215820312e+01, 6.2858471870422363e+00,
    4.9923522949218750e+01, 1.1453755199909210e-01, 7078656, -1,
    2.2801055908203125e+02, 7.4039871215820312e+01,
    6.2858471870422363e+00, 9.1140625000000000e+01,
    1.1453755199909210e-01, 7078656, -1, 2.2801055908203125e+02,
    7.4039871215820312e+01, 6.2858471870422363e+00,
    1.7935116577148438e+02, 1.1453755199909210e-01, 7078656, -1,
    2.2801055908203125e+02, 7.4039871215820312e+01,
    6.2858471870422363e+00, 2.6983642578125000e+02,
    1.1453755199909210e-01, 7078656, -1, 2.2801055908203125e+02,
    7.4039871215820312e+01, 6.2858471870422363e+00,
    3.1021905517578125e+02, 1.1453755199909210e-01, 7078656, -1,
    1.7696092224121094e+02, 6.8726135253906250e+01,
    7.0632853507995605e+00, 6.9503356933593750e+01,
    1.1531981825828552e-01, 15467264, -1, 2.0560963439941406e+02,
    2.9054776000976562e+02, 5.0079054832458496e+00,
    2.6725769042968750e+00, 1.1790702491998672e-01, 7340544, -1,
    2.4655409240722656e+02, 2.8971304321289062e+02,
    5.1263804435729980e+00, 1.7445983886718750e+02,
    1.1682593077421188e-01, 9044480, -1, 1.9293688964843750e+02,
    2.8668960571289062e+02, 4.8004908561706543e+00,
    1.7237487792968750e+01, 1.1759709566831589e-01, 4260352, -1,
    2.5932675170898438e+02, 2.8597564697265625e+02,
    5.0330858230590820e+00, 1.6317742919921875e+02,
    1.1535286903381348e-01, 7668224, -1, 2.9951016235351562e+02,
    2.5678128051757812e+02, 4.9947009086608887e+00,
    9.2468048095703125e+01, 1.1657984554767609e-01, 7143936, -1,
    2.9502496337890625e+02, 1.7328897094726562e+02,
    1.6140409469604492e+01, 6.6980133056640625e+01,
    1.0618174821138382e-01, 8388866, -1, 2.9502496337890625e+02,
    1.7328897094726562e+02, 1.6140409469604492e+01,
    3.0337863159179688e+02, 1.0618174821138382e-01, 8388866, -1,
    3.0679742431640625e+02, 2.4667764282226562e+02,
    4.7477049827575684e+00, 3.1220928955078125e+02,
    1.1823672056198120e-01, 3473920, -1, 1.4509776306152344e+02,
    2.4666459655761719e+02, 4.8186964988708496e+00,
    6.8788269042968750e+01, 1.1772757023572922e-01, 4522496, -1,
    1.5714999389648438e+02, 1.7303245544433594e+02,
    1.6013854980468750e+01, 1.1219335937500000e+02,
    1.0634595900774002e-01, 7864578, -1, 1.5714999389648438e+02,
    1.7303245544433594e+02, 1.6013854980468750e+01,
    2.3867823791503906e+02, 1.0634595900774002e-01, 7864578, -1,
    2.5344430541992188e+02, 1.4799958801269531e+02,
    1.4657816886901855e+01, 1.1186003112792969e+02,
    1.0648223012685776e-01, 1442050, -1, 1.9836848449707031e+02,
    1.4840863037109375e+02, 1.4599321365356445e+01,
    6.9050048828125000e+01, 1.0756891220808029e-01, 1179906, -1,
    1.4509776306152344e+02, 2.4666459655761719e+02,
    4.8186964988708496e+00, 2.2826591491699219e+02,
    1.1772757023572922e-01, 4522496, -1, 2.9959674072265625e+02,
    2.4299081420898438e+02, 5.0620279312133789e+00,
    1.1710180664062500e+02, 1.0223145037889481e-01, 8126976, -1,
    2.9959674072265625e+02, 2.4299081420898438e+02,
    5.0620279312133789e+00, 2.9994985961914062e+02,
    1.0223145037889481e-01, 8126976, -1, 1.5182719421386719e+02,
    2.4313427734375000e+02, 5.0625920295715332e+00,
    5.8457458496093750e+01, 1.0509076714515686e-01, 8126976, -1,
    1.3907225036621094e+02, 2.3551263427734375e+02,
    5.1732406616210938e+00, 2.3628715515136719e+02,
    1.1953011155128479e-01, 9699840, -1, 3.1642047119140625e+02,
    2.2310981750488281e+02, 5.1942148208618164e+00,
    2.9981207275390625e+02, 1.2053566426038742e-01, 9961984, -1,
    1.3557984924316406e+02, 2.2284371948242188e+02,
    5.1896057128906250e+00, 2.4180999755859375e+02,
    1.2060925364494324e-01, 9896448, -1, 2.9988403320312500e+02,
    2.0914355468750000e+02, 4.6468129158020020e+00,
    2.9951452636718750e+02, 1.1719866096973419e-01, 1901056, -1,
    1.5188323974609375e+02, 2.0920263671875000e+02,
    4.6484813690185547e+00, 2.4061401367187500e+02,
    1.1986140161752701e-01, 1966592, -1, 2.2605920410156250e+02,
    1.9718717956542969e+02, 4.9958834648132324e+00,
    9.8527282714843750e+01, 1.1968431621789932e-01, 7143936, -1,
    2.2605920410156250e+02, 1.9718717956542969e+02,
    4.9958834648132324e+00, 2.6980560302734375e+02,
    1.1968431621789932e-01, 7143936, -1, 2.0942018127441406e+02,
    1.7473358154296875e+02, 2.5043513774871826e+00,
    2.6267861938476562e+02, 1.0600733011960983e-01, 7340799, -1,
    1.6108172607421875e+02, 3.1810424804687500e+02,
    1.1880098342895508e+01, 2.4018585205078125e+01,
    1.0345926880836487e-01, 2949889, -1, 1.6108172607421875e+02,
    3.1810424804687500e+02, 1.1880098342895508e+01,
    2.0225363159179688e+02, 1.0345926880836487e-01, 2949889, -1,
    2.9553289794921875e+02, 1.9406645202636719e+02,
    4.8274588584899902e+00, 2.9350625610351562e+02,
    1.1890598386526108e-01, 4653568, -1, 1.5660585021972656e+02,
    1.9393948364257812e+02, 4.6621050834655762e+00,
    2.4428417968750000e+02, 1.1964074522256851e-01, 2163200, -1,
    3.1357006835937500e+02, 1.8666111755371094e+02,
    5.3551955223083496e+00, 1.4810220336914062e+02,
    9.8863147199153900e-02, 12190208, -1, 3.1357006835937500e+02,
    1.8666111755371094e+02, 5.3551955223083496e+00,
