%YAML:1.0
tag: [ 2.5621966552734375e+02, 1.4546359252929688e+02,
    3.3588672637939453e+01, 3.2347714233398438e+02,
    5.0858955830335617e-02, 11272451, -1, 2.5621966552734375e+02,
    1.4546359252929688e+02, 3.3588672637939453e+01,
    3.4530621337890625e+02, 5.0858955830335617e-02, 11272451, -1,
    6.9097892761230469e+01, 1.4316526794433594e+02,
    3.3464263916015625e+01, 1.0386688232421875e+01,
    5.1653701812028885e-02, 11010307, -1, 2.5506477355957031e+02,
    5.1029106140136719e+01, 3.4634078979492188e+01,
    3.2668646240234375e+02, 4.7003574669361115e-02, 13500675, -1,
    1.6220664978027344e+02, 2.5484880065917969e+02,
    2.6660282135009766e+01, 9.1708374023437500e-01,
    4.6557974070310593e-02, 11272962, -1, 2.7053546142578125e+02,
    9.0885551452636719e+01, 2.3663293838500977e+01,
    6.0227722167968750e+01, 7.0515334606170654e-02, 2687746, -1,
    2.7053546142578125e+02, 9.0885551452636719e+01,
    2.3663293838500977e+01, 3.1171102905273438e+02,
    7.0515334606170654e-02, 2687746, -1, 2.3094044494628906e+02,
    8.2925346374511719e+01, 1.9043877124786377e+00,
    3.2053466796875000e+01, 2.3125641047954559e-02, 4260351, -1,
    5.2835044860839844e+01, 9.0818672180175781e+01,
    2.4480678558349609e+01, 1.1615843200683594e+02,
    7.6145760715007782e-02, 5112578, -1, 5.2835044860839844e+01,
    9.0818672180175781e+01, 2.4480678558349609e+01,
    2.3452822875976562e+02, 7.6145760715007782e-02, 5112578, -1,
    2.4550354003906250e+02, 1.2679047393798828e+02,
    2.1194646358489990e+00, 1.0571412658691406e+02,
    2.9211327433586121e-02, 11993599, -1, 1.9952406311035156e+02,
    2.7742177963256836e+01, 2.3527349472045898e+01,
    1.1347566223144531e+02, 3.7077911198139191e-02, 2228994, -1,
    2.5199313354492188e+02, 1.1679187011718750e+02,
    1.9504526138305664e+01, 3.0770016479492188e+02,
    4.7499414533376694e-02, 5374466, -1, 1.1931911468505859e+02,
    5.9946437835693359e+01, 2.2437490463256836e+01,
    7.6026824951171875e+01, 6.8988777697086334e-02, 15532546, -1,
    1.6326132202148438e+02, 3.1485025405883789e+01,
    2.0991582870483398e+01, 5.4018676757812500e+01,
    7.9166576266288757e-02, 10682882, -1, 1.6326132202148438e+02,
    3.1485025405883789e+01, 2.0991582870483398e+01,
    9.0192474365234375e+01, 7.9166576266288757e-02, 10682882, -1,
    5.1178882598876953e+01, 1.8660615539550781e+02,
    2.0862233638763428e+00, 2.0871629333496094e+02,
    3.8018111139535904e-02, 10813951, -1, 5.1178882598876953e+01,
    1.8660615539550781e+02, 2.0862233638763428e+00,
    7.9751159667968750e+01, 3.8018111139535904e-02, 10813951, -1,
    1.6326132202148438e+02, 3.1485025405883789e+01,
    2.0991582870483398e+01, 1.2102099609375000e+02,
    7.9166576266288757e-02, 10682882, -1, 1.2872575378417969e+02,
    2.6515451049804688e+02, 2.0519506931304932e+00,
    8.9712402343750000e+01, 2.6158180087804794e-02, 9634303, -1,
    2.4759165954589844e+02, 2.2122413635253906e+02,
    1.6728368759155273e+01, 2.9421505737304688e+02,
    5.7869937270879745e-02, 11010306, -1, 7.7885963439941406e+01,
    2.2045188903808594e+02, 1.6315460205078125e+01,
    2.4852856445312500e+02, 5.5506229400634766e-02, 9175298, -1,
    1.7236076354980469e+02, 2.7897396850585938e+02,
    2.1612496376037598e+00, 2.7317791748046875e+02,
    2.9875168576836586e-02, 13369855, -1, 2.2907801818847656e+02,
    2.8080380249023438e+02, 1.8225713968276978e+00,
    2.3768457031250000e+02, 2.8742615133523941e-02, 1049087, -1,
    2.2907801818847656e+02, 2.8080380249023438e+02,
    1.8225713968276978e+00, 1.3685943603515625e+01,
    2.8742615133523941e-02, 1049087, -1, 2.5490864562988281e+02,
    1.9845196533203125e+02, 1.7331161499023438e+01,
    1.0930685424804688e+02, 7.3018260300159454e-02, 13566210, -1,
    2.5490864562988281e+02, 1.9845196533203125e+02,
    1.7331161499023438e+01, 2.9294052124023438e+02,
    7.3018260300159454e-02, 13566210, -1, 6.8712722778320312e+01,
    1.9851702880859375e+02, 1.7638633728027344e+01,
    6.9190917968750000e+01, 8.0996975302696228e-02, 14811394, -1,
    6.8712722778320312e+01, 1.9851702880859375e+02,
    1.7638633728027344e+01, 2.4942352294921875e+02,
    8.0996975302696228e-02, 14811394, -1, 6.0439594268798828e+01,
    1.7590066528320312e+02, 1.6211736679077148e+01,
    6.8278259277343750e+01, 5.2664086222648621e-02, 8716546, -1,
    1.6317604064941406e+02, 8.7809097290039062e+01,
    1.4476283073425293e+01, 2.3415423583984375e+02,
    5.5360384285449982e-02, 524546, -1, 1.6317604064941406e+02,
    8.7809097290039062e+01, 1.4476283073425293e+01,
    3.1985217285156250e+02, 5.5360384285449982e-02, 524546, -1,
    1.8108819580078125e+02, 1.2098039245605469e+02,
    1.4153596878051758e+01, 9.0870422363281250e+01,
    5.4322253912687302e-02, 15598337, -1, 2.2610691833496094e+02,
    8.0597076416015625e+01, 1.2334239006042480e+01,
    2.1783952331542969e+02, 4.4557299464941025e-02, 5702401, -1,
    2.1641450500488281e+02, 6.7736495971679688e+01,
    1.2737415313720703e+01, 2.1697799682617188e+02,
    6.3159935176372528e-02, 7996161, -1, 1.3517501831054688e+02,
    2.9749958038330078e+01, 2.7909848690032959e+00,
    3.1066690063476562e+02, 2.9501620680093765e-02, 15205119, -1,
    2.5230664062500000e+02, 2.9801849365234375e+01,
    2.5715215206146240e+00, 2.4866304016113281e+02,
    4.1479643434286118e-02, 9241343, -1, 2.5230664062500000e+02,
    2.9801849365234375e+01, 2.5715215206146240e+00,
    4.4713043212890625e+01, 4.1479643434286118e-02, 9241343, -1,
    2.1641450500488281e+02, 6.7736495971679688e+01,
    1.2737415313720703e+01, 2.7612048339843750e+02,
    6.3159935176372528e-02, 7996161, -1, 1.0943405914306641e+02,
    6.8041023254394531e+01, 1.2596076011657715e+01,
    3.2507180786132812e+02, 6.5128937363624573e-02, 7209729, -1,
    1.3832992553710938e+02, 4.2358974456787109e+01,
    1.1627580642700195e+01, 1.0579513549804688e+02,
    7.5758501887321472e-02, 1377025, -1, 2.8095098876953125e+02,
    3.8469673156738281e+01, 2.7482078075408936e+00,
    3.0464123535156250e+02, 3.1119963154196739e-02, 14091007, -1,
    2.0830583190917969e+02, 3.9619552612304688e+01,
    2.7200841903686523e+00, 7.1117218017578125e+01,
    3.5982042551040649e-02, 13304575, -1, 1.7803753662109375e+02,
    4.3222881317138672e+01, 2.6021518707275391e+00,
    1.5621374511718750e+02, 4.1773777455091476e-02, 10093311, -1,
    1.8408271789550781e+02, 2.6785086059570312e+02,
    1.0596861839294434e+01, 1.6904687500000000e+02,
    4.9786619842052460e-02, 11403777, -1, 1.2734439849853516e+02,
    4.6775417327880859e+01, 2.0567204952239990e+00,
    1.1727410888671875e+02, 4.2826134711503983e-02, 9830911, -1,
    1.6784770202636719e+02, 4.8353355407714844e+01,
    2.8115413188934326e+00, 3.0160174560546875e+02,
    3.4420747309923172e-02, 15729407, -1, 1.4041830444335938e+02,
    2.6873416137695312e+02, 9.9956827163696289e+00,
    8.3241271972656250e+00, 5.8615088462829590e-02, 7209473, -1,
    1.1674561309814453e+02, 2.6198361206054688e+02,
    9.2673797607421875e+00, 1.5010925292968750e+01,
    7.9566732048988342e-02, 1704449, -1, 1.1674561309814453e+02,
    2.6198361206054688e+02, 9.2673797607421875e+00,
    2.0563789367675781e+02, 7.9566732048988342e-02, 1704449, -1,
    2.7905517578125000e+02, 5.7562129974365234e+01,
    2.4805519580841064e+00, 5.4211151123046875e+01,
    3.1071197241544724e-02, 6619903, -1, 1.4357704162597656e+02,
    2.2769235229492188e+02, 9.0741462707519531e+00,
    5.7868041992187500e+00, 7.8457489609718323e-02, 197121, -1,
    2.6129324340820312e+02, 1.8107688903808594e+02,
    1.0530627250671387e+01, 1.0838362121582031e+02,
    5.1322303712368011e-02, 10945025, -1, 1.7397535705566406e+02,
    1.0361356353759766e+02, 1.0160701751708984e+01,
    8.3967346191406250e+01, 7.1001194417476654e-02, 8389121, -1,
    1.9388507080078125e+02, 8.0593170166015625e+01,
    2.5317912101745605e+00, 3.2479656982421875e+02,
    6.6886283457279205e-02, 8127231, -1, 1.9388507080078125e+02,
    8.0593170166015625e+01, 2.5317912101745605e+00,
