%YAML:1.0
tag: [ 1.1819940948486328e+02, 1.9294749450683594e+02,
    3.7019271850585938e+00, 6.2234802246093750e+00,
    1.0425380617380142e-01, 2162944, -1, 2.2441487121582031e+02,
    1.5425193786621094e+02, 9.7108230590820312e+00,
    6.2606719970703125e+01, 9.4977118074893951e-02, 5112321, -1,
    2.2441487121582031e+02, 1.5425193786621094e+02,
    9.7108230590820312e+00, 1.1747117614746094e+02,
    9.4977118074893951e-02, 5112321, -1, 2.2441487121582031e+02,
    1.5425193786621094e+02, 9.7108230590820312e+00,
    2.7009243774414062e+02, 9.4977118074893951e-02, 5112321, -1,
    2.2441487121582031e+02, 1.5425193786621094e+02,
    9.7108230590820312e+00, 3.3390017700195312e+02,
    9.4977118074893951e-02, 5112321, -1, 3.9902847290039062e+01,
    1.5426510620117188e+02, 9.6318149566650391e+00,
    5.9028869628906250e+01, 9.4429142773151398e-02, 4522497, -1,
    3.9902847290039062e+01, 1.5426510620117188e+02,
    9.6318149566650391e+00, 8.6547180175781250e+01,
    9.4429142773151398e-02, 4522497, -1, 3.9902847290039062e+01,
    1.5426510620117188e+02, 9.6318149566650391e+00,
    1.2515760803222656e+02, 9.4429142773151398e-02, 4522497, -1,
    3.9902847290039062e+01, 1.5426510620117188e+02,
    9.6318149566650391e+00, 1.9152328491210938e+02,
    9.4429142773151398e-02, 4522497, -1, 3.9902847290039062e+01,
    1.5426510620117188e+02, 9.6318149566650391e+00,
    2.7131781005859375e+02, 9.4429142773151398e-02, 4522497, -1,
    1.7979792785644531e+02, 1.1119398498535156e+02,
    1.1092856407165527e+01, 3.0107626342773438e+02,
    1.0033242404460907e-01, 14746113, -1, 1.5125802612304688e+02,
    9.3329559326171875e+01, 1.0470693588256836e+01,
    1.1835838317871094e+02, 1.0156591981649399e-01, 10551809, -1,
    1.1316621398925781e+02, 9.3732109069824219e+01,
    1.0363863945007324e+01, 7.2688171386718750e+01,
    1.0110427439212799e-01, 9765377, -1, 8.7423439025878906e+01,
    2.1357373046875000e+02, 8.1951866149902344e+00,
    3.0918212890625000e+01, 9.4820737838745117e-02, 9502977, -1,
    8.7423439025878906e+01, 2.1357373046875000e+02,
    8.1951866149902344e+00, 2.1390432739257812e+02,
    9.4820737838745117e-02, 9502977, -1, 1.7225488281250000e+02,
    1.6241020202636719e+02, 8.4709186553955078e+00,
    1.1768969726562500e+02, 1.1088971793651581e-01, 11927809, -1,
    1.7225488281250000e+02, 1.6241020202636719e+02,
    8.4709186553955078e+00, 3.0685058593750000e+02,
    1.1088971793651581e-01, 11927809, -1, 9.2235504150390625e+01,
    1.6267185974121094e+02, 8.6317682266235352e+00,
    6.7604431152343750e+01, 1.1019983142614365e-01, 13304065, -1,
    9.2235504150390625e+01, 1.6267185974121094e+02,
    8.6317682266235352e+00, 2.3500801086425781e+02,
    1.1019983142614365e-01, 13304065, -1, 1.7627961730957031e+02,
    1.8269569396972656e+02, 5.2268524169921875e+00,
    4.8939971923828125e+01, 8.5169196128845215e-02, 10420736, -1,
    1.7627961730957031e+02, 1.8269569396972656e+02,
    5.2268524169921875e+00, 2.3068939208984375e+02,
    8.5169196128845215e-02, 10420736, -1, 8.8269325256347656e+01,
    1.8293977355957031e+02, 5.2840042114257812e+00,
    1.4581411743164062e+02, 8.5863202810287476e-02, 11207168, -1,
    8.8269325256347656e+01, 1.8293977355957031e+02,
    5.2840042114257812e+00, 3.0956759643554688e+02,
    8.5863202810287476e-02, 11207168, -1, 1.9076733398437500e+02,
    1.1939598846435547e+02, 4.7378382682800293e+00,
    1.4989241027832031e+02, 8.5319437086582184e-02, 3342848, -1,
    1.6859674072265625e+02, 1.0732167053222656e+02,
    5.2608189582824707e+00, 9.5832824707031250e+01,
    9.0829201042652130e-02, 10879488, -1, 9.6181648254394531e+01,
    1.0720113372802734e+02, 5.2655987739562988e+00,
    8.4653961181640625e+01, 9.2314161360263824e-02, 10945024, -1,
    1.6296824645996094e+02, 1.8805267333984375e+02,
    2.6815590858459473e+00, 1.4888864135742188e+02,
    9.2767119407653809e-02, 12255999, -1, 1.8316865539550781e+02,
    1.0115152740478516e+02, 5.0204806327819824e+00,
    3.8390625000000000e+01, 9.1823220252990723e-02, 7537152, -1,
    1.4279573059082031e+02, 8.3828681945800781e+01,
    5.4742712974548340e+00, 7.2197814941406250e+01,
    1.0142755508422852e-01, 13763072, -1, 1.2158403015136719e+02,
    8.4122619628906250e+01, 5.6335906982421875e+00,
    1.0866851806640625e+02, 1.0056951642036438e-01, 15860224, -1,
    1.2158403015136719e+02, 8.4122619628906250e+01,
    5.6335906982421875e+00, 3.4336151123046875e+02,
    1.0056951642036438e-01, 15860224, -1, 9.8530036926269531e+01,
    3.7161220550537109e+01, 4.5420594215393066e+00,
    3.0885620117187500e+01, 1.0851337015628815e-01, 262656, -1,
    9.8530036926269531e+01, 3.7161220550537109e+01,
    4.5420594215393066e+00, 6.7346923828125000e+01,
    1.0851337015628815e-01, 262656, -1, 9.8530036926269531e+01,
    3.7161220550537109e+01, 4.5420594215393066e+00,
    3.5412783813476562e+02, 1.0851337015628815e-01, 262656, -1,
    1.7546342468261719e+02, 2.2012272644042969e+02,
    3.9558360576629639e+00, 7.2168426513671875e+01,
    8.8012911379337311e-02, 7012608, -1, 1.7546342468261719e+02,
    2.2012272644042969e+02, 3.9558360576629639e+00,
    2.3694474792480469e+02, 8.8012911379337311e-02, 7012608, -1,
    1.4564253234863281e+02, 2.1947471618652344e+02,
    3.9523429870605469e+00, 2.5554544067382812e+02,
    8.5249677300453186e-02, 6947072, -1, 1.7055519104003906e+02,
    2.1016563415527344e+02, 3.7764775753021240e+00,
    7.2788116455078125e+01, 8.7008923292160034e-02, 3604736, -1,
    1.7055519104003906e+02, 2.1016563415527344e+02,
    3.7764775753021240e+00, 2.3560733032226562e+02,
    8.7008923292160034e-02, 3604736, -1, 1.9968811035156250e+02,
    2.0365332031250000e+02, 4.0432181358337402e+00,
    5.4306823730468750e+01, 8.9220583438873291e-02, 8585472, -1,
    1.9234451293945312e+02, 1.9542329406738281e+02,
    3.7437996864318848e+00, 2.2117829895019531e+02,
    8.7423086166381836e-02, 3014912, -1, 1.4662155151367188e+02,
    1.9278790283203125e+02, 3.7270665168762207e+00,
    1.7084207153320312e+02, 9.8507322371006012e-02, 2687232, -1,
    1.8199252319335938e+02, 1.6972010803222656e+02,
    3.7031540870666504e+00, 8.9815856933593750e+01,
    1.0591685026884079e-01, 2228480, -1, 1.8408772277832031e+02,
    1.6087849426269531e+02, 3.6626994609832764e+00,
    1.2253752136230469e+02, 9.2429853975772858e-02, 1442048, -1,
    1.8408772277832031e+02, 1.6087849426269531e+02,
    3.6626994609832764e+00, 3.0244433593750000e+02,
    9.2429853975772858e-02, 1442048, -1, 7.2780273437500000e+01,
    1.5504652404785156e+02, 3.6417953968048096e+00,
    7.4343688964843750e+01, 1.0305126011371613e-01, 983296, -1,
    7.2780273437500000e+01, 1.5504652404785156e+02,
    3.6417953968048096e+00, 2.2941255187988281e+02,
    1.0305126011371613e-01, 983296, -1, 1.9399916076660156e+02,
    1.4623387145996094e+02, 3.6738967895507812e+00,
    3.0378543090820312e+02, 1.0688157379627228e-01, 1638656, -1,
    1.8354570007324219e+02, 1.3657086181640625e+02,
    3.6066710948944092e+00, 3.0346768188476562e+02,
    1.0388463735580444e-01, 327936, -1, 1.9566600036621094e+02,
    1.3619979858398438e+02, 3.9855537414550781e+00,
    2.9039334106445312e+02, 1.0873263329267502e-01, 7536896, -1,
    1.5556643676757812e+02, 8.9322860717773438e+01,
    3.0636620521545410e+00, 1.8439028930664062e+02,
    8.6011104285717010e-02, 5178367, -1, 1.5556643676757812e+02,
    8.9322860717773438e+01, 3.0636620521545410e+00,
    7.9681854248046875e+01, 8.6011104285717010e-02, 5178367, -1,
    6.8761604309082031e+01, 1.3612585449218750e+02,
    4.0232558250427246e+00, 2.5509225463867188e+02,
    1.0838738828897476e-01, 8192256, -1, 1.4029833984375000e+02,
    1.3518754577636719e+02, 4.4392580986022949e+00,
    2.3018185424804688e+02, 9.3467980623245239e-02, 15335680, -1,
    1.2445225524902344e+02, 1.3548774719238281e+02,
    4.2277812957763672e+00, 3.0435479736328125e+02,
    9.0061306953430176e-02, 11796736, -1, 1.9575949096679688e+02,
    1.2582820129394531e+02, 4.1131849288940430e+00,
