%YAML:1.0
tag: [ 3.1012893676757812e+01, 2.7018739700317383e+01,
    2.0585832595825195e+00, 2.2999580383300781e+02,
    3.6184828728437424e-02, 9896447, -1, 3.1012893676757812e+01,
    2.7018739700317383e+01, 2.0585832595825195e+00,
    4.5988739013671875e+01, 3.6184828728437424e-02, 9896447, -1,
    2.4849721908569336e+01, 2.9059801101684570e+01,
    1.8132694959640503e+00, 2.2239353942871094e+02,
    3.8159158080816269e-02, 721407, -1, 2.4849721908569336e+01,
    2.9059801101684570e+01, 1.8132694959640503e+00,
    3.8293823242187500e+01, 3.8159158080816269e-02, 721407, -1,
    8.2846984863281250e+01, 5.4636627197265625e+01,
    1.9077104330062866e+00, 2.5412670898437500e+02,
    3.2188840210437775e-02, 4391423, -1, 8.2846984863281250e+01,
    5.4636627197265625e+01, 1.9077104330062866e+00,
    6.4218750000000000e+00, 3.2188840210437775e-02, 4391423, -1,
    8.8413146972656250e+01, 5.5148769378662109e+01,
    2.0703849792480469e+00, 1.6522076416015625e+02,
    3.1072119250893593e-02, 10289663, -1, 9.4599266052246094e+01,
    7.2678398132324219e+01, 2.1424660682678223e+00,
    3.5324975585937500e+02, 3.8993615657091141e-02, 12780031, -1,
    9.4599266052246094e+01, 7.2678398132324219e+01,
    2.1424660682678223e+00, 1.8799713134765625e+02,
    3.8993615657091141e-02, 12780031, -1, 9.4599266052246094e+01,
    7.2678398132324219e+01, 2.1424660682678223e+00,
    1.5620698547363281e+02, 3.8993615657091141e-02, 12780031, -1,
    4.4949752807617188e+01, 8.3047470092773438e+01,
    2.1371800899505615e+00, 2.6555407714843750e+02,
    5.5211611092090607e-02, 12583423, -1, 4.6025386810302734e+01,
    8.9173469543457031e+01, 2.3404452800750732e+00,
    2.4628475952148438e+02, 4.8340059816837311e-02, 2425599, -1,
    1.2235573577880859e+02, 9.8937484741210938e+01,
    1.9168484210968018e+00, 2.9696194458007812e+02,
    5.3782280534505844e-02, 4719103, -1, 1.2235573577880859e+02,
    9.8937484741210938e+01, 1.9168484210968018e+00,
    1.0289224243164062e+02, 5.3782280534505844e-02, 4719103, -1,
    1.1859265899658203e+02, 1.1044880676269531e+02,
    1.8537549972534180e+00, 2.2320252990722656e+02,
    3.0709754675626755e-02, 2294271, -1, 7.6851364135742188e+01,
    1.2034358978271484e+02, 1.9001102447509766e+00,
    4.8239135742187500e+00, 5.7652261108160019e-02, 4063743, -1,
    7.6851364135742188e+01, 1.2034358978271484e+02,
    1.9001102447509766e+00, 1.6941058349609375e+02,
    5.7652261108160019e-02, 4063743, -1, 1.1400076293945312e+02,
    1.2437894439697266e+02, 2.4473261833190918e+00,
    6.8520843505859375e+01, 4.6688467264175415e-02, 5702399, -1,
    3.7017532348632812e+01, 1.2639151000976562e+02,
    1.9690278768539429e+00, 1.4138877868652344e+02,
    3.2864898443222046e-02, 6685183, -1, 3.7220073699951172e+01,
    1.3443632507324219e+02, 2.1869370937347412e+00,
    1.3597587585449219e+02, 2.6440888643264771e-02, 14221823, -1,
    3.9060562133789062e+01, 1.3638635253906250e+02,
    2.0760896205902100e+00, 1.3323190307617188e+02,
    2.9265044257044792e-02, 10486271, -1, 1.4293586730957031e+02,
    1.4435906982421875e+02, 2.0222330093383789e+00,
    1.4862297058105469e+02, 1.9586998969316483e-02, 8585727, -1,
    1.4293586730957031e+02, 1.4435906982421875e+02,
    2.0222330093383789e+00, 9.6627014160156250e+01,
    1.9586998969316483e-02, 8585727, -1, 3.1495376586914062e+01,
    1.8338340759277344e+01, 2.5965147018432617e+00,
    2.3681610107421875e+02, 1.7313102260231972e-02, 9962239, -1,
    1.4423338317871094e+02, 2.2655561447143555e+01,
    2.3982045650482178e+00, 3.0996810913085938e+02,
    1.7978407442569733e-02, 4195071, -1, 1.3442433166503906e+02,
    2.2895948410034180e+01, 2.1348180770874023e+00,
    3.0512442016601562e+02, 3.6411855369806290e-02, 12517887, -1,
    1.3442433166503906e+02, 2.2895948410034180e+01,
    2.1348180770874023e+00, 1.2342459106445312e+02,
    3.6411855369806290e-02, 12517887, -1, 2.4573713302612305e+01,
    2.4867643356323242e+01, 2.3664467334747314e+00,
    2.2557687377929688e+02, 1.7204517498612404e-02, 3212031, -1,
    2.2638553619384766e+01, 2.6831207275390625e+01,
    2.5166318416595459e+00, 2.2379481506347656e+02,
    1.6081914305686951e-02, 7668479, -1, 4.6960601806640625e+01,
    3.9160190582275391e+01, 2.5950551033020020e+00,
    2.3342852783203125e+02, 2.0449394360184669e-02, 9896703, -1,
    5.8271930694580078e+01, 4.6981372833251953e+01,
    2.8424363136291504e+00, 2.3989541625976562e+02,
    4.5405715703964233e-02, 16515839, -1, 8.5078216552734375e+01,
    5.7483779907226562e+01, 2.7198770046234131e+00,
    2.7006716918945312e+02, 5.1937438547611237e-02, 13304575, -1,
    2.5681264877319336e+01, 5.8778610229492188e+01,
    2.6532142162322998e+00, 4.6408935546875000e+01,
    3.8947422057390213e-02, 11535103, -1, 1.1893312835693359e+02,
    6.1718395233154297e+01, 2.7908904552459717e+00,
    2.9658782958984375e+01, 5.2782174199819565e-02, 15205119, -1,
    1.5019888305664062e+02, 6.2052825927734375e+01,
    2.6792206764221191e+00, 1.8930647277832031e+02,
    3.9638765156269073e-02, 12190463, -1, 7.5797775268554688e+01,
    7.2514472961425781e+01, 2.8661210536956787e+00,
    4.3700286865234375e+01, 2.7423905208706856e-02, 394239, -1,
    4.7155872344970703e+01, 7.3924804687500000e+01,
    2.5407824516296387e+00, 2.6306234741210938e+02,
    4.7594264149665833e-02, 8389375, -1, 4.7155872344970703e+01,
    7.3924804687500000e+01, 2.5407824516296387e+00,
    2.9143951416015625e+01, 4.7594264149665833e-02, 8389375, -1,
    1.1943813323974609e+02, 8.3922126770019531e+01,
    2.5803706645965576e+00, 2.9449249267578125e+02,
    4.6776156872510910e-02, 9503487, -1, 8.2175018310546875e+01,
    8.9116401672363281e+01, 2.5171990394592285e+00,
    3.9642639160156250e+01, 3.1360976397991180e-02, 7734015, -1,
    8.9502326965332031e+01, 8.9120605468750000e+01,
    2.6421716213226318e+00, 1.3364271545410156e+02,
    2.9397344216704369e-02, 11207423, -1, 1.2099507904052734e+02,
    9.0009857177734375e+01, 2.4867038726806641e+00,
    2.9468579101562500e+02, 4.2907916009426117e-02, 6816511, -1,
    1.4407144165039062e+02, 9.4931976318359375e+01,
    2.3504738807678223e+00, 2.5843615722656250e+02,
    2.4422720074653625e-02, 2753279, -1, 4.6508838653564453e+01,
    9.9016815185546875e+01, 2.7906701564788818e+00,
    3.3321032714843750e+02, 3.9554778486490250e-02, 15139583, -1,
    1.1875065612792969e+02, 1.0368437957763672e+02,
    2.5143845081329346e+00, 3.5344979858398438e+02,
    4.6192463487386703e-02, 7602943, -1, 1.1875065612792969e+02,
    1.0368437957763672e+02, 2.5143845081329346e+00,
    7.6067138671875000e+01, 4.6192463487386703e-02, 7602943, -1,
    1.2324584197998047e+02, 1.0342190551757812e+02,
    2.8255140781402588e+00, 2.1374008178710938e+02,
    3.9260521531105042e-02, 16057087, -1, 6.2366729736328125e+01,
    1.1320695495605469e+02, 2.4792733192443848e+00,
    1.5096139526367188e+02, 4.0290210396051407e-02, 6619903, -1,
    1.2571607208251953e+02, 1.1334081268310547e+02,
    2.8679187297821045e+00, 5.1736328125000000e+01,
    4.5257389545440674e-02, 459775, -1, 1.0133417510986328e+02,
    1.1786495208740234e+02, 2.4271392822265625e+00,
    1.5316244506835938e+02, 4.7302648425102234e-02, 5047039, -1,
    1.0133417510986328e+02, 1.1786495208740234e+02,
    2.4271392822265625e+00, 2.0743286132812500e+01,
    4.7302648425102234e-02, 5047039, -1, 9.5869445800781250e+01,
    1.1933940887451172e+02, 2.7927641868591309e+00,
    1.6884873962402344e+02, 4.7477979212999344e-02, 15205119, -1,
    3.9127719879150391e+01, 1.2829310607910156e+02,
    2.3518993854522705e+00, 1.4102468872070312e+02,
    3.1598709523677826e-02, 2818815, -1, 1.1601052856445312e+02,
    1.3039492797851562e+02, 2.3742246627807617e+00,
    2.2889326477050781e+02, 4.1079230606555939e-02, 3474175, -1,
    1.1601052856445312e+02, 1.3039492797851562e+02,
    2.3742246627807617e+00, 7.4264556884765625e+01,
    4.1079230606555939e-02, 3474175, -1, 7.8318054199218750e+01,
    1.3518041992187500e+02, 2.4733850955963135e+00,
