%YAML:1.0
tag: [ 1.3816287231445312e+02, 8.5910888671875000e+01,
    5.2218947410583496e+00, 3.3120065307617188e+02,
    1.4485120773315430e-02, 10355200, -1, 2.9967004394531250e+02,
    1.0609604644775391e+02, 5.6319684982299805e+00,
    2.7719198608398438e+02, 1.5260998159646988e-02, 15794688, -1,
    1.5823408508300781e+02, 1.0778363800048828e+02,
    5.5054831504821777e+00, 2.6202850341796875e+02,
    1.6542868688702583e-02, 14156288, -1, 2.7307424926757812e+02,
    1.1215385437011719e+02, 5.1908020973205566e+00,
    3.3343838500976562e+02, 1.3356200419366360e-02, 9896448, -1,
    2.8282507324218750e+02, 1.1562942504882812e+02,
    5.5968942642211914e+00, 3.4110083007812500e+02,
    1.8308442085981369e-02, 15401472, -1, 2.9130166625976562e+02,
    1.1603954315185547e+02, 5.1529021263122559e+00,
    3.3944848632812500e+02, 1.5560732223093510e-02, 9372160, -1,
    2.9130166625976562e+02, 1.1603954315185547e+02,
    5.1529021263122559e+00, 1.4737689208984375e+02,
    1.5560732223093510e-02, 9372160, -1, 3.0179260253906250e+02,
    1.2103476715087891e+02, 5.5915679931640625e+00,
    1.4605928039550781e+02, 1.7713766545057297e-02, 15270400, -1,
    1.5609719848632812e+02, 1.2174545288085938e+02,
    5.6285257339477539e+00, 1.9847091674804688e+02,
    1.7991604283452034e-02, 15794688, -1, 1.5609719848632812e+02,
    1.2174545288085938e+02, 5.6285257339477539e+00,
    3.3936187744140625e+01, 1.7991604283452034e-02, 15794688, -1,
    1.9255659484863281e+02, 1.2682776641845703e+02,
    5.1771049499511719e+00, 8.1086730957031250e+00,
    1.8512694165110588e-02, 9699840, -1, 2.0478318786621094e+02,
    1.2684225463867188e+02, 4.9712367057800293e+00,
    2.6842221069335938e+02, 1.4423696324229240e-02, 6816256, -1,
    2.6504788208007812e+02, 1.2680802154541016e+02,
    5.2992434501647949e+00, 1.5475607299804688e+02,
    1.5815448015928268e-02, 11403776, -1, 2.3035511779785156e+02,
    1.5225689697265625e+02, 5.0555243492126465e+00,
    2.7105966186523438e+02, 1.4626909978687763e-02, 7995904, -1,
    1.6467585754394531e+02, 1.2119740295410156e+02,
    5.7538557052612305e+00, 2.9378601074218750e+01,
    1.6975393518805504e-02, 656128, -1, 3.0990649414062500e+02,
    1.2070755004882812e+02, 5.7196755409240723e+00,
    1.4254670715332031e+02, 1.6740540042519569e-02, 197376, -1,
    3.1933432006835938e+02, 1.2243629455566406e+02,
    5.8990201950073242e+00, 3.4726538085937500e+02,
    1.9881553947925568e-02, 2491136, -1, 3.1933432006835938e+02,
    1.2243629455566406e+02, 5.8990201950073242e+00,
    1.4298158264160156e+02, 1.9881553947925568e-02, 2491136, -1,
    1.4339239501953125e+02, 1.3021873474121094e+02,
    6.1046843528747559e+00, 1.9184451293945312e+02,
    1.8451541662216187e-02, 4915968, -1, 1.4339239501953125e+02,
    1.3021873474121094e+02, 6.1046843528747559e+00,
    2.8955566406250000e+01, 1.8451541662216187e-02, 4915968, -1,
    2.0011671447753906e+02, 1.3436137390136719e+02,
    6.6187949180603027e+00, 8.9938690185546875e+01,
    1.6424421221017838e-02, 10814208, -1, 1.4049418640136719e+02,
    1.4135499572753906e+02, 7.1071906089782715e+00,
    1.8294287109375000e+02, 2.0450305193662643e-02, 15926016, -1,
    1.8261997985839844e+02, 1.5182159423828125e+02,
    6.9356241226196289e+00, 3.5780950927734375e+02,
    2.1140875294804573e-02, 14156544, -1, 1.8261997985839844e+02,
    1.5182159423828125e+02, 6.9356241226196289e+00,
    1.5227479553222656e+02, 2.1140875294804573e-02, 14156544, -1,
    1.9227224731445312e+02, 1.7160543823242188e+02,
    6.4285178184509277e+00, 3.1938430786132812e+02,
    2.2129273042082787e-02, 8651520, -1, 1.9227224731445312e+02,
    1.7160543823242188e+02, 6.4285178184509277e+00,
    1.6060464477539062e+02, 2.2129273042082787e-02, 8651520, -1,
    3.3527481079101562e+02, 3.1905209350585938e+02,
    6.6257433891296387e+00, 1.3951272583007812e+02,
    1.9805409014225006e-02, 10879744, -1, 2.4744758605957031e+02,
    6.5401840209960938e+01, 8.5554199218750000e+00,
    1.5184713745117188e+02, 1.4799500815570354e-02, 12648705, -1,
    1.5786738586425781e+02, 7.1121696472167969e+01,
    8.2068729400634766e+00, 9.2548370361328125e+01,
    2.3881981149315834e-02, 9634049, -1, 1.7383969116210938e+02,
    1.0462918090820312e+02, 8.6441831588745117e+00,
    2.5553616333007812e+02, 1.8705919384956360e-02, 13369601, -1,
    2.8440545654296875e+02, 1.0339048004150391e+02,
    8.5552301406860352e+00, 2.8816873168945312e+02,
    1.6620751470327377e-02, 12648705, -1, 1.8557084655761719e+02,
    1.1969490051269531e+02, 8.8304538726806641e+00,
    2.0184896850585938e+02, 1.6705546528100967e-02, 14942465, -1,
    1.8557084655761719e+02, 1.1969490051269531e+02,
    8.8304538726806641e+00, 1.3787567138671875e+01,
    1.6705546528100967e-02, 14942465, -1, 3.3186044311523438e+02,
    1.2391047668457031e+02, 9.0179815292358398e+00,
    3.0945587158203125e+02, 1.9801892340183258e-02, 16449793, -1,
    1.2772078704833984e+02, 1.2397043609619141e+02,
    8.0569143295288086e+00, 2.3163227844238281e+02,
    2.1631244570016861e-02, 8323329, -1, 2.2730049133300781e+02,
    1.3129473876953125e+02, 8.2058115005493164e+00,
    1.7474624633789062e+02, 1.6855021938681602e-02, 9634049, -1,
    1.0824327850341797e+02, 2.3016445922851562e+02,
    8.9404249191284180e+00, 3.2578399658203125e+01,
    2.1855106577277184e-02, 15794433, -1, 1.7423890686035156e+02,
    2.6210998535156250e+02, 8.8803672790527344e+00,
    3.2061206054687500e+02, 2.2454475983977318e-02, 15335681, -1,
    3.9571826171875000e+02, 2.6517993164062500e+02,
    8.7648696899414062e+00, 1.0877336120605469e+02,
    1.7650235444307327e-02, 14418177, -1, 6.9617195129394531e+01,
    2.9199856567382812e+02, 7.9116220474243164e+00,
    2.2146908569335938e+02, 1.7769401893019676e-02, 7012609, -1,
    3.6567065429687500e+02, 3.0877233886718750e+02,
    8.6876811981201172e+00, 7.9842407226562500e+01,
    1.7174905166029930e-02, 13762817, -1, 1.2499451446533203e+02,
    3.1157659912109375e+02, 7.2250151634216309e+00,
    3.8926239013671875e+01, 1.8781155347824097e-02, 393473, -1,
    2.6175421142578125e+02, 3.3816818237304688e+02,
    8.9749259948730469e+00, 1.6874432373046875e+02,
    1.5001625753939152e-02, 16122113, -1, 3.9395922851562500e+02,
    3.4038949584960938e+02, 7.3812727928161621e+00,
    1.6598670959472656e+02, 1.4799186028540134e-02, 1966337, -1,
    2.3011537170410156e+02, 2.8035505294799805e+01,
    9.1530447006225586e+00, 1.3178770446777344e+02,
    2.1760344505310059e-02, 786945, -1, 2.3011537170410156e+02,
    2.8035505294799805e+01, 9.1530447006225586e+00,
    4.9811981201171875e+01, 2.1760344505310059e-02, 786945, -1,
    2.5336602783203125e+02, 4.1226486206054688e+01,
    9.4695014953613281e+00, 2.0157937622070312e+02,
    2.0378945395350456e-02, 3277313, -1, 2.5336602783203125e+02,
    4.1226486206054688e+01, 9.4695014953613281e+00,
    1.1327310180664062e+02, 2.0378945395350456e-02, 3277313, -1,
    2.1637066650390625e+02, 6.1492965698242188e+01,
    9.7636699676513672e+00, 1.2146606445312500e+00,
    1.5566036105155945e-02, 5505537, -1, 1.6784967041015625e+02,
    6.3160285949707031e+01, 1.0039214134216309e+01,
    9.8898956298828125e+01, 2.4503000080585480e-02, 7471617, -1,
    3.0330914306640625e+02, 6.8069656372070312e+01,
    9.2464199066162109e+00, 9.5544036865234375e+01,
    1.7418259754776955e-02, 1573377, -1, 3.1357708740234375e+02,
    7.8108276367187500e+01, 1.1177996635437012e+01,
    1.9988334655761719e+02, 2.0941268652677536e-02, 15270401, -1,
    1.4636062622070312e+02, 8.0383026123046875e+01,
    1.0925359725952148e+01, 3.3716760253906250e+02,
    2.7567062526941299e-02, 13632001, -1, 1.4636062622070312e+02,
    8.0383026123046875e+01, 1.0925359725952148e+01,
    8.5414093017578125e+01, 2.7567062526941299e-02, 13632001, -1,
    2.6124816894531250e+02, 9.7429000854492188e+01,
    9.4163694381713867e+00, 2.7755160522460938e+02,
    2.1237002685666084e-02, 2884097, -1, 2.0297743225097656e+02,
    1.0963343048095703e+02, 9.6616563796997070e+00,
