%YAML:1.0
tag: [ 1.1162516021728516e+02, 1.6298417663574219e+02,
    3.7415745258331299e+00, 2.3745193481445312e+02,
    4.6840950846672058e-02, 2949376, -1, 1.2016789245605469e+02,
    1.1154807281494141e+02, 6.4271035194396973e+00,
    8.1608123779296875e+01, 4.4388014823198318e-02, 8651520, -1,
    2.0799511718750000e+02, 1.0042439270019531e+02,
    5.9061665534973145e+00, 8.4145141601562500e+01,
    4.4962335377931595e-02, 2556672, -1, 7.2864776611328125e+01,
    9.4771972656250000e+01, 7.0941963195800781e+00,
    1.1209562683105469e+02, 4.1450604796409607e-02, 15794944, -1,
    7.2864776611328125e+01, 9.4771972656250000e+01,
    7.0941963195800781e+00, 2.8389227294921875e+02,
    4.1450604796409607e-02, 15794944, -1, 4.5023956298828125e+01,
    9.4223846435546875e+01, 6.0174746513366699e+00,
    1.9314941406250000e+01, 3.9287451654672623e-02, 3867392, -1,
    4.5023956298828125e+01, 9.4223846435546875e+01,
    6.0174746513366699e+00, 2.4266363525390625e+02,
    3.9287451654672623e-02, 3867392, -1, 1.4664288330078125e+02,
    8.3910163879394531e+01, 6.1341166496276855e+00,
    9.6351196289062500e+01, 5.0923261791467667e-02, 5309184, -1,
    1.1355334472656250e+02, 9.5306114196777344e+01,
    1.6607521057128906e+01, 1.1007461547851562e+02,
    4.0303912013769150e-02, 10486018, -1, 1.1355334472656250e+02,
    9.5306114196777344e+01, 1.6607521057128906e+01,
    2.2572827148437500e+02, 4.0303912013769150e-02, 10486018, -1,
    2.0783399963378906e+02, 8.4410697937011719e+01,
    1.6064144134521484e+01, 4.8606811523437500e+01,
    4.0408849716186523e-02, 8061186, -1, 2.0783399963378906e+02,
    8.4410697937011719e+01, 1.6064144134521484e+01,
    3.0003256225585938e+02, 4.0408849716186523e-02, 8061186, -1,
    1.4664288330078125e+02, 8.3910163879394531e+01,
    6.1341166496276855e+00, 3.3939492797851562e+02,
    5.0923261791467667e-02, 5309184, -1, 5.4311523437500000e+01,
    7.6965156555175781e+01, 6.1547298431396484e+00,
    3.6016265869140625e+01, 3.8974344730377197e-02, 5505792, -1,
    5.4311523437500000e+01, 7.6965156555175781e+01,
    6.1547298431396484e+00, 1.6090484619140625e+02,
    3.8974344730377197e-02, 5505792, -1, 2.6515826416015625e+02,
    6.2611000061035156e+01, 6.3890681266784668e+00,
    2.5642776489257812e+02, 4.3585453182458878e-02, 8258304, -1,
    1.2731330871582031e+02, 4.9055229187011719e+01,
    6.1660618782043457e+00, 2.7757501220703125e+02,
    3.9502192288637161e-02, 5636864, -1, 2.3772045898437500e+02,
    4.0209354400634766e+01, 5.9714765548706055e+00,
    2.9593099975585938e+02, 4.6399500221014023e-02, 3343104, -1,
    6.0245788574218750e+01, 1.6757249450683594e+02,
    1.1766852378845215e+01, 9.6449645996093750e+01,
    4.7672010958194733e-02, 2294529, -1, 6.0245788574218750e+01,
    1.6757249450683594e+02, 1.1766852378845215e+01,
    2.6615328979492188e+02, 4.7672010958194733e-02, 2294529, -1,
    1.6763742065429688e+02, 2.9390737533569336e+01,
    6.2912831306457520e+00, 1.4185241699218750e+01,
    3.9811182767152786e-02, 7144192, -1, 1.6763742065429688e+02,
    2.9390737533569336e+01, 6.2912831306457520e+00,
    1.5909869384765625e+02, 3.9811182767152786e-02, 7144192, -1,
    1.9060545349121094e+02, 1.0314067077636719e+02,
    2.0306386947631836e+00, 3.3071575927734375e+02,
    4.2069241404533386e-02, 8913407, -1, 1.9060545349121094e+02,
    1.0314067077636719e+02, 2.0306386947631836e+00,
    1.3163067626953125e+02, 4.2069241404533386e-02, 8913407, -1,
    1.0693702697753906e+02, 1.1670088958740234e+02,
    1.3024607658386230e+01, 1.0736024475097656e+02,
    4.4525332748889923e-02, 9634561, -1, 2.2155143737792969e+02,
    1.0202301788330078e+02, 1.2427563667297363e+01,
    5.3345947265625000e+01, 4.6031843870878220e-02, 6226689, -1,
    2.2155143737792969e+02, 1.0202301788330078e+02,
    1.2427563667297363e+01, 2.9358734130859375e+02,
    4.6031843870878220e-02, 6226689, -1, 1.7841229248046875e+02,
    1.0922270965576172e+02, 2.1697118282318115e+00,
    2.6926705932617188e+02, 4.5004449784755707e-02, 13697535, -1,
    1.8398196411132812e+02, 8.8524391174316406e+01,
    1.1713852882385254e+01, 1.0446978759765625e+02,
    4.5464515686035156e-02, 1966849, -1, 2.5498062133789062e+02,
    1.7878016662597656e+02, 5.1883783340454102e+00,
    5.0614044189453125e+01, 3.9669919759035110e-02, 9896448, -1,
    1.8035905456542969e+02, 1.3322299194335938e+02,
    5.0594706535339355e+00, 1.1954833984375000e+02,
    4.6991840004920959e-02, 8061440, -1, 1.8035905456542969e+02,
    1.3322299194335938e+02, 5.0594706535339355e+00,
    2.2426538085937500e+02, 4.6991840004920959e-02, 8061440, -1,
    9.4401596069335938e+01, 1.2716407012939453e+02,
    4.9110393524169922e+00, 2.6925811767578125e+01,
    3.9240527898073196e-02, 5898752, -1, 1.5307305908203125e+02,
    1.2753029632568359e+02, 1.9736185073852539e+00,
    3.2062408447265625e+02, 4.0004678070545197e-02, 6816255, -1,
    1.5307305908203125e+02, 1.2753029632568359e+02,
    1.9736185073852539e+00, 1.4126599121093750e+02,
    4.0004678070545197e-02, 6816255, -1, 9.4401596069335938e+01,
    1.2716407012939453e+02, 4.9110393524169922e+00,
    2.6295376586914062e+02, 3.9240527898073196e-02, 5898752, -1,
    5.9743282318115234e+01, 1.1933394622802734e+02,
    4.8939757347106934e+00, 2.1567755126953125e+02,
    4.1320253163576126e-02, 5636608, -1, 2.4332795715332031e+02,
    1.1478995513916016e+02, 4.6815414428710938e+00,
    6.2433990478515625e+01, 5.0085891038179398e-02, 2425344, -1,
    2.4332795715332031e+02, 1.1478995513916016e+02,
    4.6815414428710938e+00, 2.4653201293945312e+02,
    5.0085891038179398e-02, 2425344, -1, 2.4332795715332031e+02,
    1.1478995513916016e+02, 4.6815414428710938e+00,
    3.4882254028320312e+02, 5.0085891038179398e-02, 2425344, -1,
    4.4310432434082031e+01, 1.1352639007568359e+02,
    4.8898220062255859e+00, 3.6062286376953125e+01,
    4.2652942240238190e-02, 5571072, -1, 4.4310432434082031e+01,
    1.1352639007568359e+02, 4.8898220062255859e+00,
    1.8896737670898438e+02, 4.2652942240238190e-02, 5571072, -1,
    1.2035408782958984e+02, 1.1145071411132812e+02,
    6.3030099868774414e+00, 8.1557800292968750e+01,
    4.4495780020952225e-02, 7275264, -1, 2.2338223266601562e+02,
    1.7029640197753906e+02, 9.9799976348876953e+00,
    2.9381353759765625e+02, 3.8982883095741272e-02, 7078401, -1,
    1.2792080688476562e+02, 1.6811877441406250e+02,
    1.0036149024963379e+01, 5.7442871093750000e+01,
    4.9003183841705322e-02, 7471617, -1, 1.2792080688476562e+02,
    1.6811877441406250e+02, 1.0036149024963379e+01,
    2.2765713500976562e+02, 4.9003183841705322e-02, 7471617, -1,
    2.2425617980957031e+02, 1.5633305358886719e+02,
    9.5068855285644531e+00, 1.0658901977539062e+02,
    5.0484105944633484e-02, 3539457, -1, 2.2425617980957031e+02,
    1.5633305358886719e+02, 9.5068855285644531e+00,
    2.9604818725585938e+02, 5.0484105944633484e-02, 3539457, -1,
    2.8332980346679688e+02, 1.3978276062011719e+02,
    1.1167626380920410e+01, 1.1156866455078125e+02,
    5.1092956215143204e-02, 15204865, -1, 2.8332980346679688e+02,
    1.3978276062011719e+02, 1.1167626380920410e+01,
    2.5817260742187500e+02, 5.1092956215143204e-02, 15204865, -1,
    2.0666806030273438e+02, 1.0778356170654297e+02,
    4.9861226081848145e+00, 3.0182833862304688e+02,
    3.9027549326419830e-02, 7012864, -1, 3.9183582305908203e+01,
    1.0703052520751953e+02, 5.5177326202392578e+00,
    3.0128845214843750e+01, 3.9991986006498337e-02, 14352896, -1,
    3.9183582305908203e+01, 1.0703052520751953e+02,
    5.5177326202392578e+00, 1.8961462402343750e+02,
    3.9991986006498337e-02, 14352896, -1, 2.1505343627929688e+02,
    9.4902839660644531e+01, 4.6814637184143066e+00,
    2.3575256347656250e+01, 4.0021289139986038e-02, 2425344, -1,
    2.1505343627929688e+02, 9.4902839660644531e+01,
    4.6814637184143066e+00, 8.8303344726562500e+01,
    4.0021289139986038e-02, 2425344, -1, 2.8597323608398438e+02,
    9.0798950195312500e+01, 5.2338490486145020e+00,
