%YAML:1.0
tag: [ 1.8436692810058594e+02, 5.3877288818359375e+01,
    6.1717219352722168e+00, 1.2078717041015625e+02,
    9.9128596484661102e-02, 5702400, -1, 2.4072538757324219e+02,
    2.3071743774414062e+02, 1.2358202934265137e+01,
    1.1693362426757812e+02, 1.1754027009010315e-01, 5833473, -1,
    2.4072538757324219e+02, 2.3071743774414062e+02,
    1.2358202934265137e+01, 3.0763339233398438e+02,
    1.1754027009010315e-01, 5833473, -1, 1.2412442779541016e+02,
    2.3095533752441406e+02, 1.2570821762084961e+01,
    6.5068115234375000e+01, 1.1731599271297455e-01, 7078657, -1,
    1.2412442779541016e+02, 2.3095533752441406e+02,
    1.2570821762084961e+01, 2.3389390563964844e+02,
    1.1731599271297455e-01, 7078657, -1, 3.1660604858398438e+02,
    2.1895283508300781e+02, 1.4182670593261719e+01,
    5.7474639892578125e+01, 9.5921114087104797e-02, 15794945, -1,
    3.1660604858398438e+02, 2.1895283508300781e+02,
    1.4182670593261719e+01, 1.1796994018554688e+02,
    9.5921114087104797e-02, 15794945, -1, 3.1660604858398438e+02,
    2.1895283508300781e+02, 1.4182670593261719e+01,
    1.9866178894042969e+02, 9.5921114087104797e-02, 15794945, -1,
    3.1660604858398438e+02, 2.1895283508300781e+02,
    1.4182670593261719e+01, 2.6996972656250000e+02,
    9.5921114087104797e-02, 15794945, -1, 3.1660604858398438e+02,
    2.1895283508300781e+02, 1.4182670593261719e+01,
    3.4235333251953125e+02, 9.5921114087104797e-02, 15794945, -1,
    4.7615615844726562e+01, 2.1892005920410156e+02,
    1.4204678535461426e+01, 5.7788604736328125e+01,
    9.6004761755466461e-02, 15860481, -1, 4.7615615844726562e+01,
    2.1892005920410156e+02, 1.4204678535461426e+01,
    1.2084954833984375e+02, 9.6004761755466461e-02, 15860481, -1,
    4.7615615844726562e+01, 2.1892005920410156e+02,
    1.4204678535461426e+01, 1.9969537353515625e+02,
    9.6004761755466461e-02, 15860481, -1, 4.7615615844726562e+01,
    2.1892005920410156e+02, 1.4204678535461426e+01,
    2.6997259521484375e+02, 9.6004761755466461e-02, 15860481, -1,
    4.7615615844726562e+01, 2.1892005920410156e+02,
    1.4204678535461426e+01, 3.3935153198242188e+02,
    9.6004761755466461e-02, 15860481, -1, 2.4661395263671875e+02,
    2.6060482788085938e+02, 7.4836363792419434e+00,
    4.0812866210937500e+01, 8.8753275573253632e-02, 2949377, -1,
    1.1820656585693359e+02, 2.6077166748046875e+02,
    7.5203752517700195e+00, 1.3746446228027344e+02,
    9.0488187968730927e-02, 3342593, -1, 2.5664852905273438e+02,
    1.4179026794433594e+02, 7.2889528274536133e+00,
    3.9577758789062500e+01, 9.9686704576015472e-02, 1048833, -1,
    1.9774291992187500e+02, 1.1640053558349609e+02,
    8.2063350677490234e+00, 7.4990844726562500e+01,
    1.0330354422330856e-01, 9634049, -1, 1.9774291992187500e+02,
    1.1640053558349609e+02, 8.2063350677490234e+00,
    1.9009524536132812e+02, 1.0330354422330856e-01, 9634049, -1,
    1.6690267944335938e+02, 1.1694703674316406e+02,
    8.3381853103637695e+00, 1.0686679077148438e+02,
    1.0406048595905304e-01, 10748161, -1, 1.6690267944335938e+02,
    1.1694703674316406e+02, 8.3381853103637695e+00,
    3.5059197998046875e+02, 1.0406048595905304e-01, 10748161, -1,
    2.7506051635742188e+02, 1.9256074523925781e+02,
    5.9630770683288574e+00, 9.1005340576171875e+01,
    1.1788554489612579e-01, 3212032, -1, 2.7506051635742188e+02,
    1.9256074523925781e+02, 5.9630770683288574e+00,
    2.9378890991210938e+02, 1.1788554489612579e-01, 3212032, -1,
    8.9616928100585938e+01, 1.9242855834960938e+02,
    6.0052537918090820e+00, 2.5050506591796875e+02,
    1.1820288747549057e-01, 3736320, -1, 1.9402636718750000e+02,
    1.9120568847656250e+02, 6.6431641578674316e+00,
    2.3107722473144531e+02, 9.9357321858406067e-02, 11076352, -1,
    2.7460983276367188e+02, 1.7726849365234375e+02,
    6.4113311767578125e+00, 4.2494354248046875e+01,
    1.0643950849771500e-01, 8454912, -1, 2.7460983276367188e+02,
    1.7726849365234375e+02, 6.4113311767578125e+00,
    2.6146981811523438e+02, 1.0643950849771500e-01, 8454912, -1,
    1.4765963745117188e+02, 1.7336791992187500e+02,
    3.2728736400604248e+00, 3.4395147705078125e+02,
    9.5180608332157135e-02, 9962495, -1, 1.4765963745117188e+02,
    1.7336791992187500e+02, 3.2728736400604248e+00,
    1.6157057189941406e+02, 9.5180608332157135e-02, 9962495, -1,
    2.7460983276367188e+02, 1.7726849365234375e+02,
    6.4113311767578125e+00, 3.5716311645507812e+02,
    1.0643950849771500e-01, 8454912, -1, 8.9901237487792969e+01,
    1.7704920959472656e+02, 6.4294848442077637e+00,
    9.3516906738281250e+01, 1.0698054730892181e-01, 8717056, -1,
    8.9901237487792969e+01, 1.7704920959472656e+02,
    6.4294848442077637e+00, 1.3762510681152344e+02,
    1.0698054730892181e-01, 8717056, -1, 8.9901237487792969e+01,
    1.7704920959472656e+02, 6.4294848442077637e+00,
    1.8061323547363281e+02, 1.0698054730892181e-01, 8717056, -1,
    8.9901237487792969e+01, 1.7704920959472656e+02,
    6.4294848442077637e+00, 2.7780096435546875e+02,
    1.0698054730892181e-01, 8717056, -1, 2.6887173461914062e+02,
    1.6887757873535156e+02, 6.2527370452880859e+00,
    1.4990921020507812e+02, 9.7044534981250763e-02, 6685440, -1,
    2.6887173461914062e+02, 1.6887757873535156e+02,
    6.2527370452880859e+00, 2.8212100219726562e+02,
    9.7044534981250763e-02, 6685440, -1, 1.8852182006835938e+02,
    1.5962796020507812e+02, 6.4424133300781250e+00,
    8.8815338134765625e+01, 9.7127698361873627e-02, 8848128, -1,
    1.1534996032714844e+02, 2.4646247863769531e+02,
    3.4984242916107178e+00, 2.4163696289062500e+02,
    1.0128100961446762e-01, 14812159, -1, 1.7508537292480469e+02,
    1.5917306518554688e+02, 6.3255043029785156e+00,
    8.0927551269531250e+01, 9.0925179421901703e-02, 7537408, -1,
    1.3114143371582031e+02, 1.4974743652343750e+02,
    6.7825164794921875e+00, 8.4930419921875000e+01,
    1.0167004168033600e-01, 12583680, -1, 2.5685614013671875e+02,
    1.4094343566894531e+02, 6.9644083976745605e+00,
    3.5007598876953125e+01, 1.0003095120191574e-01, 14484224, -1,
    2.5685614013671875e+02, 1.4094343566894531e+02,
    6.9644083976745605e+00, 1.6671563720703125e+02,
    1.0003095120191574e-01, 14484224, -1, 1.0820272827148438e+02,
    1.4074613952636719e+02, 6.7938880920410156e+00,
    1.5696258544921875e+01, 9.9037632346153259e-02, 12649216, -1,
    1.0820272827148438e+02, 1.4074613952636719e+02,
    6.7938880920410156e+00, 1.4583020019531250e+02,
    9.9037632346153259e-02, 12649216, -1, 1.8205152893066406e+02,
    1.2493101501464844e+02, 5.8615694046020508e+00,
    2.7035360717773438e+02, 1.2525625526905060e-01, 2032384, -1,
    1.8436692810058594e+02, 5.3877288818359375e+01,
    6.1717219352722168e+00, 7.8578369140625000e+01,
    9.9128596484661102e-02, 5702400, -1, 1.8436692810058594e+02,
    5.3877288818359375e+01, 6.1717219352722168e+00,
    1.9273995971679688e+02, 9.9128596484661102e-02, 5702400, -1,
    1.8436692810058594e+02, 5.3877288818359375e+01,
    6.1717219352722168e+00, 2.6952435302734375e+02,
    9.9128596484661102e-02, 5702400, -1, 1.8436692810058594e+02,
    5.3877288818359375e+01, 6.1717219352722168e+00,
    2.9638076782226562e+02, 9.9128596484661102e-02, 5702400, -1,
    1.3315872192382812e+02, 4.8249073028564453e+01,
    6.8708772659301758e+00, 6.5709136962890625e+01,
    1.0137479752302170e-01, 13501184, -1, 1.3315872192382812e+02,
    4.8249073028564453e+01, 6.8708772659301758e+00,
    2.7448742675781250e+02, 1.0137479752302170e-01, 13501184, -1,
    1.6193673706054688e+02, 2.7656448364257812e+02,
    5.0472936630249023e+00, 2.8506469726562500e+00,
    1.0975896567106247e-01, 7864832, -1, 2.0319955444335938e+02,
    2.7573052978515625e+02, 5.2994570732116699e+00,
    1.7396995544433594e+02, 1.0729654878377914e-01, 11403776, -1,
    1.4907611083984375e+02, 2.7270913696289062e+02,
    4.9536108970642090e+00, 1.8642333984375000e+01,
    1.1149666458368301e-01, 6554112, -1, 1.4907611083984375e+02,
    2.7270913696289062e+02, 4.9536108970642090e+00,
