%YAML:1.0
tag: [ 1.5734269714355469e+02, 2.2904571533203125e+02,
    3.2306630611419678e+00, 3.5154431152343750e+02,
    5.6417152285575867e-02, 9044991, -1, 1.4668945312500000e+02,
    2.2654264831542969e+02, 3.8084373474121094e+00,
    1.1367370605468750e+01, 5.3209882229566574e-02, 4260096, -1,
    1.5139419555664062e+02, 2.2556585693359375e+02,
    3.3268344402313232e+00, 5.8168945312500000e+00,
    4.0659934282302856e-02, 11142143, -1, 1.8889997863769531e+02,
    2.2467868041992188e+02, 3.2939758300781250e+00,
    1.6806138610839844e+02, 5.7763691991567612e-02, 10421247, -1,
    1.3670822143554688e+02, 2.2448318481445312e+02,
    3.0130326747894287e+00, 2.3790649414062500e+01,
    4.2071856558322906e-02, 3998719, -1, 1.2873646545410156e+02,
    2.1975270080566406e+02, 4.5063123703002930e+00,
    1.5697465515136719e+02, 4.1592318564653397e-02, 16384256, -1,
    1.3670822143554688e+02, 2.2448318481445312e+02,
    3.0130326747894287e+00, 1.2979325866699219e+02,
    4.2071856558322906e-02, 3998719, -1, 1.6262612915039062e+02,
    2.5891317749023438e+02, 4.7126588821411133e+00,
    2.6584143066406250e+02, 4.1819736361503601e-02, 2949632, -1,
    2.3320341491699219e+02, 1.3699906921386719e+02,
    5.1449437141418457e+00, 2.5491348266601562e+02,
    4.8358529806137085e-02, 9306624, -1, 1.9825421142578125e+02,
    2.1906153869628906e+02, 3.6714916229248047e+00,
    1.5616314697265625e+02, 6.0692489147186279e-02, 1573120, -1,
    2.3320341491699219e+02, 1.3699906921386719e+02,
    5.1449437141418457e+00, 9.5822174072265625e+01,
    4.8358529806137085e-02, 9306624, -1, 2.3320341491699219e+02,
    1.3699906921386719e+02, 5.1449437141418457e+00,
    4.7670715332031250e+01, 4.8358529806137085e-02, 9306624, -1,
    1.6262612915039062e+02, 2.5891317749023438e+02,
    4.7126588821411133e+00, 1.0499813842773438e+02,
    4.1819736361503601e-02, 2949632, -1, 4.4578193664550781e+01,
    1.2962141418457031e+02, 4.7575321197509766e+00,
    2.8910522460937500e+01, 4.1662976145744324e-02, 3604992, -1,
    1.9621121215820312e+02, 2.1463085937500000e+02,
    3.3417205810546875e+00, 1.5381759643554688e+02,
    4.8950850963592529e-02, 11469823, -1, 1.9621121215820312e+02,
    2.1463085937500000e+02, 3.3417205810546875e+00,
    3.2427728271484375e+02, 4.8950850963592529e-02, 11469823, -1,
    7.7832511901855469e+01, 7.3239051818847656e+01,
    3.8248612880706787e+00, 2.9381701660156250e+02,
    4.3451167643070221e-02, 4522240, -1, 1.5229273986816406e+02,
    8.0048576354980469e+01, 3.7279527187347412e+00,
    1.3528048706054688e+02, 4.3671842664480209e-02, 2687232, -1,
    1.8932496643066406e+02, 2.0531600952148438e+02,
    3.0672204494476318e+00, 1.4724227905273438e+02,
    5.4505825042724609e-02, 5309439, -1, 1.8932496643066406e+02,
    2.0531600952148438e+02, 3.0672204494476318e+00,
    3.3872097778320312e+02, 5.4505825042724609e-02, 5309439, -1,
    1.9291630554199219e+02, 2.1846008300781250e+02,
    3.7364861965179443e+00, 1.5642173767089844e+02,
    4.8025179654359818e-02, 2883840, -1, 2.1954536437988281e+02,
    2.4025958251953125e+02, 4.2630720138549805e+00,
    2.3292187500000000e+02, 3.9821691811084747e-02, 12386560, -1,
    1.1762789154052734e+02, 1.2806242370605469e+02,
    5.7589664459228516e+00, 8.2641418457031250e+01,
    4.0112473070621490e-02, 721664, -1, 5.9198497772216797e+01,
    1.9276661682128906e+02, 1.1797183036804199e+01,
    1.0588925170898438e+02, 4.7032359987497330e-02, 2425601, -1,
    5.9198497772216797e+01, 1.9276661682128906e+02,
    1.1797183036804199e+01, 1.5652076721191406e+02,
    4.7032359987497330e-02, 2425601, -1, 5.9198497772216797e+01,
    1.9276661682128906e+02, 1.1797183036804199e+01,
    1.9154757690429688e+02, 4.7032359987497330e-02, 2425601, -1,
    2.7099804687500000e+02, 1.6703330993652344e+02,
    1.1954005241394043e+01, 1.9855487060546875e+02,
    4.7493249177932739e-02, 3408641, -1, 2.7099804687500000e+02,
    1.6703330993652344e+02, 1.1954005241394043e+01,
    2.8558679199218750e+02, 4.7493249177932739e-02, 3408641, -1,
    1.8472294616699219e+02, 2.0507131958007812e+02,
    3.2103481292724609e+00, 1.5697747802734375e+02,
    5.1513686776161194e-02, 8586239, -1, 2.7099804687500000e+02,
    1.6703330993652344e+02, 1.1954005241394043e+01,
    3.2660290527343750e+02, 4.7493249177932739e-02, 3408641, -1,
    1.8472294616699219e+02, 2.0507131958007812e+02,
    3.2103481292724609e+00, 3.2895971679687500e+02,
    5.1513686776161194e-02, 8586239, -1, 1.3314131164550781e+02,
    1.1026873779296875e+02, 1.2419092178344727e+01,
    6.5740692138671875e+01, 4.3205928057432175e-02, 6161153, -1,
    1.7825421142578125e+02, 1.0406034088134766e+02,
    1.2256524085998535e+01, 1.0411247253417969e+02,
    4.2035140097141266e-02, 5243649, -1, 2.1954536437988281e+02,
    2.4025958251953125e+02, 4.2630720138549805e+00,
    6.4249633789062500e+01, 3.9821691811084747e-02, 12386560, -1,
    2.1769126892089844e+02, 2.0450430297851562e+02,
    3.0714950561523438e+00, 8.2135955810546875e+01,
    4.5070879161357880e-02, 5374975, -1, 1.8510031127929688e+02,
    1.2340615081787109e+02, 2.1993031501770020e+00,
    3.2478134155273438e+02, 4.1302766650915146e-02, 14680575, -1,
    1.8510031127929688e+02, 1.2340615081787109e+02,
    2.1993031501770020e+00, 1.4314285278320312e+02,
    4.1302766650915146e-02, 14680575, -1, 2.1769126892089844e+02,
    2.0450430297851562e+02, 3.0714950561523438e+00,
    3.4678430175781250e+02, 4.5070879161357880e-02, 5374975, -1,
    2.1340454101562500e+02, 2.0901341247558594e+02,
    4.4560527801513672e+00, 1.3575613403320312e+02,
    4.4740125536918640e-02, 15597824, -1, 2.1340454101562500e+02,
    2.0901341247558594e+02, 4.4560527801513672e+00,
    3.5950378417968750e+02, 4.4740125536918640e-02, 15597824, -1,
    1.6136476135253906e+02, 2.0275430297851562e+02,
    3.1431074142456055e+00, 1.6840362548828125e+02,
    5.2311927080154419e-02, 7078911, -1, 1.8361645507812500e+02,
    1.2704056549072266e+02, 2.1540629863739014e+00,
    1.7158409118652344e+02, 5.8956883847713470e-02, 13173247, -1,
    1.6136476135253906e+02, 2.0275430297851562e+02,
    3.1431074142456055e+00, 3.5518673706054688e+02,
    5.2311927080154419e-02, 7078911, -1, 1.4565147399902344e+02,
    2.0072026062011719e+02, 3.8046829700469971e+00,
    3.2994778442382812e+02, 4.8717442899942398e-02, 4194560, -1,
    1.2486607360839844e+02, 2.5626406860351562e+02,
    9.3103733062744141e+00, 2.8107116699218750e+01,
    4.8474814742803574e-02, 2032129, -1, 1.5496063232421875e+02,
    1.2993840026855469e+02, 2.0681955814361572e+00,
    3.4891864013671875e+02, 4.6662289649248123e-02, 10224127, -1,
    1.2486607360839844e+02, 2.5626406860351562e+02,
    9.3103733062744141e+00, 2.0134617614746094e+02,
    4.8474814742803574e-02, 2032129, -1, 1.9175622558593750e+02,
    1.3291921997070312e+02, 2.0757129192352295e+00,
    3.5500747680664062e+02, 5.2970238029956818e-02, 10486271, -1,
    1.8806359863281250e+02, 2.0202844238281250e+02,
    3.3080964088439941e+00, 1.5990623474121094e+02,
    5.3070329129695892e-02, 10748927, -1, 1.7705107116699219e+02,
    1.3701780700683594e+02, 2.0116927623748779e+00,
    1.7257447814941406e+02, 4.0264900773763657e-02, 8192511, -1,
    1.7705107116699219e+02, 1.3701780700683594e+02,
    2.0116927623748779e+00, 1.1031127929687500e+01,
    4.0264900773763657e-02, 8192511, -1, 1.8806359863281250e+02,
    2.0202844238281250e+02, 3.3080964088439941e+00,
    3.4486694335937500e+02, 5.3070329129695892e-02, 10748927, -1,
    1.8372346496582031e+02, 4.3452190399169922e+01,
    6.6125349998474121e+00, 1.8398971557617188e+02,
    3.9970602840185165e-02, 10748672, -1, 1.2932214355468750e+02,
    1.4487834167480469e+02, 2.0763018131256104e+00,
    3.4744219970703125e+02, 5.6979916989803314e-02, 10486271, -1,
    1.2932214355468750e+02, 1.4487834167480469e+02,
    2.0763018131256104e+00, 1.5939414978027344e+02,
    5.6979916989803314e-02, 10486271, -1, 2.2093002319335938e+02,
    2.0036650085449219e+02, 3.5192525386810303e+00,
