%YAML:1.0
tag: [ 1.2756246185302734e+02, 1.6379035949707031e+02,
    2.8790342807769775e+00, 1.5814833068847656e+02,
    8.8134191930294037e-02, 721919, -1, 5.7000129699707031e+01,
    7.6259597778320312e+01, 5.9859347343444824e+00,
    1.3079144287109375e+02, 9.0089686214923859e-02, 3539712, -1,
    1.4503367614746094e+02, 1.3639610290527344e+02,
    2.0606629848480225e+00, 3.3799560546875000e+02,
    9.6029728651046753e-02, 9961983, -1, 8.6979423522949219e+01,
    1.3724580383300781e+02, 2.1178913116455078e+00,
    2.0054260253906250e+01, 9.3959264457225800e-02, 11928063, -1,
    5.7000129699707031e+01, 7.6259597778320312e+01,
    5.9859347343444824e+00, 2.9703341674804688e+02,
    9.0089686214923859e-02, 3539712, -1, 1.0344681549072266e+02,
    1.4657821655273438e+02, 2.4288361072540283e+00,
    3.2578021240234375e+02, 9.6909977495670319e-02, 5112575, -1,
    1.0344681549072266e+02, 1.4657821655273438e+02,
    2.4288361072540283e+00, 1.5118792724609375e+02,
    9.6909977495670319e-02, 5112575, -1, 1.0452969360351562e+02,
    1.6828007507324219e+02, 2.0723216533660889e+00,
    2.0744810485839844e+02, 9.7719594836235046e-02, 10355199, -1,
    1.0452969360351562e+02, 1.6828007507324219e+02,
    2.0723216533660889e+00, 3.1689758300781250e+01,
    9.7719594836235046e-02, 10355199, -1, 1.4203251647949219e+02,
    1.7076547241210938e+02, 2.4762504100799561e+00,
    3.3405990600585938e+02, 9.3307524919509888e-02, 6554367, -1,
    1.4203251647949219e+02, 1.7076547241210938e+02,
    2.4762504100799561e+00, 1.5339591979980469e+02,
    9.3307524919509888e-02, 6554367, -1, 1.4703170776367188e+02,
    1.7471403503417969e+02, 2.2204029560089111e+00,
    1.5667691040039062e+02, 9.9875479936599731e-02, 15335935, -1,
    1.5415393066406250e+02, 4.2365509033203125e+01,
    5.8979859352111816e+00, 3.3394927978515625e+01,
    9.3773692846298218e-02, 2425600, -1, 1.5415393066406250e+02,
    4.2365509033203125e+01, 5.8979859352111816e+00,
    1.9518875122070312e+02, 9.3773692846298218e-02, 2425600, -1,
    1.6631915283203125e+02, 3.5908649444580078e+01,
    6.2414603233337402e+00, 3.3687622070312500e+01,
    9.2595629394054413e-02, 6554368, -1, 1.6631915283203125e+02,
    3.5908649444580078e+01, 6.2414603233337402e+00,
    1.9247169494628906e+02, 9.2595629394054413e-02, 6554368, -1,
    1.5036363220214844e+02, 2.9672388076782227e+01,
    6.6079535484313965e+00, 3.1766204833984375e+01,
    9.3028247356414795e-02, 10683136, -1, 1.5036363220214844e+02,
    2.9672388076782227e+01, 6.6079535484313965e+00,
    1.9618814086914062e+02, 9.3028247356414795e-02, 10683136, -1,
    1.1079714965820312e+02, 1.9685984802246094e+02,
    4.6526160240173340e+00, 1.1066641235351562e+02,
    8.8340915739536285e-02, 2032128, -1, 6.7169609069824219e+01,
    1.7431002807617188e+02, 4.7755823135375977e+00,
    1.4931884765625000e+02, 8.8002718985080719e-02, 3867136, -1,
    6.7169609069824219e+01, 1.7431002807617188e+02,
    4.7755823135375977e+00, 3.0743261718750000e+02,
    8.8002718985080719e-02, 3867136, -1, 1.5960644531250000e+02,
    1.7024047851562500e+02, 4.8071203231811523e+00,
    4.4945312500000000e+01, 9.2027246952056885e-02, 4391424, -1,
    1.5960644531250000e+02, 1.7024047851562500e+02,
    4.8071203231811523e+00, 2.3297805786132812e+02,
    9.2027246952056885e-02, 4391424, -1, 7.8540977478027344e+01,
    1.6661682128906250e+02, 4.7164940834045410e+00,
    1.4453309631347656e+02, 9.3481719493865967e-02, 3015168, -1,
    7.8540977478027344e+01, 1.6661682128906250e+02,
    4.7164940834045410e+00, 3.1113668823242188e+02,
    9.3481719493865967e-02, 3015168, -1, 1.2876020812988281e+02,
    1.1217566680908203e+02, 5.5894780158996582e+00,
    9.4523345947265625e+01, 9.2220947146415710e-02, 15270400, -1,
    8.9317329406738281e+01, 9.7132476806640625e+01,
    4.8084797859191895e+00, 8.7998107910156250e+01,
    9.8817817866802216e-02, 4391424, -1, 1.6932382202148438e+02,
    9.5509140014648438e+01, 4.6305041313171387e+00,
    4.2073303222656250e+01, 9.6275761723518372e-02, 1638912, -1,
    1.3304071044921875e+02, 7.7769927978515625e+01,
    5.1591730117797852e+00, 7.5385498046875000e+01,
    1.0454810410737991e-01, 9503232, -1, 1.6599888610839844e+02,
    1.0453467559814453e+02, 1.0315335273742676e+01,
    6.9096435546875000e+01, 1.0273040831089020e-01, 9437697, -1,
    1.6599888610839844e+02, 1.0453467559814453e+02,
    1.0315335273742676e+01, 3.0545544433593750e+02,
    1.0273040831089020e-01, 9437697, -1, 7.8529510498046875e+01,
    1.0012454986572266e+02, 1.0236097335815430e+01,
    1.1677397155761719e+02, 1.0332081466913223e-01, 8913409, -1,
    7.8529510498046875e+01, 1.0012454986572266e+02,
    1.0236097335815430e+01, 2.4078286743164062e+02,
    1.0332081466913223e-01, 8913409, -1, 1.4023483276367188e+02,
    8.6821548461914062e+01, 9.5917921066284180e+00,
    1.1267518615722656e+02, 1.0484413802623749e-01, 4194817, -1,
    1.1350257873535156e+02, 7.7111541748046875e+01,
    5.2553257942199707e+00, 1.1033357238769531e+02,
    1.0287787020206451e-01, 10813952, -1, 1.0545092010498047e+02,
    8.5536758422851562e+01, 9.4071865081787109e+00,
    7.1920471191406250e+01, 1.0438191145658493e-01, 2818561, -1,
    1.1350257873535156e+02, 7.7111541748046875e+01,
    5.2553257942199707e+00, 3.5067715454101562e+02,
    1.0287787020206451e-01, 10813952, -1, 7.6494194030761719e+01,
    1.9463607788085938e+02, 7.6247572898864746e+00,
    2.1170982360839844e+02, 1.0252776741981506e-01, 4325633, -1,
    4.7178455352783203e+01, 5.8041271209716797e+01,
    4.7345724105834961e+00, 4.3338531494140625e+01,
    8.8026687502861023e-02, 3277312, -1, 1.4239474487304688e+02,
    7.9474540710449219e+01, 2.7244584560394287e+00,
    1.9582119750976562e+02, 1.0297183692455292e-01, 13435647, -1,
    1.4239474487304688e+02, 7.9474540710449219e+01,
    2.7244584560394287e+00, 7.4359924316406250e+01,
    1.0297183692455292e-01, 13435647, -1, 1.9170141601562500e+02,
    5.4024482727050781e+01, 4.9321112632751465e+00,
    1.5482916259765625e+02, 9.1221265494823456e-02, 6226432, -1,
    1.9170141601562500e+02, 5.4024482727050781e+01,
    4.9321112632751465e+00, 3.1278491210937500e+02,
    9.1221265494823456e-02, 6226432, -1, 9.7020004272460938e+01,
    8.3106132507324219e+01, 2.4937255382537842e+00,
    3.3852963256835938e+02, 9.7708582878112793e-02, 7013119, -1,
    9.7020004272460938e+01, 8.3106132507324219e+01,
    2.4937255382537842e+00, 1.0683868408203125e+02,
    9.7708582878112793e-02, 7013119, -1, 1.6472697448730469e+02,
    2.0729943847656250e+02, 4.3024768829345703e+00,
    7.7681396484375000e+01, 9.2170551419258118e-02, 13041920, -1,
    1.6472697448730469e+02, 2.0729943847656250e+02,
    4.3024768829345703e+00, 2.3906201171875000e+02,
    9.2170551419258118e-02, 13041920, -1, 1.5714888000488281e+02,
    2.0438925170898438e+02, 3.7265236377716064e+00,
    7.6089508056640625e+01, 9.6884474158287048e-02, 2687232, -1,
    1.5714888000488281e+02, 2.0438925170898438e+02,
    3.7265236377716064e+00, 2.3523306274414062e+02,
    9.6884474158287048e-02, 2687232, -1, 1.2982781982421875e+02,
    2.0237660217285156e+02, 3.9986875057220459e+00,
    2.5913110351562500e+02, 9.4065815210342407e-02, 7733504, -1,
    1.0513136291503906e+02, 2.0153916931152344e+02,
    3.8037679195404053e+00, 1.1453619384765625e+02,
    9.4899535179138184e-02, 4129024, -1, 1.5895170593261719e+02,
    1.9813919067382812e+02, 3.8924863338470459e+00,
    8.1429565429687500e+01, 9.0511307120323181e-02, 5832960, -1,
    1.5895170593261719e+02, 1.9813919067382812e+02,
    3.8924863338470459e+00, 2.3294754028320312e+02,
    9.0511307120323181e-02, 5832960, -1, 1.0208789062500000e+02,
    1.0854526519775391e+02, 2.5696847438812256e+00,
    3.5935012817382812e+02, 8.8404931128025055e-02, 9175807, -1,
    1.0208789062500000e+02, 1.0854526519775391e+02,
    2.5696847438812256e+00, 1.7167584228515625e+02,
    8.8404931128025055e-02, 9175807, -1, 1.5313848876953125e+02,
    1.9504244995117188e+02, 3.7142131328582764e+00,
