%YAML:1.0
tag: [ 8.8549850463867188e+01, 9.8852233886718750e+01,
    2.6447360515594482e+00, 2.7579113769531250e+02,
    5.8065600693225861e-02, 11272959, -1, 1.8539823913574219e+02,
    5.4772090911865234e+01, 1.3583642959594727e+01,
    1.8798905944824219e+02, 6.5814971923828125e-02, 12649217, -1,
    1.4654666137695312e+02, 7.4953956604003906e+01,
    1.0040482521057129e+01, 2.3886807250976562e+02,
    5.1834072917699814e-02, 7537153, -1, 1.0342660522460938e+02,
    1.0291525268554688e+02, 8.4112653732299805e+00,
    8.6913757324218750e+00, 5.0291515886783600e-02, 11403521, -1,
    2.2213294982910156e+02, 7.1557792663574219e+01,
    8.1662817001342773e+00, 1.0963513183593750e+02,
    4.9330085515975952e-02, 9240833, -1, 2.2213294982910156e+02,
    7.1557792663574219e+01, 8.1662817001342773e+00,
    2.7998767089843750e+02, 4.9330085515975952e-02, 9240833, -1,
    1.7361181640625000e+02, 6.9311355590820312e+01,
    8.1012392044067383e+00, 1.1530334472656250e+02,
    6.5488837659358978e-02, 8716545, -1, 1.6011752319335938e+02,
    3.2382762908935547e+01, 7.3004007339477539e+00,
    7.2617797851562500e+01, 6.8241111934185028e-02, 1179905, -1,
    1.6011752319335938e+02, 3.2382762908935547e+01,
    7.3004007339477539e+00, 1.2217462158203125e+02,
    6.8241111934185028e-02, 1179905, -1, 1.6011752319335938e+02,
    3.2382762908935547e+01, 7.3004007339477539e+00,
    2.8437112426757812e+02, 6.8241111934185028e-02, 1179905, -1,
    1.3422677612304688e+02, 2.8964448928833008e+01,
    8.4822311401367188e+00, 2.6982424926757812e+02,
    6.4090639352798462e-02, 11993345, -1, 1.6536730957031250e+02,
    9.6966772079467773e+00, 7.4848175048828125e+00,
    4.7750579833984375e+01, 5.6941960006952286e-02, 2949377, -1,
    1.6572753906250000e+02, 1.0037339782714844e+02,
    6.6955142021179199e+00, 1.0185693359375000e+02,
    7.1387417614459991e-02, 11600640, -1, 1.6572753906250000e+02,
    1.0037339782714844e+02, 6.6955142021179199e+00,
    2.5851882934570312e+02, 7.1387417614459991e-02, 11600640, -1,
    1.9515252685546875e+02, 8.4529495239257812e+01,
    5.9544196128845215e+00, 2.8172866821289062e+02,
    6.2879398465156555e-02, 3146496, -1, 1.2787505340576172e+02,
    8.0824607849121094e+01, 7.1093478202819824e+00,
    1.7211332702636719e+02, 5.3484704345464706e-02, 15991552, -1,
    1.2787505340576172e+02, 8.0824607849121094e+01,
    7.1093478202819824e+00, 1.4923400878906250e+00,
    5.3484704345464706e-02, 15991552, -1, 1.7031953430175781e+02,
    6.6297706604003906e+01, 6.4547953605651855e+00,
    1.1794631958007812e+02, 6.4699433743953705e-02, 8979200, -1,
    1.7031953430175781e+02, 6.6297706604003906e+01,
    6.4547953605651855e+00, 3.4775588989257812e+02,
    6.4699433743953705e-02, 8979200, -1, 5.4317497253417969e+01,
    6.5095787048339844e+01, 6.5169105529785156e+00,
    1.3246228027343750e+02, 5.0687089562416077e-02, 9634560, -1,
    5.4317497253417969e+01, 6.5095787048339844e+01,
    6.5169105529785156e+00, 3.3801376342773438e+02,
    5.0687089562416077e-02, 9634560, -1, 2.2771369934082031e+01,
    6.1820293426513672e+01, 5.7710628509521484e+00,
    3.1068930053710938e+02, 5.6719865649938583e-02, 852736, -1,
    1.7674052429199219e+02, 6.0906932830810547e+01,
    5.9049506187438965e+00, 1.1076663208007812e+02,
    6.5223596990108490e-02, 2556672, -1, 5.2261337280273438e+01,
    5.4995471954345703e+01, 6.0576839447021484e+00,
    1.6373655700683594e+02, 4.9826357513666153e-02, 4391680, -1,
    5.2261337280273438e+01, 5.4995471954345703e+01,
    6.0576839447021484e+00, 3.5821829223632812e+02,
    4.9826357513666153e-02, 4391680, -1, 7.0349815368652344e+01,
    5.2776088714599609e+01, 6.4383749961853027e+00,
    2.9569226074218750e+02, 5.9305850416421890e-02, 8782592, -1,
    2.2793333435058594e+02, 2.3446289062500000e+01,
    1.9367185831069946e+00, 3.0780819702148438e+02,
    4.8685535788536072e-02, 5439999, -1, 2.2793333435058594e+02,
    2.3446289062500000e+01, 1.9367185831069946e+00,
    1.2873924255371094e+02, 4.8685535788536072e-02, 5439999, -1,
    2.0577894592285156e+02, 5.2019886016845703e+01,
    6.1996536254882812e+00, 1.3406524658203125e+01,
    5.4689828306436539e-02, 6030080, -1, 2.0577894592285156e+02,
    5.2019886016845703e+01, 6.1996536254882812e+00,
    1.7088630676269531e+02, 5.4689828306436539e-02, 6030080, -1,
    2.0577894592285156e+02, 5.2019886016845703e+01,
    6.1996536254882812e+00, 3.1032052612304688e+02,
    5.4689828306436539e-02, 6030080, -1, 1.7031654357910156e+02,
    5.1644977569580078e+01, 6.6635041236877441e+00,
    1.5344978332519531e+02, 5.8638941496610641e-02, 11272960, -1,
    8.9044624328613281e+01, 3.1323686599731445e+01,
    2.2246472835540771e+00, 2.9708523559570312e+02,
    6.2230449169874191e-02, 15467007, -1, 1.7031654357910156e+02,
    5.1644977569580078e+01, 6.6635041236877441e+00,
    2.3022676086425781e+02, 5.8638941496610641e-02, 11272960, -1,
    2.3787303161621094e+02, 5.0531143188476562e+01,
    7.0915904045104980e+00, 1.4145185852050781e+02,
    5.0030622631311417e-02, 15794944, -1, 2.3787303161621094e+02,
    5.0531143188476562e+01, 7.0915904045104980e+00,
    3.4277539062500000e+02, 5.0030622631311417e-02, 15794944, -1,
    7.4795120239257812e+01, 3.7581111907958984e+01,
    1.7982870340347290e+00, 2.7598403930664062e+02,
    5.0655189901590347e-02, 66047, -1, 3.6743682861328125e+01,
    4.8703990936279297e+01, 6.0753035545349121e+00,
    8.9114501953125000e+01, 6.0323484241962433e-02, 4588288, -1,
    4.6874839782714844e+01, 4.6035556793212891e+01,
    6.0056147575378418e+00, 1.2457971191406250e+02,
    6.4052201807498932e-02, 3736320, -1, 7.5358375549316406e+01,
    4.2699909210205078e+01, 1.9648522138595581e+00,
    9.9644073486328125e+01, 5.7149559259414673e-02, 6488575, -1,
    9.0943923950195312e+01, 4.1157470703125000e+01,
    5.8915214538574219e+00, 2.5021322631835938e+02,
    4.8637308180332184e-02, 2360064, -1, 1.6798808288574219e+02,
    3.9070072174072266e+01, 5.8352422714233398e+00,
    6.4184448242187500e+01, 6.2972731888294220e-02, 1704704, -1,
    1.6798808288574219e+02, 3.9070072174072266e+01,
    5.8352422714233398e+00, 8.9084533691406250e+01,
    6.2972731888294220e-02, 1704704, -1, 2.2214743041992188e+02,
    2.9735677719116211e+01, 6.0888991355895996e+00,
    3.0824011230468750e+02, 5.0339136272668839e-02, 4784896, -1,
    1.1731945800781250e+02, 3.0460254669189453e+01,
    6.2666406631469727e+00, 2.8961318969726562e+02,
    5.4995905607938766e-02, 6816512, -1, 5.5963054656982422e+01,
    2.5723840713500977e+01, 6.1184363365173340e+00,
    2.6405966186523438e+02, 6.6319383680820465e-02, 5112576, -1,
    1.7118948364257812e+02, 1.6321763992309570e+01,
    5.7584815025329590e+00, 4.9720062255859375e+01,
    4.8636462539434433e-02, 721664, -1, 1.1438583374023438e+02,
    1.4849359512329102e+01, 6.0131154060363770e+00,
    3.3324185180664062e+02, 5.0568465143442154e-02, 3867392, -1,
    1.5562705993652344e+02, 1.2686836242675781e+01,
    6.4209504127502441e+00, 1.6232870483398438e+02,
    5.3957611322402954e-02, 8585984, -1, 1.2206626129150391e+02,
    1.1018855094909668e+01, 6.5395884513854980e+00,
    1.9103451538085938e+02, 5.5890399962663651e-02, 9896704, -1,
    6.7457427978515625e+01, 4.8059310913085938e+01,
    1.8676785230636597e+00, 2.7090692138671875e+02,
    5.6775603443384171e-02, 2818559, -1, 1.7745971679687500e+02,
    4.9437824249267578e+01, 2.0675404071807861e+00,
    1.1993424987792969e+02, 4.8343311995267868e-02, 10158591, -1,
    1.2206626129150391e+02, 1.1018855094909668e+01,
    6.5395884513854980e+00, 3.3417825317382812e+02,
    5.5890399962663651e-02, 9896704, -1, 1.4541691589355469e+02,
    5.1855930328369141e+01, 2.1842031478881836e+00,
    1.3199212646484375e+02, 5.5244307965040207e-02, 14156287, -1,
    7.2375648498535156e+01, 9.9463958740234375e+01,
    5.9705271720886230e+00, 3.8812896728515625e+01,
    4.9622416496276855e-02, 3343104, -1, 4.5550453186035156e+01,
    8.9276847839355469e+01, 4.6554007530212402e+00,
