%YAML:1.0
tag: [ 1.2957577705383301e+01, 2.2980888366699219e+01,
    1.9936403036117554e+00, 3.2472589111328125e+02,
    1.5883449465036392e-02, 7537151, -1, 6.9189805984497070e+00,
    3.6941921234130859e+01, 2.1111090183258057e+00,
    2.8963528442382812e+02, 1.5558743849396706e-02, 11665919, -1,
    1.0525649261474609e+02, 4.9302661895751953e+01,
    2.4404008388519287e+00, 2.7219860839843750e+02,
    5.2913233637809753e-02, 5440255, -1, 6.5274337768554688e+01,
    6.3561038970947266e+01, 2.5528161525726318e+00,
    3.9911193847656250e+00, 6.8969383835792542e-02, 8717055, -1,
    6.5274337768554688e+01, 6.3561038970947266e+01,
    2.5528161525726318e+00, 9.6157501220703125e+01,
    6.8969383835792542e-02, 8717055, -1, 4.8384384155273438e+01,
    8.4483245849609375e+01, 2.2196645736694336e+00,
    4.1366302490234375e+01, 7.3458932340145111e-02, 15335935, -1,
    4.1550987243652344e+01, 2.0366117477416992e+01,
    2.5178716182708740e+00, 2.0313780212402344e+02,
    2.0371071994304657e-02, 7734015, -1, 4.6947956085205078e+01,
    2.9195871353149414e+01, 2.4855828285217285e+00,
    1.0118588256835938e+02, 1.4267873018980026e-02, 6816511, -1,
    8.9113296508789062e+01, 2.9670644760131836e+01,
    2.5236604213714600e+00, 2.3269610595703125e+02,
    6.4318276941776276e-02, 7865087, -1, 8.9113296508789062e+01,
    2.9670644760131836e+01, 2.5236604213714600e+00,
    1.6270672607421875e+02, 6.4318276941776276e-02, 7865087, -1,
    6.2428432464599609e+01, 2.9977396011352539e+01,
    2.7926418781280518e+00, 1.1418754577636719e+02,
    3.1207367777824402e-02, 15205119, -1, 1.0488621520996094e+02,
    3.1045207977294922e+01, 2.3451042175292969e+00,
    2.0738703918457031e+02, 7.0122644305229187e-02, 2556671, -1,
    1.0488621520996094e+02, 3.1045207977294922e+01,
    2.3451042175292969e+00, 7.7999847412109375e+01,
    7.0122644305229187e-02, 2556671, -1, 4.2030616760253906e+01,
    3.6554153442382812e+01, 2.7998926639556885e+00,
    3.3857315063476562e+02, 1.7348017543554306e-02, 15401727, -1,
    8.9227037429809570e+00, 4.0674037933349609e+01,
    2.5799713134765625e+00, 2.0257676696777344e+02,
    2.5931267067790031e-02, 9503487, -1, 9.9980514526367188e+01,
    4.4299137115478516e+01, 2.5620973110198975e+00,
    2.8098779296875000e+02, 4.0895480662584305e-02, 8979199, -1,
    9.6934404373168945e+00, 5.4476768493652344e+01,
    2.6119759082794189e+00, 1.8959506225585938e+02,
    4.7611728310585022e-02, 10355455, -1, 9.6934404373168945e+00,
    5.4476768493652344e+01, 2.6119759082794189e+00,
    4.7565979003906250e+01, 4.7611728310585022e-02, 10355455, -1,
    6.2926010131835938e+01, 5.4835823059082031e+01,
    2.3460671901702881e+00, 2.0145356750488281e+02,
    5.0599344074726105e-02, 2622207, -1, 1.2152106285095215e+01,
    5.7520069122314453e+01, 2.9739227294921875e+00,
    4.0204864501953125e+01, 6.2673650681972504e-02, 3081215, -1,
    2.4710536956787109e+01, 6.0520446777343750e+01,
    2.3039910793304443e+00, 2.7376745605468750e+02,
    6.6022478044033051e-02, 1311487, -1, 2.4710536956787109e+01,
    6.0520446777343750e+01, 2.3039910793304443e+00,
    9.8370544433593750e+01, 6.6022478044033051e-02, 1311487, -1,
    6.9080383300781250e+01, 6.0389953613281250e+01,
    2.3744440078735352e+00, 9.3576934814453125e+01,
    7.1589402854442596e-02, 3474175, -1, 9.0303413391113281e+01,
    6.0413352966308594e+01, 2.2974984645843506e+00,
    8.4331756591796875e+01, 6.6226176917552948e-02, 1114879, -1,
    8.6531379699707031e+01, 6.3697906494140625e+01,
    2.7169549465179443e+00, 8.2561218261718750e+01,
    4.9014180898666382e-02, 13239039, -1, 5.4064559936523438e+01,
    6.3907703399658203e+01, 2.8363895416259766e+00,
    3.5332644653320312e+02, 7.7516891062259674e-02, 16319231, -1,
    5.4064559936523438e+01, 6.3907703399658203e+01,
    2.8363895416259766e+00, 1.7168365478515625e+02,
    7.7516891062259674e-02, 16319231, -1, 2.9995014190673828e+01,
    6.7106636047363281e+01, 2.8078174591064453e+00,
    2.0845852661132812e+02, 2.6617629453539848e-02, 15598335, -1,
    7.7907737731933594e+01, 6.7653312683105469e+01,
    2.6501851081848145e+00, 2.6871209716796875e+02,
    3.5545650869607925e-02, 11404031, -1, 8.8691816329956055e+00,
    7.0044281005859375e+01, 2.6799046993255615e+00,
    2.8188989257812500e+02, 5.5247388780117035e-02, 12255999, -1,
    1.0228832244873047e+02, 7.0430564880371094e+01,
    2.6261467933654785e+00, 2.2701416015625000e+01,
    7.1792267262935638e-02, 10748671, -1, 4.4576946258544922e+01,
    7.0652313232421875e+01, 2.4454126358032227e+00,
    3.4887774658203125e+02, 7.2413519024848938e-02, 5636863, -1,
    4.4576946258544922e+01, 7.0652313232421875e+01,
    2.4454126358032227e+00, 1.6504325866699219e+02,
    7.2413519024848938e-02, 5636863, -1, 5.5725952148437500e+01,
    7.0447479248046875e+01, 2.8416807651519775e+00,
    3.3748925781250000e+02, 7.8686267137527466e-02, 16450303, -1,
    5.5725952148437500e+01, 7.0447479248046875e+01,
    2.8416807651519775e+00, 1.6205010986328125e+02,
    7.8686267137527466e-02, 16450303, -1, 6.1319488525390625e+01,
    7.3242218017578125e+01, 2.8350243568420410e+00,
    3.3752148437500000e+02, 7.2282709181308746e-02, 16319231, -1,
    6.1319488525390625e+01, 7.3242218017578125e+01,
    2.8350243568420410e+00, 1.5761276245117188e+02,
    7.2282709181308746e-02, 16319231, -1, 5.7828617095947266e+01,
    7.4916831970214844e+01, 2.8324768543243408e+00,
    3.3920791625976562e+02, 7.5500376522541046e-02, 16253695, -1,
    5.7828617095947266e+01, 7.4916831970214844e+01,
    2.8324768543243408e+00, 1.6793072509765625e+02,
    7.5500376522541046e-02, 16253695, -1, 4.6415893554687500e+01,
    8.1186668395996094e+01, 2.7770824432373047e+00,
    2.0303701782226562e+02, 7.2509288787841797e-02, 14811903, -1,
    4.6415893554687500e+01, 8.1186668395996094e+01,
    2.7770824432373047e+00, 1.6164550781250000e+01,
    7.2509288787841797e-02, 14811903, -1, 4.2139125823974609e+01,
    8.1741760253906250e+01, 2.7092092037200928e+00,
    4.1062133789062500e+01, 4.6109184622764587e-02, 13042431, -1,
    4.2139125823974609e+01, 8.1741760253906250e+01,
    2.7092092037200928e+00, 2.2697387695312500e+01,
    4.6109184622764587e-02, 13042431, -1, 4.3472103118896484e+01,
    8.5054779052734375e+01, 2.4171857833862305e+00,
    2.1945214843750000e+02, 6.8618237972259521e-02, 4784895, -1,
    4.3472103118896484e+01, 8.5054779052734375e+01,
    2.4171857833862305e+00, 4.8722656250000000e+01,
    6.8618237972259521e-02, 4784895, -1, 3.6612506866455078e+01,
    8.6905815124511719e+01, 2.6193814277648926e+00,
    4.0056701660156250e+01, 3.4425001591444016e-02, 10617599, -1,
    1.1378839874267578e+02, 9.1073089599609375e+01,
    2.6361608505249023e+00, 3.2614694213867188e+02,
    6.8127334117889404e-02, 11076351, -1, 1.1786219787597656e+02,
    9.0990112304687500e+01, 2.7794921398162842e+00,
    1.5025964355468750e+02, 7.7231131494045258e-02, 14877439, -1,
    1.1544847106933594e+02, 9.4858184814453125e+01,
    2.7609252929687500e+00, 1.7395272827148438e+02,
    7.8037820756435394e-02, 14418687, -1, 1.1544847106933594e+02,
    9.4858184814453125e+01, 2.7609252929687500e+00,
    6.0518798828125000e+00, 7.8037820756435394e-02, 14418687, -1,
    1.1636920928955078e+01, 9.5785118103027344e+01,
    2.4086191654205322e+00, 3.3529620361328125e+02,
    1.5273958444595337e-02, 4522751, -1, 1.1012383270263672e+02,
    1.0076408386230469e+02, 2.6657853126525879e+00,
    2.1162626647949219e+02, 6.9352760910987854e-02, 11862783, -1,
    1.1012383270263672e+02, 1.0076408386230469e+02,
    2.6657853126525879e+00, 2.1035003662109375e+01,
    6.9352760910987854e-02, 11862783, -1, 1.0385305023193359e+02,
    1.0455114746093750e+02, 2.5982713699340820e+00,
    2.0999774169921875e+02, 6.8762190639972687e-02, 10027775, -1,
    1.0385305023193359e+02, 1.0455114746093750e+02,
    2.5982713699340820e+00, 3.6316772460937500e+01,
    6.8762190639972687e-02, 10027775, -1, 1.0771817779541016e+02,
    1.0477611541748047e+02, 2.6274836063385010e+00,
