%YAML:1.0
tag: [ 1.6066264343261719e+02, 4.3195953369140625e+01,
    3.4925358295440674e+00, 1.0094540405273438e+02,
    1.4983387663960457e-02, 14681087, -1, 1.4169073486328125e+02,
    4.7052776336669922e+01, 3.2831008434295654e+00,
    3.0879913330078125e+02, 1.5159421600401402e-02, 10224639, -1,
    1.2607950592041016e+02, 4.9528633117675781e+01,
    3.1389744281768799e+00, 2.9716268920898438e+02,
    1.7613485455513000e-02, 6947839, -1, 2.7510217285156250e+02,
    5.1995571136474609e+01, 2.8868613243103027e+00,
    3.2733078002929688e+02, 1.3465330936014652e-02, 918527, -1,
    1.1736898803710938e+02, 5.2660579681396484e+01,
    3.0981206893920898e+00, 2.9406146240234375e+02,
    1.3916568830609322e-02, 6030335, -1, 1.3061071777343750e+02,
    5.3718280792236328e+01, 3.1466767787933350e+00,
    2.9920959472656250e+02, 1.3485432602465153e-02, 7144447, -1,
    1.3629789733886719e+02, 5.3258136749267578e+01,
    3.3268902301788330e+00, 2.9707324218750000e+02,
    1.9249439239501953e-02, 11142143, -1, 1.4852008056640625e+02,
    5.3619174957275391e+01, 3.5364263057708740e+00,
    3.0757855224609375e+02, 2.1628983318805695e-02, 15598591, -1,
    1.2553895568847656e+02, 5.4516250610351562e+01,
    3.2547810077667236e+00, 2.8799942016601562e+02,
    1.7640836536884308e-02, 9569279, -1, 1.1557590484619141e+02,
    5.6277946472167969e+01, 2.8671090602874756e+00,
    1.6066961669921875e+02, 1.3675552792847157e-02, 394239, -1,
    2.7777740478515625e+02, 5.6209426879882812e+01,
    3.3206977844238281e+00, 3.2751715087890625e+02,
    1.5581600368022919e-02, 11011071, -1, 1.0990997314453125e+02,
    5.6796401977539062e+01, 3.3479888439178467e+00,
    1.1221556091308594e+02, 1.8731094896793365e-02, 11600895, -1,
    2.8498303222656250e+02, 6.0131721496582031e+01,
    3.2812237739562988e+00, 3.3594439697265625e+02,
    1.6092270612716675e-02, 10159103, -1, 1.0235873413085938e+02,
    6.0680000305175781e+01, 3.0066697597503662e+00,
    1.6433715820312500e-01, 1.6042096540331841e-02, 3867647, -1,
    1.5918934631347656e+02, 8.6780563354492188e+01,
    3.4488663673400879e+00, 3.0312118530273438e+02,
    1.5672199428081512e-02, 13763583, -1, 1.5918934631347656e+02,
    8.6780563354492188e+01, 3.4488663673400879e+00,
    1.4567459106445312e+02, 1.5672199428081512e-02, 13763583, -1,
    1.4845539855957031e+02, 8.9075859069824219e+01,
    3.2090995311737061e+00, 1.5917138671875000e+02,
    1.4388470910489559e-02, 8586239, -1, 2.0315689086914062e+02,
    9.8673149108886719e+01, 3.3354759216308594e+00,
    2.6665545654296875e+02, 1.5851547941565514e-02, 11338751, -1,
    1.0561094665527344e+02, 1.2396897125244141e+02,
    3.5229687690734863e+00, 1.2627581787109375e+02,
    1.3970483094453812e-02, 15336447, -1, 1.0561094665527344e+02,
    1.2396897125244141e+02, 3.5229687690734863e+00,
    1.0427201843261719e+02, 1.3970483094453812e-02, 15336447, -1,
    1.2337166595458984e+02, 1.2977711486816406e+02,
    3.5294327735900879e+00, 3.1976745605468750e+02,
    2.0437577739357948e-02, 15467519, -1, 1.3881539916992188e+02,
    1.2980279541015625e+02, 3.1064870357513428e+00,
    1.6673849487304688e+02, 1.8119597807526588e-02, 6226943, -1,
    1.3881539916992188e+02, 1.2980279541015625e+02,
    3.1064870357513428e+00, 1.4413595581054688e+02,
    1.8119597807526588e-02, 6226943, -1, 1.4248678588867188e+02,
    1.3328292846679688e+02, 3.4452462196350098e+00,
    4.1233917236328125e+01, 1.7507959157228470e-02, 13698047, -1,
    4.5160945892333984e+01, 1.4535617065429688e+02,
    3.3335893154144287e+00, 1.3097749328613281e+02,
    1.6622999683022499e-02, 11338751, -1, 4.8304504394531250e+01,
    1.4812504577636719e+02, 3.3996155261993408e+00,
    1.3024736022949219e+02, 1.5925908461213112e-02, 12715007, -1,
    9.7023727416992188e+01, 1.4900463867187500e+02,
    3.4821548461914062e+00, 2.7709625244140625e+02,
    2.0274687558412552e-02, 14484479, -1, 4.3394367218017578e+01,
    1.4932427978515625e+02, 3.1412231922149658e+00,
    1.2920916748046875e+02, 1.6621090471744537e-02, 7013375, -1,
    2.0707742309570312e+02, 1.5190859985351562e+02,
    3.5500640869140625e+00, 2.6792526245117188e+02,
    1.3841983862221241e-02, 15860735, -1, 5.5383171081542969e+01,
    1.5333229064941406e+02, 3.2598130702972412e+00,
    1.2100007629394531e+02, 1.6773262992501259e-02, 9700351, -1,
    5.0115402221679688e+01, 1.5464401245117188e+02,
    3.2145211696624756e+00, 1.2770173645019531e+02,
    1.6702122986316681e-02, 8651775, -1, 2.0319836425781250e+02,
    1.5695791625976562e+02, 3.4244923591613770e+00,
    3.2939453125000000e+02, 1.5308675356209278e-02, 13239295, -1,
    2.0319836425781250e+02, 1.5695791625976562e+02,
    3.4244923591613770e+00, 2.8569506835937500e+02,
    1.5308675356209278e-02, 13239295, -1, 5.5366432189941406e+01,
    1.5789114379882812e+02, 3.0379838943481445e+00,
    1.1863946533203125e+02, 1.5255004167556763e-02, 4588543, -1,
    6.1464088439941406e+01, 1.6127447509765625e+02,
    2.9973654747009277e+00, 1.2067855834960938e+02,
    1.4399848878383636e-02, 3605503, -1, 6.7209281921386719e+01,
    1.6503233337402344e+02, 3.3876953125000000e+00,
    1.1750692749023438e+02, 1.3664107769727707e-02, 12452863, -1,
    1.7004061889648438e+02, 1.4110764503479004e+01,
    3.6421115398406982e+00, 1.6086242675781250e+02,
    1.4023113064467907e-02, 983296, -1, 1.7004061889648438e+02,
    1.4110764503479004e+01, 3.6421115398406982e+00,
    1.1811241149902344e+02, 1.4023113064467907e-02, 983296, -1,
    2.0182296752929688e+02, 2.0274984359741211e+01,
    4.3412761688232422e+00, 2.5448364257812500e+02,
    1.7373219132423401e-02, 13697280, -1, 2.0182296752929688e+02,
    2.0274984359741211e+01, 4.3412761688232422e+00,
    1.1404541015625000e+02, 1.7373219132423401e-02, 13697280, -1,
    1.5191419982910156e+02, 2.8615665435791016e+01,
    3.9155037403106689e+00, 3.2895697021484375e+02,
    1.6406845301389694e-02, 6226176, -1, 1.4663330078125000e+02,
    4.5228008270263672e+01, 3.8686878681182861e+00,
    3.3743798828125000e+02, 1.9700368866324425e-02, 5374208, -1,
    1.3600250244140625e+02, 4.7044670104980469e+01,
    3.6121017932891846e+00, 3.0418542480468750e+02,
    1.9491946324706078e-02, 393472, -1, 2.4612449645996094e+02,
    4.7121944427490234e+01, 3.9518401622772217e+00,
    1.3152236938476562e+02, 1.8715145066380501e-02, 6881536, -1,
    2.1636344909667969e+02, 4.9334991455078125e+01,
    4.1656107902526855e+00, 2.9826193237304688e+02,
    1.4769542962312698e-02, 10748160, -1, 2.1636344909667969e+02,
    4.9334991455078125e+01, 4.1656107902526855e+00,
    1.2282458496093750e+02, 1.4769542962312698e-02, 10748160, -1,
    1.1023033905029297e+02, 5.0831840515136719e+01,
    4.4139800071716309e+00, 6.4598632812500000e+01,
    1.5091656707227230e-02, 14876928, -1, 2.0891973876953125e+02,
    5.0910232543945312e+01, 4.4791445732116699e+00,
    3.0048037719726562e+02, 1.9136846065521240e-02, 15991040, -1,
    1.0265642547607422e+02, 5.4919166564941406e+01,
    4.3739161491394043e+00, 5.8249389648437500e+01,
    1.5679100528359413e-02, 14221568, -1, 1.7214628601074219e+02,
    5.8166996002197266e+01, 4.3159489631652832e+00,
    1.6939797973632812e+02, 2.0133316516876221e-02, 13304064, -1,
    7.6291252136230469e+01, 6.0962379455566406e+01,
    4.4133734703063965e+00, 2.4643925476074219e+02,
    1.6083700582385063e-02, 14876928, -1, 7.6291252136230469e+01,
    6.0962379455566406e+01, 4.4133734703063965e+00,
    1.8819854736328125e+01, 1.6083700582385063e-02, 14876928, -1,
    2.5136418151855469e+02, 7.1083992004394531e+01,
    3.7311229705810547e+00, 3.0276034545898438e+02,
    1.8817469477653503e-02, 2752768, -1, 2.5136418151855469e+02,
    7.1083992004394531e+01, 3.7311229705810547e+00,
    1.6861965942382812e+02, 1.8817469477653503e-02, 2752768, -1,
    2.5136418151855469e+02, 7.1083992004394531e+01,
    3.7311229705810547e+00, 1.3355322265625000e+02,
    1.8817469477653503e-02, 2752768, -1, 2.8900479125976562e+02,
    7.1114372253417969e+01, 3.6086280345916748e+00,
