%YAML:1.0
tag: [ 1.5292962646484375e+02, 1.4048857116699219e+02,
    3.7878339290618896e+00, 2.1927424621582031e+02,
    6.1653133481740952e-02, 3866880, -1, 2.6684408187866211e+01,
    1.0388789367675781e+02, 1.9119131088256836e+01,
    1.6219877624511719e+02, 5.7267233729362488e-02, 3932674, -1,
    2.6684408187866211e+01, 1.0388789367675781e+02,
    1.9119131088256836e+01, 2.8763601684570312e+02,
    5.7267233729362488e-02, 3932674, -1, 3.5237136840820312e+01,
    1.4360942077636719e+02, 1.7834486007690430e+01,
    1.5316261291503906e+02, 5.4614607244729996e-02, 15663362, -1,
    7.4741912841796875e+01, 1.1137396240234375e+02,
    1.4683379173278809e+01, 2.2944830322265625e+02,
    5.5689774453639984e-02, 1573122, -1, 7.4741912841796875e+01,
    1.1137396240234375e+02, 1.4683379173278809e+01,
    3.5914773559570312e+02, 5.5689774453639984e-02, 1573122, -1,
    1.1079741668701172e+02, 1.5429008483886719e+02,
    1.1675293922424316e+01, 1.3560729980468750e+01,
    7.0152036845684052e-02, 1704705, -1, 1.1025120544433594e+02,
    1.2470561981201172e+02, 1.3516240119934082e+01,
    1.9350715637207031e+02, 7.0926330983638763e-02, 12321537, -1,
    1.1025120544433594e+02, 1.2470561981201172e+02,
    1.3516240119934082e+01, 3.4731750488281250e+02,
    7.0926330983638763e-02, 12321537, -1, 1.4475680541992188e+02,
    1.0711859893798828e+02, 1.4085270881652832e+01,
    1.6609815979003906e+02, 5.4449561983346939e-02, 15270657, -1,
    1.4475680541992188e+02, 1.0711859893798828e+02,
    1.4085270881652832e+01, 3.0112957763671875e+02,
    5.4449561983346939e-02, 15270657, -1, 3.3600383758544922e+01,
    8.4214088439941406e+01, 1.1785994529724121e+01,
    2.8718902587890625e+02, 5.3771160542964935e-02, 2360065, -1,
    6.8611877441406250e+01, 1.0294976806640625e+02,
    2.6663978099822998e+00, 2.4294955444335938e+02,
    5.3292762488126755e-02, 11862783, -1, 7.5228439331054688e+01,
    7.5170684814453125e+01, 1.1799746513366699e+01,
    1.2185018920898438e+02, 6.6004425287246704e-02, 2491137, -1,
    1.4343899536132812e+02, 7.2905586242675781e+01,
    1.2105220794677734e+01, 6.3081573486328125e+01,
    6.5132528543472290e-02, 4326145, -1, 1.4343899536132812e+02,
    7.2905586242675781e+01, 1.2105220794677734e+01,
    1.4520816040039062e+02, 6.5132528543472290e-02, 4326145, -1,
    1.4343899536132812e+02, 7.2905586242675781e+01,
    1.2105220794677734e+01, 3.0947027587890625e+02,
    6.5132528543472290e-02, 4326145, -1, 5.5658340454101562e+01,
    4.6677490234375000e+01, 1.2044480323791504e+01,
    1.0766746520996094e+02, 5.4748777300119400e-02, 3932929, -1,
    1.6089329528808594e+02, 1.1084980010986328e+02,
    2.3664653301239014e+00, 2.9094848632812500e+02,
    5.5387556552886963e-02, 3212031, -1, 1.5509667968750000e+02,
    1.1664261627197266e+02, 2.7519595623016357e+00,
    2.9778619384765625e+02, 6.8916551768779755e-02, 14156543, -1,
    1.5509667968750000e+02, 1.1664261627197266e+02,
    2.7519595623016357e+00, 1.0908006286621094e+02,
    6.8916551768779755e-02, 14156543, -1, 5.5658340454101562e+01,
    4.6677490234375000e+01, 1.2044480323791504e+01,
    2.3012481689453125e+02, 5.4748777300119400e-02, 3932929, -1,
    1.5971151733398438e+02, 1.2245101165771484e+02,
    2.8673202991485596e+00, 3.0375753784179688e+02,
    6.9587185978889465e-02, 394239, -1, 1.5971151733398438e+02,
    1.2245101165771484e+02, 2.8673202991485596e+00,
    9.8021667480468750e+01, 6.9587185978889465e-02, 394239, -1,
    1.0414353179931641e+02, 1.9260804748535156e+02,
    1.0273933410644531e+01, 2.3095521545410156e+02,
    6.7115359008312225e-02, 9175553, -1, 1.5455912780761719e+02,
    1.2431115722656250e+02, 2.8008906841278076e+00,
    2.9731631469726562e+02, 5.9148889034986496e-02, 15401727, -1,
    1.5455912780761719e+02, 1.2431115722656250e+02,
    2.8008906841278076e+00, 1.0485969543457031e+02,
    5.9148889034986496e-02, 15401727, -1, 1.3108325195312500e+02,
    1.2492255401611328e+02, 2.3744356632232666e+00,
    1.9158232116699219e+02, 5.3461130708456039e-02, 3474175, -1,
    1.3111500549316406e+02, 1.8916424560546875e+02,
    1.0791337013244629e+01, 7.2899230957031250e+01,
    6.4028978347778320e-02, 12714497, -1, 1.3111500549316406e+02,
    1.8916424560546875e+02, 1.0791337013244629e+01,
    2.1825140380859375e+02, 6.4028978347778320e-02, 12714497, -1,
    5.9814628601074219e+01, 1.2635846710205078e+02,
    2.8576731681823730e+00, 2.3076916503906250e+02,
    6.9422632455825806e-02, 197631, -1, 5.9814628601074219e+01,
    1.2635846710205078e+02, 2.8576731681823730e+00,
    9.8284942626953125e+01, 6.9422632455825806e-02, 197631, -1,
    5.9814628601074219e+01, 1.2635846710205078e+02,
    2.8576731681823730e+00, 8.4395294189453125e+01,
    6.9422632455825806e-02, 197631, -1, 8.9446708679199219e+01,
    1.2655072784423828e+02, 2.7851357460021973e+00,
    3.5017532348632812e+02, 5.1405433565378189e-02, 15008511, -1,
    1.1818010711669922e+02, 1.8270410156250000e+02,
    9.5209302902221680e+00, 2.1837666320800781e+02,
    6.8225234746932983e-02, 3670529, -1, 1.6045356750488281e+02,
    1.6027253723144531e+02, 1.0934195518493652e+01,
    1.3792974853515625e+02, 5.9979788959026337e-02, 13697537, -1,
    6.9330276489257812e+01, 9.0900726318359375e+01,
    9.9379072189331055e+00, 1.1781654357910156e+02,
    7.8195258975028992e-02, 6750721, -1, 7.2487693786621094e+01,
    1.4454817199707031e+02, 2.3580133914947510e+00,
    1.0581948852539062e+02, 5.3484041243791580e-02, 3015423, -1,
    6.9330276489257812e+01, 9.0900726318359375e+01,
    9.9379072189331055e+00, 2.3585235595703125e+02,
    7.8195258975028992e-02, 6750721, -1, 1.5040101623535156e+02,
    8.8204010009765625e+01, 9.7140665054321289e+00,
    6.5629333496093750e+01, 8.0202870070934296e-02, 5112321, -1,
    1.5040101623535156e+02, 8.8204010009765625e+01,
    9.7140665054321289e+00, 2.9806628417968750e+02,
    8.0202870070934296e-02, 5112321, -1, 9.4869979858398438e+01,
    6.1644180297851562e+01, 1.0570122718811035e+01,
    5.9719421386718750e+01, 6.0425348579883575e-02, 11207169, -1,
    9.4869979858398438e+01, 6.1644180297851562e+01,
    1.0570122718811035e+01, 2.4529414367675781e+02,
    6.0425348579883575e-02, 11207169, -1, 1.2418543243408203e+02,
    6.0710849761962891e+01, 1.0600559234619141e+01,
    1.2424888610839844e+02, 6.4256221055984497e-02, 11403777, -1,
    1.2418543243408203e+02, 6.0710849761962891e+01,
    1.0600559234619141e+01, 2.8027221679687500e+02,
    6.4256221055984497e-02, 11403777, -1, 1.7429643249511719e+02,
    5.7036941528320312e+01, 1.0639858245849609e+01,
    5.8245910644531250e+01, 6.7510530352592468e-02, 11731457, -1,
    1.7429643249511719e+02, 5.7036941528320312e+01,
    1.0639858245849609e+01, 2.2072587585449219e+02,
    6.7510530352592468e-02, 11731457, -1, 6.1148303985595703e+01,
    3.1324161529541016e+01, 1.0237095832824707e+01,
    1.1077746582031250e+02, 6.1883926391601562e-02, 8913409, -1,
    6.1148303985595703e+01, 3.1324161529541016e+01,
    1.0237095832824707e+01, 1.9407653808593750e+00,
    6.1883926391601562e-02, 8913409, -1, 8.1060356140136719e+01,
    1.8982211303710938e+02, 7.6880431175231934e+00,
    1.1287744140625000e+02, 6.0175217688083649e-02, 4915457, -1,
    8.1060356140136719e+01, 1.8982211303710938e+02,
    7.6880431175231934e+00, 2.5133825683593750e+02,
    6.0175217688083649e-02, 4915457, -1, 5.0498657226562500e+01,
    1.5191606140136719e+02, 7.3105697631835938e+00,
    5.1768157958984375e+01, 7.3476240038871765e-02, 1245441, -1,
    7.9874389648437500e+01, 1.4325779724121094e+02,
    8.0969743728637695e+00, 2.2967697143554688e+02,
    5.7449590414762497e-02, 8651009, -1, 1.4063462829589844e+02,
    1.4039631652832031e+02, 7.7907738685607910e+00,
    3.0333813476562500e+02, 5.9102050960063934e-02, 5898497, -1,
    3.3638874053955078e+01, 1.2349211883544922e+02,
    8.1225643157958984e+00, 1.0870214843750000e+02,
    1.0041508823633194e-01, 8913153, -1, 3.3638874053955078e+01,
    1.2349211883544922e+02, 8.1225643157958984e+00,
