%YAML:1.0
tag: [ 6.0834114074707031e+01, 1.6810957336425781e+02,
    5.9568548202514648e+00, 3.1689605712890625e+01,
    3.8001742213964462e-02, 3146496, -1, 1.6233486938476562e+02,
    1.5874018859863281e+02, 2.1745754241943359e+01,
    1.1969451904296875e+01, 3.2129328697919846e-02, 13238786, -1,
    6.0834114074707031e+01, 1.6810957336425781e+02,
    5.9568548202514648e+00, 2.1665463256835938e+02,
    3.8001742213964462e-02, 3146496, -1, 6.0834114074707031e+01,
    1.6810957336425781e+02, 5.9568548202514648e+00,
    3.8013000488281250e+00, 3.8001742213964462e-02, 3146496, -1,
    4.5889461517333984e+01, 1.5450860595703125e+02,
    6.5230422019958496e+00, 1.6145465087890625e+02,
    3.2697040587663651e-02, 9765632, -1, 4.5889461517333984e+01,
    1.5450860595703125e+02, 6.5230422019958496e+00,
    2.9254263305664062e+02, 3.2697040587663651e-02, 9765632, -1,
    6.9403549194335938e+01, 1.4037783813476562e+02,
    7.0313658714294434e+00, 2.4182772827148438e+02,
    3.4807723015546799e-02, 15139584, -1, 1.2872096252441406e+02,
    1.3816711425781250e+02, 6.6018381118774414e+00,
    1.2274996948242188e+02, 4.1845209896564484e-02, 10617600, -1,
    1.2872096252441406e+02, 1.3816711425781250e+02,
    6.6018381118774414e+00, 3.1243362426757812e+02,
    4.1845209896564484e-02, 10617600, -1, 6.7411346435546875e+01,
    1.3012992858886719e+02, 6.7877783775329590e+00,
    7.0087310791015625e+01, 3.9487518370151520e-02, 12583680, -1,
    6.7411346435546875e+01, 1.3012992858886719e+02,
    6.7877783775329590e+00, 2.4084661865234375e+02,
    3.9487518370151520e-02, 12583680, -1, 1.3306028747558594e+02,
    1.2978552246093750e+02, 5.8236441612243652e+00,
    1.2441943359375000e+02, 3.3719480037689209e-02, 1508096, -1,
    6.4481269836425781e+01, 1.2082691192626953e+02,
    5.8299736976623535e+00, 6.9107086181640625e+01,
    3.2781675457954407e-02, 1639168, -1, 1.6774925231933594e+02,
    1.0623178100585938e+02, 6.4647736549377441e+00,
    2.3966920471191406e+02, 3.7834018468856812e-02, 9110272, -1,
    1.6774925231933594e+02, 1.0623178100585938e+02,
    6.4647736549377441e+00, 2.7719641113281250e+02,
    3.7834018468856812e-02, 9110272, -1, 1.7411535644531250e+02,
    9.5438331604003906e+01, 5.8365635871887207e+00,
    6.0686157226562500e+01, 3.4522343426942825e-02, 1704704, -1,
    1.7411535644531250e+02, 9.5438331604003906e+01,
    5.8365635871887207e+00, 1.2718278503417969e+02,
    3.4522343426942825e-02, 1704704, -1, 1.6746292114257812e+02,
    8.9128173828125000e+01, 6.1038241386413574e+00,
    2.3833615112304688e+02, 3.8308002054691315e-02, 4915968, -1,
    1.2446903228759766e+02, 1.0115609741210938e+02,
    1.9917745590209961e+00, 1.6707101440429688e+02,
    2.9849180951714516e-02, 7471615, -1, 2.5259349822998047e+01,
    8.2671524047851562e+01, 6.2976369857788086e+00,
    2.9419012451171875e+02, 3.0175635591149330e-02, 7209728, -1,
    8.0251098632812500e+01, 1.0331050109863281e+02,
    1.8347715139389038e+00, 3.4287228393554688e+02,
    3.0860042199492455e-02, 1573375, -1, 8.0251098632812500e+01,
    1.0331050109863281e+02, 1.8347715139389038e+00,
    1.6800813293457031e+02, 3.0860042199492455e-02, 1573375, -1,
    1.7419763183593750e+02, 7.4254188537597656e+01,
    5.8509020805358887e+00, 1.5845562744140625e+02,
    3.1739361584186554e-02, 1835776, -1, 1.5236892700195312e+02,
    6.2978122711181641e+01, 6.3138675689697266e+00,
    1.6289608764648438e+02, 3.8021735846996307e-02, 7406336, -1,
    1.5236892700195312e+02, 6.2978122711181641e+01,
    6.3138675689697266e+00, 2.9995101928710938e+02,
    3.8021735846996307e-02, 7406336, -1, 1.3602780151367188e+02,
    6.2109939575195312e+01, 6.1012105941772461e+00,
    2.6287084960937500e+02, 3.3405311405658722e-02, 4915968, -1,
    1.3602780151367188e+02, 6.2109939575195312e+01,
    6.1012105941772461e+00, 3.4770227050781250e+02,
    3.3405311405658722e-02, 4915968, -1, 6.4236320495605469e+01,
    5.7025985717773438e+01, 6.2630763053894043e+00,
    2.1319093322753906e+02, 3.1987875699996948e-02, 6816512, -1,
    6.4236320495605469e+01, 5.7025985717773438e+01,
    6.2630763053894043e+00, 2.5358029174804688e+02,
    3.1987875699996948e-02, 6816512, -1, 4.6887493133544922e+01,
    5.6073764801025391e+01, 6.1926040649414062e+00,
    3.4259985351562500e+02, 3.5045459866523743e-02, 5964544, -1,
    9.8610313415527344e+01, 1.8877795410156250e+02,
    5.1999754905700684e+00, 2.1641726684570312e+02,
    3.0055945739150047e-02, 10027520, -1, 8.7192939758300781e+01,
    1.0927757263183594e+02, 2.0098891258239746e+00,
    3.5773321533203125e+02, 3.1485199928283691e-02, 8126975, -1,
    8.7192939758300781e+01, 1.0927757263183594e+02,
    2.0098891258239746e+00, 1.8009063720703125e+02,
    3.1485199928283691e-02, 8126975, -1, 8.1322525024414062e+01,
    1.0995025634765625e+02, 2.1258196830749512e+00,
    4.3884277343750000e-02, 3.0945824459195137e-02, 12190207, -1,
    8.1322525024414062e+01, 1.0995025634765625e+02,
    2.1258196830749512e+00, 1.9105630493164062e+02,
    3.0945824459195137e-02, 12190207, -1, 9.8610313415527344e+01,
    1.8877795410156250e+02, 5.1999754905700684e+00,
    3.5117263793945312e+02, 3.0055945739150047e-02, 10027520, -1,
    7.3861625671386719e+01, 8.7442001342773438e+01,
    4.4890036582946777e+00, 9.5290008544921875e+01,
    3.3627852797508240e-02, 16122112, -1, 1.5279707336425781e+02,
    8.5196914672851562e+01, 4.8828091621398926e+00,
    1.5156729125976562e+02, 3.2938409596681595e-02, 5505536, -1,
    1.5279707336425781e+02, 8.5196914672851562e+01,
    4.8828091621398926e+00, 3.4627764892578125e+02,
    3.2938409596681595e-02, 5505536, -1, 1.6677416992187500e+02,
    7.0461097717285156e+01, 4.8115630149841309e+00,
    1.7283699035644531e+02, 3.2819177955389023e-02, 4456960, -1,
    4.7037826538085938e+01, 6.7014930725097656e+01,
    5.2284874916076660e+00, 2.9965362548828125e+02,
    3.2957091927528381e-02, 10420736, -1, 1.1599372863769531e+02,
    1.1631063079833984e+02, 2.0944068431854248e+00,
    3.4319296264648438e+02, 3.0361775308847427e-02, 11141631, -1,
    1.0995320129394531e+02, 6.2806621551513672e+01,
    4.8734593391418457e+00, 1.3645202636718750e+02,
    4.1140645742416382e-02, 5374464, -1, 1.1900805664062500e+02,
    1.1679845428466797e+02, 2.0970304012298584e+00,
    3.4674917602539062e+02, 2.9965179041028023e-02, 11207167, -1,
    1.0995320129394531e+02, 6.2806621551513672e+01,
    4.8734593391418457e+00, 2.8388778686523438e+02,
    4.1140645742416382e-02, 5374464, -1, 7.2130249023437500e+01,
    6.1249454498291016e+01, 4.4219903945922852e+00,
    2.3990859985351562e+02, 3.0071960762143135e-02, 15008000, -1,
    1.2276860809326172e+02, 1.1951309204101562e+02,
    2.0692086219787598e+00, 1.6732977294921875e+02,
    3.1137553974986076e-02, 10224127, -1, 1.0886558532714844e+02,
    1.2046866607666016e+02, 2.1073493957519531e+00,
    1.5044287109375000e+02, 3.1377457082271576e-02, 11534847, -1,
    9.9505187988281250e+01, 6.1214550018310547e+01,
    4.8004350662231445e+00, 2.7881835937500000e+02,
    3.7934780120849609e-02, 4260352, -1, 5.5577358245849609e+01,
    5.8573352813720703e+01, 5.0821518898010254e+00,
    2.0187252807617188e+02, 3.1055144965648651e-02, 8389120, -1,
    5.5577358245849609e+01, 5.8573352813720703e+01,
    5.0821518898010254e+00, 3.3962054443359375e+02,
    3.1055144965648651e-02, 8389120, -1, 1.1710890960693359e+02,
    5.1703578948974609e+01, 5.4664688110351562e+00,
    1.1033969116210938e+02, 3.2702121883630753e-02, 13632000, -1,
    1.1710890960693359e+02, 5.1703578948974609e+01,
    5.4664688110351562e+00, 3.2543670654296875e+02,
    3.2702121883630753e-02, 13632000, -1, 7.3664428710937500e+01,
    1.2631401824951172e+02, 1.9431705474853516e+00,
    1.7065203857421875e+02, 3.1513184309005737e-02, 5702143, -1,
    1.1780851745605469e+02, 1.2696932220458984e+02,
    2.0566844940185547e+00, 3.5237191772460938e+02,
    3.1987108290195465e-02, 9830911, -1, 1.2367228698730469e+02,
    4.8759178161621094e+01, 5.0075826644897461e+00,
