%YAML:1.0
tag: [ 4.2892904663085938e+02, 8.2618615722656250e+02,
    1.9600873947143555e+01, 5.7457092285156250e+01,
    1.0655017942190170e-01, 5767682, -1, 6.9296350097656250e+02,
    3.6059213256835938e+02, 1.4480331420898438e+01,
    1.4496994018554688e+02, 1.0978176444768906e-01, 590082, -1,
    6.9296350097656250e+02, 3.6059213256835938e+02,
    1.4480331420898438e+01, 3.4850128173828125e+01,
    1.0978176444768906e-01, 590082, -1, 8.0009167480468750e+02,
    4.3771008300781250e+02, 1.5768445014953613e+01,
    1.8612821960449219e+02, 1.0621482878923416e-01, 6750466, -1,
    8.0009167480468750e+02, 4.3771008300781250e+02,
    1.5768445014953613e+01, 7.5201171875000000e+01,
    1.0621482878923416e-01, 6750466, -1, 5.8759564208984375e+02,
    4.4038079833984375e+02, 1.6164220809936523e+01,
    1.0702207946777344e+02, 1.0646505653858185e-01, 8519938, -1,
    5.7266040039062500e+02, 4.5863604736328125e+02,
    1.5479535102844238e+01, 9.7831390380859375e+01,
    1.0702770948410034e-01, 5374210, -1, 8.3570874023437500e+02,
    4.7167370605468750e+02, 1.6943181991577148e+01,
    2.0369017028808594e+02, 1.0952208936214447e-01, 11927810, -1,
    8.3570874023437500e+02, 4.7167370605468750e+02,
    1.6943181991577148e+01, 8.2773162841796875e+01,
    1.0952208936214447e-01, 11927810, -1, 9.3350225830078125e+02,
    8.9043127441406250e+02, 1.3461346626281738e+01,
    1.0775030517578125e+02, 1.0645378381013870e-01, 11993857, -1,
    9.3350225830078125e+02, 8.9043127441406250e+02,
    1.3461346626281738e+01, 2.9586959838867188e+02,
    1.0645378381013870e-01, 11993857, -1, 4.5540847778320312e+02,
    8.9031530761718750e+02, 1.2817662239074707e+01,
    7.2926330566406250e+01, 1.1377072334289551e-01, 8454913, -1,
    4.5540847778320312e+02, 8.9031530761718750e+02,
    1.2817662239074707e+01, 2.4473410034179688e+02,
    1.1377072334289551e-01, 8454913, -1, 4.2943325805664062e+02,
    8.0072235107421875e+02, 1.4016531944274902e+01,
    7.4603698730468750e+01, 1.2484334409236908e-01, 14942977, -1,
    4.2943325805664062e+02, 8.0072235107421875e+02,
    1.4016531944274902e+01, 2.4394715881347656e+02,
    1.2484334409236908e-01, 14942977, -1, 4.2506216430664062e+02,
    5.0052230834960938e+02, 1.6029960632324219e+01,
    1.3249194335937500e+02, 1.1092805117368698e-01, 7930114, -1,
    4.2506216430664062e+02, 5.0052230834960938e+02,
    1.6029960632324219e+01, 7.6681518554687500e+00,
    1.1092805117368698e-01, 7930114, -1, 5.2401770019531250e+02,
    5.4457507324218750e+02, 1.7175500869750977e+01,
    2.2600491333007812e+02, 1.1248616874217987e-01, 12910850, -1,
    6.4651373291015625e+02, 5.8983966064453125e+02,
    1.3312744140625000e+01, 9.3180419921875000e+01,
    1.0327848792076111e-01, 11207425, -1, 5.2401770019531250e+02,
    5.4457507324218750e+02, 1.7175500869750977e+01,
    9.2501281738281250e+01, 1.1248616874217987e-01, 12910850, -1,
    6.4576361083984375e+02, 5.4226214599609375e+02,
    1.7523534774780273e+01, 2.8400903320312500e+02,
    1.0204087197780609e-01, 14352642, -1, 6.4576361083984375e+02,
    5.4226214599609375e+02, 1.7523534774780273e+01,
    3.7809204101562500e+01, 1.0204087197780609e-01, 14352642, -1,
    7.4357733154296875e+02, 5.4261444091796875e+02,
    1.7132146835327148e+01, 2.5937625122070312e+02,
    1.0735417157411575e-01, 12714242, -1, 7.4357733154296875e+02,
    5.4261444091796875e+02, 1.7132146835327148e+01,
    1.2955035400390625e+02, 1.0735417157411575e-01, 12714242, -1,
    8.6191204833984375e+02, 5.4468334960937500e+02,
    1.6875804901123047e+01, 3.1583602905273438e+02,
    1.1150121688842773e-01, 11665666, -1, 8.6191204833984375e+02,
    5.4468334960937500e+02, 1.6875804901123047e+01,
    8.4157653808593750e+01, 1.1150121688842773e-01, 11665666, -1,
    4.2325915527343750e+02, 4.9696151733398438e+02,
    1.3669570922851562e+01, 1.2990063476562500e+02,
    1.1093501001596451e-01, 13107969, -1, 4.2325915527343750e+02,
    4.9696151733398438e+02, 1.3669570922851562e+01,
    3.0936279296875000e+00, 1.1093501001596451e-01, 13107969, -1,
    5.4590887451171875e+02, 4.6890991210937500e+02,
    1.4200169563293457e+01, 1.0122161865234375e+02,
    1.1027754843235016e-01, 15860481, -1, 5.4590887451171875e+02,
    4.6890991210937500e+02, 1.4200169563293457e+01,
    3.3242663574218750e+02, 1.1027754843235016e-01, 15860481, -1,
    5.8512432861328125e+02, 4.3830444335937500e+02,
    1.4212920188903809e+01, 1.0653292846679688e+02,
    1.0754648596048355e-01, 15926017, -1, 5.8512432861328125e+02,
    4.3830444335937500e+02, 1.4212920188903809e+01,
    3.4893704223632812e+02, 1.0754648596048355e-01, 15926017, -1,
    4.4539294433593750e+02, 6.4589947509765625e+02,
    1.7498785018920898e+01, 2.4646589660644531e+02,
    1.3252510130405426e-01, 14287106, -1, 4.4539294433593750e+02,
    6.4589947509765625e+02, 1.7498785018920898e+01,
    7.3351318359375000e+01, 1.3252510130405426e-01, 14287106, -1,
    7.9760003662109375e+02, 6.9123492431640625e+02,
    1.4856928825378418e+01, 3.4884500122070312e+02,
    1.1039096862077713e-01, 2425090, -1, 7.9760003662109375e+02,
    6.9123492431640625e+02, 1.4856928825378418e+01,
    1.8134417724609375e+02, 1.1039096862077713e-01, 2425090, -1,
    4.3010681152343750e+02, 7.0092877197265625e+02,
    1.5669331550598145e+01, 2.3834036254882812e+02,
    1.3094469904899597e-01, 6291714, -1, 6.9290893554687500e+02,
    3.5823095703125000e+02, 1.3064711570739746e+01,
    3.2516418457031250e+01, 1.1022919416427612e-01, 9831169, -1,
    4.3010681152343750e+02, 7.0092877197265625e+02,
    1.5669331550598145e+01, 7.4203643798828125e+01,
    1.3094469904899597e-01, 6291714, -1, 6.9274243164062500e+02,
    6.2571820068359375e+02, 1.0267469406127930e+01,
    9.0770568847656250e+01, 1.3603232800960541e-01, 9110017, -1,
    6.9274243164062500e+02, 6.2571820068359375e+02,
    1.0267469406127930e+01, 2.6792007446289062e+02,
    1.3603232800960541e-01, 9110017, -1, 7.5016552734375000e+02,
    5.7642474365234375e+02, 1.0422413825988770e+01,
    2.8112234497070312e+02, 1.3575901091098785e-01, 10224129, -1,
    9.5710260009765625e+02, 7.0133978271484375e+02,
    1.5938344001770020e+01, 3.0072619628906250e+02,
    1.3056010007858276e-01, 7536898, -1, 6.3374047851562500e+02,
    5.7605322265625000e+02, 9.7030868530273438e+00,
    2.6081912231445312e+02, 1.2298152595758438e-01, 5046785, -1,
    9.5710260009765625e+02, 7.0133978271484375e+02,
    1.5938344001770020e+01, 1.0631390380859375e+02,
    1.3056010007858276e-01, 7536898, -1, 4.2454965209960938e+02,
    7.5266961669921875e+02, 1.5574708938598633e+01,
    2.3763952636718750e+02, 1.2899996340274811e-01, 5832962, -1,
    6.4448632812500000e+02, 3.9201867675781250e+02,
    1.3840886116027832e+01, 8.2086669921875000e+01,
    1.1232911795377731e-01, 14025473, -1, 6.4448632812500000e+02,
    3.9201867675781250e+02, 1.3840886116027832e+01,
    3.1780154418945312e+02, 1.1232911795377731e-01, 14025473, -1,
    4.2454965209960938e+02, 7.5266961669921875e+02,
    1.5574708938598633e+01, 7.2233703613281250e+01,
    1.2899996340274811e-01, 5832962, -1, 9.6257836914062500e+02,
    7.5288073730468750e+02, 1.5557307243347168e+01,
    3.0275460815429688e+02, 1.2647737562656403e-01, 5767426, -1,
    9.6257836914062500e+02, 7.5288073730468750e+02,
    1.5557307243347168e+01, 1.0688729858398438e+02,
    1.2647737562656403e-01, 5767426, -1, 3.8452560424804688e+02,
    7.9798950195312500e+02, 1.8279130935668945e+01,
    2.3314117431640625e+02, 1.2928852438926697e-01, 721410, -1,
    4.0393554687500000e+02, 8.3903704833984375e+02,
    1.7514072418212891e+01, 2.3244566345214844e+02,
    1.2168902158737183e-01, 14352642, -1, 7.0667578125000000e+02,
    5.9921496582031250e+02, 8.8291501998901367e+00,
    1.6732084655761719e+02, 1.0563770681619644e-01, 14942465, -1,
    4.0393554687500000e+02, 8.3903704833984375e+02,
    1.7514072418212891e+01, 6.8357269287109375e+01,
    1.2168902158737183e-01, 14352642, -1, 9.8362005615234375e+02,
    8.3976489257812500e+02, 1.7663545608520508e+01,
