%YAML:1.0
tag: [ 1.0903486633300781e+02, 8.0820304870605469e+01,
    2.0046517848968506e+00, 2.8896432495117188e+02,
    3.4881815314292908e-02, 7930367, -1, 8.2904106140136719e+01,
    8.8673957824707031e+01, 2.1135563850402832e+00,
    1.8066073608398438e+02, 4.6414244920015335e-02, 11796991, -1,
    8.2904106140136719e+01, 8.8673957824707031e+01,
    2.1135563850402832e+00, 2.9317321777343750e+01,
    4.6414244920015335e-02, 11796991, -1, 1.2918849182128906e+02,
    1.3041741943359375e+02, 2.0459926128387451e+00,
    3.1289611816406250e+02, 4.1818290948867798e-02, 9437695, -1,
    4.5200511932373047e+01, 1.6849407958984375e+02,
    2.0725390911102295e+00, 3.1107443237304688e+02,
    4.1299659758806229e-02, 10355199, -1, 4.5200511932373047e+01,
    1.6849407958984375e+02, 2.0725390911102295e+00,
    1.2925186157226562e+02, 4.1299659758806229e-02, 10355199, -1,
    4.3164184570312500e+01, 1.7054788208007812e+02,
    2.0810706615447998e+00, 1.3103544616699219e+02,
    3.9633177220821381e-02, 10682879, -1, 4.8431713104248047e+01,
    1.7080664062500000e+02, 1.8386869430541992e+00,
    3.0668670654296875e+02, 3.8934212177991867e-02, 1704447, -1,
    4.8431713104248047e+01, 1.7080664062500000e+02,
    1.8386869430541992e+00, 1.2658810424804688e+02,
    3.8934212177991867e-02, 1704447, -1, 1.6455596923828125e+02,
    3.4849678039550781e+01, 2.6920833587646484e+00,
    3.1939892578125000e+02, 4.2389404028654099e-02, 12583679, -1,
    1.6455596923828125e+02, 3.4849678039550781e+01,
    2.6920833587646484e+00, 1.3927822875976562e+02,
    4.2389404028654099e-02, 12583679, -1, 1.6705951690673828e+01,
    3.9520027160644531e+01, 2.5233991146087646e+00,
    2.1074766540527344e+02, 1.9956041127443314e-02, 7865087, -1,
    1.6657640075683594e+02, 4.3130077362060547e+01,
    2.4668257236480713e+00, 3.2147894287109375e+02,
    4.3594747781753540e-02, 6226687, -1, 1.6657640075683594e+02,
    4.3130077362060547e+01, 2.4668257236480713e+00,
    1.4749177551269531e+02, 4.3594747781753540e-02, 6226687, -1,
    1.7052999877929688e+02, 4.2969070434570312e+01,
    2.5629785060882568e+00, 3.2975445556640625e+02,
    4.0926821529865265e-02, 9044735, -1, 1.7052999877929688e+02,
    4.2969070434570312e+01, 2.5629785060882568e+00,
    1.4961819458007812e+02, 4.0926821529865265e-02, 9044735, -1,
    1.6091482543945312e+02, 5.3537834167480469e+01,
    2.8038299083709717e+00, 2.0954965209960938e+02,
    3.7310004234313965e-02, 15532799, -1, 1.6091482543945312e+02,
    5.3537834167480469e+01, 2.8038299083709717e+00,
    9.6131164550781250e+01, 3.7310004234313965e-02, 15532799, -1,
    1.1411994934082031e+02, 7.0301025390625000e+01,
    2.5031118392944336e+00, 1.7959683227539062e+02,
    4.5022115111351013e-02, 7275263, -1, 1.1411994934082031e+02,
    7.0301025390625000e+01, 2.5031118392944336e+00,
    8.6709991455078125e+01, 4.5022115111351013e-02, 7275263, -1,
    1.5437274169921875e+02, 7.5468513488769531e+01,
    2.8564307689666748e+00, 1.9406127929687500e+00,
    4.5962318778038025e-02, 132095, -1, 1.5437274169921875e+02,
    7.5468513488769531e+01, 2.8564307689666748e+00,
    1.8027436828613281e+02, 4.5962318778038025e-02, 132095, -1,
    1.0230734252929688e+02, 7.8894104003906250e+01,
    2.5327615737915039e+00, 2.7926907348632812e+02,
    5.3409341722726822e-02, 8127231, -1, 8.0879776000976562e+01,
    7.9477256774902344e+01, 2.7735538482666016e+00,
    2.5792449951171875e+02, 3.6680001765489578e-02, 14746367, -1,
    1.0610433197021484e+02, 9.0816772460937500e+01,
    2.6901278495788574e+00, 1.6154893493652344e+02,
    4.4963929802179337e-02, 12518143, -1, 5.6381023406982422e+01,
    9.4156707763671875e+01, 2.7566106319427490e+00,
    2.5520724487304688e+02, 6.2736064195632935e-02, 14287615, -1,
    4.7613735198974609e+01, 9.5966697692871094e+01,
    2.7652761936187744e+00, 2.6721081542968750e+02,
    4.6452939510345459e-02, 14484223, -1, 1.3161216735839844e+02,
    9.6132774353027344e+01, 2.8257691860198975e+00,
    2.8818450927734375e+02, 6.5450213849544525e-02, 16057087, -1,
    2.9588476181030273e+01, 1.0308391571044922e+02,
    2.8138740062713623e+00, 1.4740927124023438e+02,
    2.9443390667438507e-02, 15794943, -1, 2.9588476181030273e+01,
    1.0308391571044922e+02, 2.8138740062713623e+00,
    1.3226219177246094e+02, 2.9443390667438507e-02, 15794943, -1,
    1.6376533508300781e+02, 1.0496191406250000e+02,
    2.4930090904235840e+00, 1.2790536499023438e+02,
    2.5107134133577347e-02, 7013119, -1, 4.5868282318115234e+01,
    1.0671158599853516e+02, 2.5507235527038574e+00,
    2.5612591552734375e+02, 5.9934448450803757e-02, 8651519, -1,
    9.8423316955566406e+01, 1.0767314910888672e+02,
    2.3803889751434326e+00, 1.3874700927734375e+02,
    3.8595635443925858e-02, 3670783, -1, 4.7835292816162109e+01,
    1.1340908813476562e+02, 2.6875083446502686e+00,
    2.4786218261718750e+02, 5.9454493224620819e-02, 12452607, -1,
    5.3499317169189453e+01, 1.1493981933593750e+02,
    2.3579521179199219e+00, 2.5089599609375000e+02,
    5.9181027114391327e-02, 2949887, -1, 5.3499317169189453e+01,
    1.1493981933593750e+02, 2.3579521179199219e+00,
    7.9088745117187500e+01, 5.9181027114391327e-02, 2949887, -1,
    1.3871145629882812e+02, 1.1605004119873047e+02,
    2.7500808238983154e+00, 2.9324572753906250e+02,
    5.8556091040372849e-02, 14091007, -1, 1.3871145629882812e+02,
    1.1605004119873047e+02, 2.7500808238983154e+00,
    1.1015286254882812e+02, 5.8556091040372849e-02, 14091007, -1,
    5.0662570953369141e+01, 1.1955953216552734e+02,
    2.7310287952423096e+00, 2.4542579650878906e+02,
    5.6852675974369049e-02, 13632255, -1, 5.0662570953369141e+01,
    1.1955953216552734e+02, 2.7310287952423096e+00,
    7.4934875488281250e+01, 5.6852675974369049e-02, 13632255, -1,
    1.3542724609375000e+02, 1.2194883728027344e+02,
    2.8581149578094482e+00, 3.4446472167968750e+02,
    5.8242317289113998e-02, 197631, -1, 1.3542724609375000e+02,
    1.2194883728027344e+02, 2.8581149578094482e+00,
    2.9985040283203125e+02, 5.8242317289113998e-02, 197631, -1,
    1.3542724609375000e+02, 1.2194883728027344e+02,
    2.8581149578094482e+00, 1.0040768432617188e+02,
    5.8242317289113998e-02, 197631, -1, 1.3542724609375000e+02,
    1.2194883728027344e+02, 2.8581149578094482e+00,
    8.2843170166015625e+01, 5.8242317289113998e-02, 197631, -1,
    1.0050531005859375e+02, 1.4351385498046875e+02,
    2.2835385799407959e+00, 1.7408287048339844e+02,
    3.2611705362796783e-02, 656127, -1, 8.4800842285156250e+01,
    1.4394165039062500e+02, 2.3229525089263916e+00,
    6.8959045410156250e+00, 3.2242719084024429e-02, 1901311, -1,
    1.1059495544433594e+02, 1.4397746276855469e+02,
    2.3934364318847656e+00, 1.5956968688964844e+02,
    6.3765279948711395e-02, 4063999, -1, 5.0654838562011719e+01,
    1.4580522155761719e+02, 2.7617855072021484e+00,
    7.0281951904296875e+01, 3.0554553493857384e-02, 14418687, -1,
    1.0318161010742188e+02, 1.5087779235839844e+02,
    2.2319121360778809e+00, 2.6005142211914062e+02,
    3.4635055810213089e-02, 15729151, -1, 1.4233018493652344e+02,
    1.5083978271484375e+02, 2.4770879745483398e+00,
    2.1861560058593750e+02, 4.7522477805614471e-02, 6554367, -1,
    1.4233018493652344e+02, 1.5083978271484375e+02,
    2.4770879745483398e+00, 4.4990753173828125e+01,
    4.7522477805614471e-02, 6554367, -1, 8.1272071838378906e+01,
    1.6432327270507812e+02, 2.7161839008331299e+00,
    2.7860131835937500e+02, 4.9852743744850159e-02, 13239039, -1,
    8.1272071838378906e+01, 1.6432327270507812e+02,
    2.7161839008331299e+00, 1.0816346740722656e+02,
    4.9852743744850159e-02, 13239039, -1, 3.4465328216552734e+01,
    2.0938646316528320e+01, 2.7936027050018311e+00,
    2.3853027343750000e+02, 2.1222617477178574e-02, 15270655, -1,
    6.9824600219726562e+01, 3.0044380187988281e+01,
    3.5452325344085693e+00, 7.0326049804687500e+01,
    6.6013514995574951e-02, 15795199, -1, 9.8083755493164062e+01,
    3.4978118896484375e+01, 3.2904858589172363e+00,
