%YAML:1.0
tag: [ 5.5800941467285156e+01, 2.4741616821289062e+02,
    3.5271522521972656e+01, 1.5026124572753906e+02,
    4.0950879454612732e-02, 14811395, -1, 4.1444343566894531e+01,
    1.7331489562988281e+02, 3.3109157562255859e+01,
    1.6648086547851562e+02, 3.6965791136026382e-02, 10223875, -1,
    1.9123184204101562e+02, 1.4506962585449219e+02,
    2.9391897201538086e+01, 3.6706848144531250e+01,
    3.3703874796628952e-02, 1638659, -1, 1.9907691955566406e+02,
    2.2450440979003906e+02, 2.3220609664916992e+01,
    1.6309411621093750e+02, 4.6829923987388611e-02, 1311490, -1,
    1.9907691955566406e+02, 2.2450440979003906e+02,
    2.3220609664916992e+01, 3.4406048583984375e+02,
    4.6829923987388611e-02, 1311490, -1, 1.3393452453613281e+02,
    1.9619012451171875e+02, 2.4109189987182617e+01,
    5.6817321777343750e+00, 5.6310158222913742e-02, 3998466, -1,
    1.3393452453613281e+02, 1.9619012451171875e+02,
    2.4109189987182617e+01, 2.2724700927734375e+02,
    5.6310158222913742e-02, 3998466, -1, 2.4456770324707031e+02,
    3.3416915893554688e+02, 1.9867429733276367e+01,
    6.2560119628906250e+01, 4.2446076869964600e-02, 6750722, -1,
    2.4456770324707031e+02, 3.3416915893554688e+02,
    1.9867429733276367e+01, 2.1351243591308594e+02,
    4.2446076869964600e-02, 6750722, -1, 2.4456770324707031e+02,
    3.3416915893554688e+02, 1.9867429733276367e+01,
    3.1127099609375000e+02, 4.2446076869964600e-02, 6750722, -1,
    1.9422074890136719e+02, 3.3716473388671875e+02,
    1.9179027557373047e+01, 2.3160096740722656e+02,
    3.8569990545511246e-02, 4194818, -1, 1.9422074890136719e+02,
    3.3716473388671875e+02, 1.9179027557373047e+01,
    3.2781671142578125e+02, 3.8569990545511246e-02, 4194818, -1,
    2.0191233825683594e+02, 2.7239929199218750e+02,
    2.1431058883666992e+01, 1.6892944335937500e+01,
    4.7010153532028198e-02, 12190210, -1, 2.0191233825683594e+02,
    2.7239929199218750e+02, 2.1431058883666992e+01,
    1.5828703308105469e+02, 4.7010153532028198e-02, 12190210, -1,
    2.5875405883789062e+02, 2.0269563293457031e+02,
    2.1073843002319336e+01, 3.0713745117187500e+02,
    5.3773745894432068e-02, 11010562, -1, 1.3566017150878906e+02,
    1.3503762817382812e+02, 2.1183229446411133e+01,
    1.2225263977050781e+02, 6.1067745089530945e-02, 11338242, -1,
    1.3566017150878906e+02, 1.3503762817382812e+02,
    2.1183229446411133e+01, 2.4370266723632812e+02,
    6.1067745089530945e-02, 11338242, -1, 9.8877220153808594e+01,
    8.5539901733398438e+01, 2.0466762542724609e+01,
    1.1263191223144531e+02, 4.3488293886184692e-02, 8913410, -1,
    1.4202932739257812e+02, 7.1429397583007812e+01,
    2.2266580581665039e+01, 2.5674346923828125e+02,
    3.7120353430509567e-02, 15008258, -1, 1.8508877563476562e+02,
    1.6909106445312500e+02, 2.0337655544281006e+00,
    2.7195349121093750e+02, 3.3010765910148621e-02, 8978943, -1,
    1.8508877563476562e+02, 1.6909106445312500e+02,
    2.0337655544281006e+00, 1.4457853698730469e+02,
    3.3010765910148621e-02, 8978943, -1, 2.3305632019042969e+02,
    1.6932849121093750e+02, 2.1755771636962891e+00,
    1.4909667968750000e+02, 3.7524726241827011e-02, 13894143, -1,
    1.4724736022949219e+02, 3.3236984252929688e+02,
    1.4554374694824219e+01, 1.1021974182128906e+02,
    4.3038237839937210e-02, 917762, -1, 1.4724736022949219e+02,
    3.3236984252929688e+02, 1.4554374694824219e+01,
    2.6009414672851562e+02, 4.3038237839937210e-02, 917762, -1,
    1.2269429016113281e+02, 1.5979655456542969e+02,
    1.6821212768554688e+01, 1.1958135986328125e+02,
    6.4272060990333557e-02, 11403522, -1, 2.5346839904785156e+02,
    1.5073320007324219e+02, 1.8861055374145508e+01,
    5.8154052734375000e+01, 5.8788944035768509e-02, 2949634, -1,
    2.5346839904785156e+02, 1.5073320007324219e+02,
    1.8861055374145508e+01, 3.1083944702148438e+02,
    5.8788944035768509e-02, 2949634, -1, 3.0595556640625000e+02,
    1.3591537475585938e+02, 1.7924671173095703e+01,
    5.7283020019531250e+01, 5.1457554101943970e-02, 15991042, -1,
    3.0595556640625000e+02, 1.3591537475585938e+02,
    1.7924671173095703e+01, 3.1818502807617188e+02,
    5.1457554101943970e-02, 15991042, -1, 2.1783323669433594e+02,
    1.2669917297363281e+02, 1.6095243453979492e+01,
    1.1491850280761719e+02, 5.8662503957748413e-02, 8192258, -1,
    1.7008609008789062e+02, 1.1977486419677734e+02,
    1.7118015289306641e+01, 4.1190063476562500e+01,
    5.4600760340690613e-02, 12648706, -1, 3.4499896240234375e+02,
    3.3922906494140625e+02, 2.0500440597534180e+00,
    3.3579843139648438e+02, 3.6672092974185944e-02, 9568767, -1,
    3.4499896240234375e+02, 3.3922906494140625e+02,
    2.0500440597534180e+00, 3.2285910034179688e+02,
    3.6672092974185944e-02, 9568767, -1, 1.7008609008789062e+02,
    1.1977486419677734e+02, 1.7118015289306641e+01,
    6.9427520751953125e+01, 5.4600760340690613e-02, 12648706, -1,
    1.7008609008789062e+02, 1.1977486419677734e+02,
    1.7118015289306641e+01, 2.6876187133789062e+02,
    5.4600760340690613e-02, 12648706, -1, 1.6438269042968750e+02,
    5.2397113800048828e+01, 1.4639933586120605e+01,
    2.7302960205078125e+02, 4.5575510710477829e-02, 1376514, -1,
    2.9951190185546875e+02, 3.1852191162109375e+02,
    1.2046333312988281e+01, 5.8941070556640625e+01,
    3.8769464939832687e-02, 3998465, -1, 9.8268821716308594e+01,
    3.0838717651367188e+02, 1.3477910041809082e+01,
    1.2772163391113281e+02, 4.0595158934593201e-02, 12059393, -1,
    1.3221690368652344e+02, 3.0267227172851562e+02,
    1.2238571166992188e+01, 2.8999664306640625e+01,
    6.7001678049564362e-02, 5112577, -1, 3.2713830566406250e+02,
    3.4751791381835938e+02, 1.9418858289718628e+00,
    1.4080743408203125e+02, 3.3155016601085663e-02, 5636607, -1,
    1.3221690368652344e+02, 3.0267227172851562e+02,
    1.2238571166992188e+01, 2.1402844238281250e+02,
    6.7001678049564362e-02, 5112577, -1, 1.6163021850585938e+02,
    2.9174291992187500e+02, 1.2029925346374512e+01,
    1.4468600463867188e+02, 4.6203926205635071e-02, 3867393, -1,
    1.6163021850585938e+02, 2.9174291992187500e+02,
    1.2029925346374512e+01, 2.9066333007812500e+02,
    4.6203926205635071e-02, 3867393, -1, 9.6819923400878906e+01,
    2.7726266479492188e+02, 1.2801756858825684e+01,
    1.5311836242675781e+02, 5.5800087749958038e-02, 8389377, -1,
    9.6819923400878906e+01, 2.7726266479492188e+02,
    1.2801756858825684e+01, 2.1275508117675781e+02,
    5.5800087749958038e-02, 8389377, -1, 9.6819923400878906e+01,
    2.7726266479492188e+02, 1.2801756858825684e+01,
    2.8105374145507812e+02, 5.5800087749958038e-02, 8389377, -1,
    2.5700222778320312e+02, 2.5594178771972656e+02,
    1.2475753784179688e+01, 3.0197076416015625e+02,
    6.3121043145656586e-02, 6488833, -1, 1.4395976257324219e+02,
    2.4986419677734375e+02, 1.3299364089965820e+01,
    2.3859117126464844e+02, 6.1806675046682358e-02, 11141889, -1,
    2.6041796875000000e+02, 2.3887474060058594e+02,
    1.1804314613342285e+01, 1.1306268310546875e+02,
    7.5077563524246216e-02, 2491137, -1, 2.6041796875000000e+02,
    2.3887474060058594e+02, 1.1804314613342285e+01,
    3.0317822265625000e+02, 7.5077563524246216e-02, 2491137, -1,
    1.3764549255371094e+02, 2.3146908569335938e+02,
    1.3062932014465332e+01, 6.9645324707031250e+01,
    7.1686252951622009e-02, 9831169, -1, 1.3764549255371094e+02,
    2.3146908569335938e+02, 1.3062932014465332e+01,
    2.3808584594726562e+02, 7.1686252951622009e-02, 9831169, -1,
    3.3715740966796875e+02, 2.2974803161621094e+02,
    1.3694155693054199e+01, 1.1260443115234375e+02,
    7.0487044751644135e-02, 13239041, -1, 3.3715740966796875e+02,
    2.2974803161621094e+02, 1.3694155693054199e+01,
    2.6886077880859375e+02, 7.0487044751644135e-02, 13239041, -1,
    1.3011022949218750e+02, 2.1381484985351562e+02,
    1.2542897224426270e+01, 6.7858337402343750e+01,
    5.3167890757322311e-02, 6882049, -1, 8.6210502624511719e+01,
    1.3655447387695312e+02, 1.1731068611145020e+01,
