%YAML:1.0
tag: [ 1.9818817138671875e+02, 2.1045883178710938e+02,
    2.3807497024536133e+00, 3.0076602172851562e+02,
    6.3504800200462341e-02, 3670783, -1, 3.1966409683227539e+01,
    2.9432315063476562e+02, 2.2306814193725586e+00,
    1.4703643798828125e+02, 6.7622698843479156e-02, 15663615, -1,
    8.0240791320800781e+01, 5.1772322654724121e+00,
    2.7951960563659668e+00, 2.4474803161621094e+02,
    6.1631426215171814e-02, 15270655, -1, 8.0240791320800781e+01,
    5.1772322654724121e+00, 2.7951960563659668e+00,
    1.3105529785156250e+01, 6.1631426215171814e-02, 15270655, -1,
    3.2665599822998047e+01, 2.1243257141113281e+02,
    2.3580633163452148e+01, 1.6559777832031250e+02,
    6.7256532609462738e-02, 2425602, -1, 2.8463865280151367e+01,
    1.5629064941406250e+02, 2.3116216659545898e+01,
    1.8296365356445312e+02, 7.0372685790061951e-02, 983810, -1,
    1.3308099365234375e+02, 2.3152191162109375e+02,
    2.0077947616577148e+01, 1.6715242004394531e+02,
    7.1421287953853607e-02, 7471618, -1, 1.3431512451171875e+02,
    1.8236593627929688e+02, 2.2059925079345703e+01,
    1.9002149963378906e+02, 7.1435496211051941e-02, 14287362, -1,
    8.2827964782714844e+01, 1.5732977294921875e+02,
    1.9781478881835938e+01, 2.3250930786132812e+02,
    6.0325708240270615e-02, 6423042, -1, 9.5053726196289062e+01,
    3.9004425048828125e+01, 2.0655759811401367e+01,
    2.3540554809570312e+02, 5.7790666818618774e-02, 9568770, -1,
    2.0165792846679688e+02, 1.2809231567382812e+02,
    1.4953238487243652e+01, 7.2642395019531250e+01,
    5.7187713682651520e-02, 2883842, -1, 2.0165792846679688e+02,
    1.2809231567382812e+02, 1.4953238487243652e+01,
    2.9765267944335938e+02, 5.7187713682651520e-02, 2883842, -1,
    1.0065727996826172e+02, 1.2939462280273438e+02,
    2.6434400081634521e+00, 1.8978527832031250e+02,
    5.9735134243965149e-02, 11272959, -1, 1.0065727996826172e+02,
    1.2939462280273438e+02, 2.6434400081634521e+00,
    2.1299713134765625e+01, 5.9735134243965149e-02, 11272959, -1,
    1.6791477966308594e+02, 1.6817663574218750e+02,
    2.7031307220458984e+00, 3.2078793334960938e+02,
    5.6555967777967453e-02, 12845823, -1, 1.6791477966308594e+02,
    1.6817663574218750e+02, 2.7031307220458984e+00,
    1.4972200012207031e+02, 5.6555967777967453e-02, 12845823, -1,
    8.4546417236328125e+01, 1.0618187713623047e+02,
    1.6924240112304688e+01, 1.1865005493164062e+02,
    7.0552036166191101e-02, 11862274, -1, 7.5631042480468750e+01,
    1.9150155639648438e+02, 2.7768554687500000e+00,
    6.8362274169921875e+01, 6.2552616000175476e-02, 14811903, -1,
    1.9147575378417969e+02, 2.2038949584960938e+02,
    2.4765737056732178e+00, 3.2822933959960938e+02,
    5.7554263621568680e-02, 6554367, -1, 1.9147575378417969e+02,
    2.2038949584960938e+02, 2.4765737056732178e+00,
    1.0234286499023438e+02, 5.7554263621568680e-02, 6554367, -1,
    1.1293087768554688e+02, 8.2662734985351562e+01,
    1.6521652221679688e+01, 6.5048706054687500e+01,
    6.1244532465934753e-02, 10092802, -1, 1.1293087768554688e+02,
    8.2662734985351562e+01, 1.6521652221679688e+01,
    2.3725247192382812e+02, 6.1244532465934753e-02, 10092802, -1,
    6.7485374450683594e+01, 4.0317340850830078e+01,
    1.5601347923278809e+01, 2.1772987365722656e+02,
    7.1058042347431183e-02, 5964034, -1, 8.3812690734863281e+01,
    2.8826486206054688e+02, 1.2510723114013672e+01,
    1.1785264587402344e+02, 6.7354992032051086e-02, 6685441, -1,
    8.3812690734863281e+01, 2.8826486206054688e+02,
    1.2510723114013672e+01, 2.5727276611328125e+02,
    6.7354992032051086e-02, 6685441, -1, 2.9800447463989258e+01,
    2.3032603454589844e+02, 1.3002202033996582e+01,
    1.6042443847656250e+02, 5.6584760546684265e-02, 9503489, -1,
    7.5967483520507812e+01, 1.2893426513671875e+02,
    1.3378882408142090e+01, 1.1340563964843750e+02,
    9.6589975059032440e-02, 11535105, -1, 4.4966518402099609e+01,
    3.0380035400390625e+02, 2.7455604076385498e+00,
    2.3585122680664062e+02, 5.5254016071557999e-02, 13959935, -1,
    7.5967483520507812e+01, 1.2893426513671875e+02,
    1.3378882408142090e+01, 2.3648208618164062e+02,
    9.6589975059032440e-02, 11535105, -1, 1.6113211059570312e+02,
    1.0364347839355469e+02, 1.3191693305969238e+01,
    1.1181964111328125e+02, 7.4304208159446716e-02, 10552065, -1,
    8.0955749511718750e+01, 4.4233198165893555e+00,
    3.1384286880493164e+00, 2.4523312377929688e+02,
    6.2028903514146805e-02, 6947839, -1, 1.6113211059570312e+02,
    1.0364347839355469e+02, 1.3191693305969238e+01,
    2.6336743164062500e+02, 7.4304208159446716e-02, 10552065, -1,
    1.3617167663574219e+02, 8.5301094055175781e+01,
    1.1925913810729980e+01, 2.5956451416015625e+01,
    9.2167496681213379e-02, 3212033, -1, 1.3617167663574219e+02,
    8.5301094055175781e+01, 1.1925913810729980e+01,
    1.5750184631347656e+02, 9.2167496681213379e-02, 3212033, -1,
    1.1233261871337891e+02, 1.5596284866333008e+01,
    1.2776756286621094e+01, 1.2999496459960938e+02,
    6.3141494989395142e-02, 8192769, -1, 1.6667088317871094e+02,
    2.7121371459960938e+02, 9.2426099777221680e+00,
    3.3604837036132812e+02, 5.7280745357275009e-02, 1507841, -1,
    5.0682468414306641e+01, 2.6618124389648438e+02,
    1.0429648399353027e+01, 1.3980842590332031e+02,
    6.7890837788581848e-02, 10224129, -1, 7.5498695373535156e+01,
    2.6140686035156250e+02, 1.0040866851806641e+01,
    3.6027984619140625e+01, 1.0794301331043243e-01, 7537153, -1,
    7.5498695373535156e+01, 2.6140686035156250e+02,
    1.0040866851806641e+01, 2.1006246948242188e+02,
    1.0794301331043243e-01, 7537153, -1, 1.3245478820800781e+02,
    2.5432130432128906e+02, 1.0480639457702637e+01,
    2.6877032470703125e+02, 6.9943130016326904e-02, 10617345, -1,
    9.8734359741210938e+01, 2.4979316711425781e+02,
    1.0702906608581543e+01, 1.4727217102050781e+02,
    7.1510136127471924e-02, 12124673, -1, 9.8734359741210938e+01,
    2.4979316711425781e+02, 1.0702906608581543e+01,
    2.8964016723632812e+02, 7.1510136127471924e-02, 12124673, -1,
    5.4621124267578125e+01, 2.4174682617187500e+02,
    1.0424559593200684e+01, 4.0180023193359375e+01,
    8.7377682328224182e-02, 10224129, -1, 5.4621124267578125e+01,
    2.4174682617187500e+02, 1.0424559593200684e+01,
    1.6212048339843750e+02, 8.7377682328224182e-02, 10224129, -1,
    7.4943634033203125e+01, 2.3470849609375000e+02,
    9.3293533325195312e+00, 1.0068200683593750e+02,
    7.0451855659484863e-02, 2163201, -1, 7.4943634033203125e+01,
    2.3470849609375000e+02, 9.3293533325195312e+00,
    3.0567932128906250e+02, 7.0451855659484863e-02, 2163201, -1,
    5.0078910827636719e+01, 2.2629646301269531e+02,
    9.3201274871826172e+00, 7.5122497558593750e+01,
    8.5965275764465332e-02, 2097665, -1, 8.5838546752929688e+01,
    2.1104489135742188e+02, 1.1244437217712402e+01,
    2.3459553527832031e+02, 7.6834224164485931e-02, 15663617, -1,
    1.8967887878417969e+02, 1.9593760681152344e+02,
    1.1236674308776855e+01, 1.2748695373535156e+02,
    7.3272928595542908e-02, 15663617, -1, 1.8967887878417969e+02,
    1.9593760681152344e+02, 1.1236674308776855e+01,
    3.0138919067382812e+02, 7.3272928595542908e-02, 15663617, -1,
    8.2642623901367188e+01, 1.9500460815429688e+02,
    1.0676497459411621e+01, 2.3234817504882812e+02,
    1.0586122423410416e-01, 11928065, -1, 3.0643394470214844e+01,
    1.8625486755371094e+02, 9.2723360061645508e+00,
    1.7911724853515625e+02, 1.0680549591779709e-01, 1769985, -1,
    3.8464847564697266e+01, 9.2133308410644531e+01,
    9.7478780746459961e+00, 1.3816062927246094e+02,
    7.7887035906314850e-02, 5374465, -1, 3.8464847564697266e+01,
    9.2133308410644531e+01, 9.7478780746459961e+00,
    2.8800601196289062e+02, 7.7887035906314850e-02, 5374465, -1,
    7.2215103149414062e+01, 7.7256156921386719e+01,
    9.5821361541748047e+00, 2.0463174438476562e+02,
    7.7953167259693146e-02, 4129281, -1, 3.6615161895751953e+01,
    9.9705154418945312e+01, 3.4575049877166748e+00,
