%YAML:1.0
tag: [ 3.2876562500000000e+02, 2.6698110961914062e+02,
    6.1844325065612793e+00, 3.0467614746093750e+02,
    1.2756432592868805e-01, 5899008, -1, 2.9394088745117188e+02,
    2.7988879394531250e+02, 1.4971690177917480e+01,
    3.0795098876953125e+02, 1.1936867237091064e-01, 2949378, -1,
    1.5178665161132812e+02, 2.8019213867187500e+02,
    1.5423314094543457e+01, 6.8890930175781250e+01,
    1.1910468339920044e-01, 5112066, -1, 1.5178665161132812e+02,
    2.8019213867187500e+02, 1.5423314094543457e+01,
    2.3556152343750000e+02, 1.1910468339920044e-01, 5112066, -1,
    2.2269134521484375e+02, 1.3210525512695312e+02,
    1.6217342376708984e+01, 2.6620025634765625e+01,
    1.1823637038469315e-01, 8782082, -1, 2.2269134521484375e+02,
    1.3210525512695312e+02, 1.6217342376708984e+01,
    1.5485592651367188e+02, 1.1823637038469315e-01, 8782082, -1,
    1.1001609802246094e+02, 2.3335261535644531e+02,
    7.2086586952209473e+00, 9.0486175537109375e+01,
    1.2881660461425781e-01, 262401, -1, 1.1001609802246094e+02,
    2.3335261535644531e+02, 7.2086586952209473e+00,
    2.4862098693847656e+02, 1.2881660461425781e-01, 262401, -1,
    3.3535726928710938e+02, 2.1512229919433594e+02,
    7.5246477127075195e+00, 4.0752655029296875e+01,
    1.1767194420099258e-01, 3342593, -1, 1.6290345764160156e+02,
    5.8363658905029297e+01, 8.6274251937866211e+00,
    6.9376861572265625e+01, 1.1802952736616135e-01, 13238529, -1,
    1.9792173767089844e+02, 3.3603607177734375e+02,
    5.8929347991943359e+00, 2.8275146484375000e+00,
    1.2430343776941299e-01, 2360064, -1, 2.4831858825683594e+02,
    3.3459674072265625e+02, 6.3639035224914551e+00,
    1.7580091857910156e+02, 1.2681867182254791e-01, 7930624, -1,
    1.8243394470214844e+02, 3.3109652709960938e+02,
    6.0076880455017090e+00, 1.6612548828125000e+01,
    1.2604308128356934e-01, 3801856, -1, 1.8243394470214844e+02,
    3.3109652709960938e+02, 6.0076880455017090e+00,
    1.7299136352539062e+02, 1.2604308128356934e-01, 3801856, -1,
    2.6384225463867188e+02, 3.3086468505859375e+02,
    5.7352004051208496e+00, 1.5851188659667969e+02,
    1.2340226769447327e-01, 393984, -1, 3.2200027465820312e+02,
    2.8113604736328125e+02, 5.8898324966430664e+00,
    1.0783703613281250e+02, 1.2646953761577606e-01, 2360064, -1,
    3.2200027465820312e+02, 2.8113604736328125e+02,
    5.8898324966430664e+00, 3.1056390380859375e+02,
    1.2646953761577606e-01, 2360064, -1, 1.2371653747558594e+02,
    2.8117077636718750e+02, 5.9819483757019043e+00,
    6.7664978027343750e+01, 1.2721858918666840e-01, 3474176, -1,
    1.2371653747558594e+02, 2.8117077636718750e+02,
    5.9819483757019043e+00, 2.3015322875976562e+02,
    1.2721858918666840e-01, 3474176, -1, 3.2876562500000000e+02,
    2.6698110961914062e+02, 6.1844325065612793e+00,
    1.0908956909179688e+02, 1.2756432592868805e-01, 5899008, -1,
    1.1643407440185547e+02, 2.6731121826171875e+02,
    6.2459592819213867e+00, 2.3594219970703125e+02,
    1.3048017024993896e-01, 6619904, -1, 3.3372174072265625e+02,
    2.5163827514648438e+02, 6.3997945785522461e+00,
    2.9898519897460938e+02, 1.2936970591545105e-01, 8323840, -1,
    1.3008682250976562e+02, 2.5177354431152344e+02,
    5.7691879272460938e+00, 2.3640223693847656e+02,
    1.2816251814365387e-01, 852736, -1, 1.1217304229736328e+02,
    2.5136853027343750e+02, 6.4234023094177246e+00,
    2.4222615051269531e+02, 1.2966181337833405e-01, 8651520, -1,
    3.1325555419921875e+02, 2.3400260925292969e+02,
    5.8353824615478516e+00, 2.9872198486328125e+02,
    1.3015067577362061e-01, 1704704, -1, 1.3231694030761719e+02,
    2.3403529357910156e+02, 5.9625725746154785e+00,
    2.4145597839355469e+02, 1.3118852674961090e-01, 3212032, -1,
    2.2277012634277344e+02, 2.1904832458496094e+02,
    5.8748288154602051e+00, 8.6734863281250000e+01,
    1.2903341650962830e-01, 2163456, -1, 2.2277012634277344e+02,
    2.1904832458496094e+02, 5.8748288154602051e+00,
    2.7301034545898438e+02, 1.2903341650962830e-01, 2163456, -1,
    3.0794567871093750e+02, 2.1529814147949219e+02,
    6.1187071800231934e+00, 2.9329135131835938e+02,
    1.3095290958881378e-01, 5112576, -1, 1.3787103271484375e+02,
    2.1515101623535156e+02, 6.0868601799011230e+00,
    2.4636878967285156e+02, 1.3009400665760040e-01, 4719360, -1,
    2.2367338562011719e+02, 4.5812480926513672e+01,
    6.8992090225219727e+00, 7.8994384765625000e+01,
    1.1792211234569550e-01, 13763328, -1, 2.2367338562011719e+02,
    4.5812480926513672e+01, 6.8992090225219727e+00,
    2.7264062500000000e+02, 1.1792211234569550e-01, 13763328, -1,
    2.6385293579101562e+02, 3.3105798339843750e+02,
    5.6866521835327148e+00, 1.6357516479492188e+02,
    1.2263894826173782e-01, 16515584, -1, 2.7757455444335938e+02,
    3.2605377197265625e+02, 4.8493967056274414e+00,
    1.5229133605957031e+02, 1.2363294512033463e-01, 4981248, -1,
    1.6853366088867188e+02, 3.2607415771484375e+02,
    5.0418486595153809e+00, 2.7857543945312500e+01,
    1.2138176709413528e-01, 7799296, -1, 3.1396972656250000e+02,
    2.6812680053710938e+02, 5.3368616104125977e+00,
    1.0909399414062500e+02, 1.2119499593973160e-01, 11928064, -1,
    3.1396972656250000e+02, 2.6812680053710938e+02,
    5.3368616104125977e+00, 2.9917279052734375e+02,
    1.2119499593973160e-01, 11928064, -1, 1.3139346313476562e+02,
    2.6807223510742188e+02, 5.5954432487487793e+00,
    6.6751831054687500e+01, 1.2439012527465820e-01, 15335936, -1,
    1.3139346313476562e+02, 2.6807223510742188e+02,
    5.5954432487487793e+00, 2.4246365356445312e+02,
    1.2439012527465820e-01, 15335936, -1, 2.4241075134277344e+02,
    1.9114277648925781e+02, 3.7526929378509521e+00,
    2.7872076416015625e+02, 1.1921024322509766e-01, 3145984, -1,
    2.0290332031250000e+02, 1.9076921081542969e+02,
    3.7329061031341553e+00, 2.6245910644531250e+02,
    1.1976109445095062e-01, 2818304, -1, 2.4277246093750000e+02,
    1.9132424926757812e+02, 3.5233838558197021e+00,
    2.8094183349609375e+02, 1.2041122466325760e-01, 15336447, -1,
    2.3403410339355469e+02, 1.9090908813476562e+02,
    1.9287964105606079e+00, 6.8968170166015625e+01,
    1.1661158502101898e-01, 5177855, -1, 3.2903460693359375e+02,
    3.3870336914062500e+02, 6.7622947692871094e+00,
    2.2158003234863281e+02, 9.6341364085674286e-02, 12321536, -1,
    2.2267652893066406e+02, 2.6284967041015625e+02,
    2.8594079971313477e+01, 1.9723443603515625e+02,
    8.4551826119422913e-02, 16384770, -1, 2.6278341674804688e+02,
    1.8445930480957031e+02, 3.0707473754882812e+00,
    3.4058810424804688e+02, 9.9026404321193695e-02, 5374975, -1,
    2.6278341674804688e+02, 1.8445930480957031e+02,
    3.0707473754882812e+00, 1.4770561218261719e+02,
    9.9026404321193695e-02, 5374975, -1, 1.8280404663085938e+02,
    1.8560806274414062e+02, 3.0221021175384521e+00,
    1.9994793701171875e+02, 9.9943697452545166e-02, 4195327, -1,
    1.8280404663085938e+02, 1.8560806274414062e+02,
    3.0221021175384521e+00, 3.1566345214843750e+01,
    9.9943697452545166e-02, 4195327, -1, 1.9076901245117188e+02,
    1.8886424255371094e+02, 3.2139728069305420e+00,
    1.8943133544921875e+02, 1.0413958132266998e-01, 8651775, -1,
    2.6877362060546875e+02, 1.8795588684082031e+02,
    3.0923523902893066e+00, 3.4078036499023438e+02,
    9.1609157621860504e-02, 5899263, -1, 2.6877362060546875e+02,
    1.8795588684082031e+02, 3.0923523902893066e+00,
    1.5770666503906250e+02, 9.1609157621860504e-02, 5899263, -1,
    1.8078068542480469e+02, 1.9091239929199219e+02,
    3.2090752124786377e+00, 1.9140449523925781e+02,
    1.0437516868114471e-01, 8586239, -1, 1.8078068542480469e+02,
    1.9091239929199219e+02, 3.2090752124786377e+00,
    2.1810943603515625e+01, 1.0437516868114471e-01, 8586239, -1,
    2.7477627563476562e+02, 1.9100669860839844e+02,
    3.3021588325500488e+00, 1.5767486572265625e+02,
    1.0383190959692001e-01, 10617855, -1, 1.7082568359375000e+02,
    1.9132977294921875e+02, 3.1289737224578857e+00,
