%YAML:1.0
tag: [ 9.1340557861328125e+02, 3.1577337646484375e+02,
    1.5945208549499512e+01, 1.7562065124511719e+02,
    8.1258676946163177e-02, 7536898, -1, 6.9699163818359375e+02,
    3.8178564453125000e+02, 4.9198471069335938e+01,
    5.1509887695312500e+01, 8.1419430673122406e-02, 5440259, -1,
    6.9699163818359375e+02, 3.8178564453125000e+02,
    4.9198471069335938e+01, 2.8851568603515625e+02,
    8.1419430673122406e-02, 5440259, -1, 9.0660284423828125e+02,
    5.1058895874023438e+02, 3.8450687408447266e+01,
    4.8633148193359375e+01, 9.5763042569160461e-02, 4325891, -1,
    9.0660284423828125e+02, 5.1058895874023438e+02,
    3.8450687408447266e+01, 2.6014144897460938e+02,
    9.5763042569160461e-02, 4325891, -1, 9.0660284423828125e+02,
    5.1058895874023438e+02, 3.8450687408447266e+01,
    3.2250347900390625e+02, 9.5763042569160461e-02, 4325891, -1,
    9.0660284423828125e+02, 5.1058895874023438e+02,
    3.8450687408447266e+01, 3.5995309448242188e+02,
    9.5763042569160461e-02, 4325891, -1, 3.8738061523437500e+02,
    3.7568392944335938e+02, 4.2606258392333984e+01,
    6.3161895751953125e+01, 8.6227670311927795e-02, 11796995, -1,
    4.5500793457031250e+02, 2.9793762207031250e+02,
    3.9821155548095703e+01, 1.7466674804687500e+01,
    9.2104636132717133e-02, 6881795, -1, 4.5500793457031250e+02,
    2.9793762207031250e+02, 3.9821155548095703e+01,
    1.3946127319335938e+02, 9.2104636132717133e-02, 6881795, -1,
    7.1873449707031250e+02, 1.5761412048339844e+02,
    4.0596401214599609e+01, 4.4319396972656250e+01,
    7.6586112380027771e-02, 8258051, -1, 7.1873449707031250e+02,
    1.5761412048339844e+02, 4.0596401214599609e+01,
    1.8357733154296875e+02, 7.6586112380027771e-02, 8258051, -1,
    7.1873449707031250e+02, 1.5761412048339844e+02,
    4.0596401214599609e+01, 2.6617694091796875e+02,
    7.6586112380027771e-02, 8258051, -1, 3.9583489990234375e+02,
    8.5899957275390625e+02, 3.0490249633789062e+01,
    2.1761836242675781e+02, 1.0155861079692841e-01, 4260099, -1,
    2.7449850463867188e+02, 7.6807781982421875e+02,
    3.1978347778320312e+01, 3.6560638427734375e+01,
    8.2713432610034943e-02, 7733507, -1, 3.6794268798828125e+02,
    6.6072961425781250e+02, 3.4096813201904297e+01,
    2.2431799316406250e+02, 9.1125734150409698e-02, 12386563, -1,
    1.8798445129394531e+02, 6.4279956054687500e+02,
    3.1167102813720703e+01, 1.5691162109375000e+02,
    9.2944256961345673e-02, 5898499, -1, 6.1477160644531250e+02,
    7.7692146301269531e+01, 3.2553844451904297e+01,
    2.0309295654296875e+01, 8.3601005375385284e-02, 9044227, -1,
    6.1477160644531250e+02, 7.7692146301269531e+01,
    3.2553844451904297e+01, 1.6905053710937500e+02,
    8.3601005375385284e-02, 9044227, -1, 5.3009838867187500e+02,
    7.1500534057617188e+01, 3.3498256683349609e+01,
    2.0632019042968750e+01, 8.5334420204162598e-02, 11075843, -1,
    4.9151156616210938e+02, 9.2388482666015625e+02,
    2.5712686538696289e+01, 2.1935075378417969e+02,
    7.9330086708068848e-02, 8651522, -1, 4.9151156616210938e+02,
    9.2388482666015625e+02, 2.5712686538696289e+01,
    3.4943365478515625e+02, 7.9330086708068848e-02, 8651522, -1,
    6.2416815185546875e+02, 9.1935272216796875e+02,
    2.7295522689819336e+01, 3.3656652832031250e+02,
    7.9983264207839966e-02, 12976898, -1, 3.0316873168945312e+02,
    7.9847125244140625e+02, 2.7440189361572266e+01,
    1.3932678222656250e+02, 8.0866098403930664e-02, 13370114, -1,
    3.0316873168945312e+02, 7.9847125244140625e+02,
    2.7440189361572266e+01, 2.9316784667968750e+02,
    8.0866098403930664e-02, 13370114, -1, 7.4310809326171875e+02,
    6.8038714599609375e+02, 2.3442811965942383e+01,
    3.0892669677734375e+01, 7.7850036323070526e-02, 1966850, -1,
    7.4310809326171875e+02, 6.8038714599609375e+02,
    2.3442811965942383e+01, 2.1821278381347656e+02,
    7.7850036323070526e-02, 1966850, -1, 4.1270452880859375e+02,
    3.2928140258789062e+02, 2.4836977005004883e+01,
    9.3829223632812500e+01, 8.3461180329322815e-02, 6161154, -1,
    4.1270452880859375e+02, 3.2928140258789062e+02,
    2.4836977005004883e+01, 3.3913818359375000e+02,
    8.3461180329322815e-02, 6161154, -1, 1.6187469482421875e+02,
    3.3045257568359375e+02, 2.7964216232299805e+01,
    3.2847262573242188e+02, 8.3121463656425476e-02, 14746370, -1,
    5.0653359985351562e+02, 3.0856567382812500e+02,
    2.4944047927856445e+01, 6.2811248779296875e+01,
    8.2141071557998657e-02, 6488834, -1, 8.4658349609375000e+02,
    2.0676330566406250e+02, 2.4596422195434570e+01,
    2.4180676269531250e+02, 7.8315801918506622e-02, 5440258, -1,
    3.4074291992187500e+02, 1.9590237426757812e+02,
    2.4032526016235352e+01, 2.7380911254882812e+02,
    7.7759169042110443e-02, 3801858, -1, 5.6411682128906250e+02,
    1.2230014801025391e+02, 2.7443555831909180e+01,
    1.6071136474609375e+01, 8.7878718972206116e-02, 13370114, -1,
    5.6411682128906250e+02, 1.2230014801025391e+02,
    2.7443555831909180e+01, 1.8366720581054688e+02,
    8.7878718972206116e-02, 13370114, -1, 7.5234106445312500e+02,
    1.2151232147216797e+02, 2.4612699508666992e+01,
    1.3979612731933594e+02, 7.7695123851299286e-02, 5505794, -1,
    7.5234106445312500e+02, 1.2151232147216797e+02,
    2.4612699508666992e+01, 2.8967041015625000e+02,
    7.7695123851299286e-02, 5505794, -1, 4.8519757080078125e+02,
    1.0023519134521484e+02, 2.5444814682006836e+01,
    1.2786102294921875e+01, 8.1014111638069153e-02, 7930626, -1,
    5.4632763671875000e+02, 8.9668872070312500e+02,
    1.9057367324829102e+01, 2.5807290649414062e+02,
    8.9232511818408966e-02, 3736066, -1, 6.6799273681640625e+02,
    8.7191577148437500e+02, 1.9904294967651367e+01,
    2.4053445434570312e+02, 8.6694523692131042e-02, 6881794, -1,
    5.4945214843750000e+02, 8.4715722656250000e+02,
    2.0423955917358398e+01, 9.6818420410156250e+01,
    8.5735782980918884e-02, 8716802, -1, 5.4945214843750000e+02,
    8.4715722656250000e+02, 2.0423955917358398e+01,
    2.6117648315429688e+02, 8.5735782980918884e-02, 8716802, -1,
    8.0741711425781250e+02, 8.3051635742187500e+02,
    1.9491365432739258e+01, 2.2524171447753906e+02,
    8.5626944899559021e-02, 5374466, -1, 6.5607385253906250e+02,
    8.2406280517578125e+02, 2.0567253112792969e+01,
    8.0135192871093750e+01, 8.4423169493675232e-02, 9241090, -1,
    3.3730059814453125e+02, 7.8375933837890625e+02,
    1.8175039291381836e+01, 3.0013290405273438e+02,
    8.6864963173866272e-02, 262658, -1, 3.6923992919921875e+02,
    7.4122332763671875e+02, 2.1189132690429688e+01,
    3.0286685180664062e+02, 8.2639314234256744e-02, 11403778, -1,
    8.8896905517578125e+02, 7.2660394287109375e+02,
    1.8511407852172852e+01, 2.0563879394531250e+02,
    8.4027215838432312e-02, 1638914, -1, 4.7258938598632812e+02,
    5.3491241455078125e+02, 1.8375125885009766e+01,
    2.8952819824218750e+02, 8.0692410469055176e-02, 1114626, -1,
    5.4340643310546875e+02, 5.2026623535156250e+02,
    1.9552452087402344e+01, 2.2108197021484375e+02,
    8.1408135592937469e-02, 5571074, -1, 3.3319448852539062e+02,
    4.4073223876953125e+02, 1.9842945098876953e+01,
    7.5160400390625000e+01, 8.5401318967342377e-02, 6619650, -1,
    1.8118693542480469e+02, 3.8296569824218750e+02,
    2.3472990036010742e+01, 2.8971185302734375e+02,
    8.4463678300380707e-02, 2097922, -1, 6.4070458984375000e+02,
    3.7937915039062500e+02, 2.1223474502563477e+01,
    8.1342346191406250e+01, 7.9306922852993011e-02, 11534850, -1,
    7.0184631347656250e+02, 3.3405630493164062e+02,
    2.0819425582885742e+01, 2.5165069580078125e+01,
    7.9903781414031982e-02, 10093058, -1, 2.0362149047851562e+02,
    3.3387820434570312e+02, 2.1721786499023438e+01,
    1.7303596496582031e+02, 8.2296967506408691e-02, 13173250, -1,
    2.0362149047851562e+02, 3.3387820434570312e+02,
    2.1721786499023438e+01, 3.2614270019531250e+02,
    8.2296967506408691e-02, 13173250, -1, 2.7377655029296875e+02,
    1.6080593872070312e+02, 1.9418405532836914e+01,
