%YAML:1.0
tag: [ 1.1748480987548828e+02, 3.1820085525512695e+01,
    4.4068245887756348e+00, 1.8332780456542969e+02,
    1.9105570390820503e-02, 14811392, -1, 1.1748480987548828e+02,
    3.1820085525512695e+01, 4.4068245887756348e+00,
    3.7959320068359375e+01, 1.9105570390820503e-02, 14811392, -1,
    1.0424416351318359e+02, 4.8337882995605469e+01,
    4.2839627265930176e+00, 2.7870736694335938e+02,
    1.3728890568017960e-02, 12714240, -1, 4.8638786315917969e+01,
    8.0338958740234375e+01, 4.3122057914733887e+00,
    2.9699127197265625e+01, 1.3431568630039692e-02, 13238528, -1,
    7.8713302612304688e+01, 1.3917735290527344e+02,
    3.6416301727294922e+00, 2.3363891601562500e+01,
    1.4072974212467670e-02, 983296, -1, 1.2085410308837891e+02,
    2.2088136672973633e+01, 5.2663111686706543e+00,
    2.8697979736328125e+02, 2.4954358115792274e-02, 10945024, -1,
    9.9663902282714844e+01, 2.3750591278076172e+01,
    5.2061858177185059e+00, 1.5173828125000000e+02,
    1.6799710690975189e-02, 10158592, -1, 1.1306703186035156e+02,
    2.5800643920898438e+01, 4.8220386505126953e+00,
    5.0537200927734375e+01, 2.3331476375460625e-02, 4588032, -1,
    1.2469637298583984e+02, 2.9073158264160156e+01,
    4.6454734802246094e+00, 1.4884283447265625e+02,
    2.0108394324779510e-02, 1901056, -1, 8.2108802795410156e+01,
    3.1388731002807617e+01, 4.6236333847045898e+00,
    2.9602050781250000e+00, 2.3014750331640244e-02, 1573376, -1,
    1.0364736175537109e+02, 4.1830936431884766e+01,
    4.9696669578552246e+00, 3.0918484497070312e+02,
    2.4000309407711029e-02, 6750720, -1, 1.0364736175537109e+02,
    4.1830936431884766e+01, 4.9696669578552246e+00,
    2.5977050781250000e+02, 2.4000309407711029e-02, 6750720, -1,
    7.3844001770019531e+01, 4.4600093841552734e+01,
    4.8574967384338379e+00, 2.5764108276367188e+02,
    2.1877724677324295e-02, 5112320, -1, 1.3802102661132812e+02,
    4.5183521270751953e+01, 5.6268897056579590e+00,
    2.5170922851562500e+02, 4.0332023054361343e-02, 15729152, -1,
    1.3802102661132812e+02, 4.5183521270751953e+01,
    5.6268897056579590e+00, 5.3514556884765625e+01,
    4.0332023054361343e-02, 15729152, -1, 1.2999549865722656e+02,
    4.7494697570800781e+01, 5.0282940864562988e+00,
    3.1718426513671875e+02, 1.8856121227145195e-02, 7602688, -1,
    1.2213333892822266e+02, 4.7803279876708984e+01,
    4.8157625198364258e+00, 2.6144314575195312e+02,
    2.5908829644322395e-02, 4522496, -1, 1.5573429870605469e+02,
    4.8875835418701172e+01, 5.5248446464538574e+00,
    3.2302761840820312e+02, 1.7199892550706863e-02, 14418432, -1,
    1.5573429870605469e+02, 4.8875835418701172e+01,
    5.5248446464538574e+00, 1.5857891845703125e+02,
    1.7199892550706863e-02, 14418432, -1, 7.3896034240722656e+01,
    5.1834785461425781e+01, 4.9756922721862793e+00,
    2.5448460388183594e+02, 1.7025386914610863e-02, 6881792, -1,
    5.5109634399414062e+01, 5.4437976837158203e+01,
    5.2150654792785645e+00, 2.5785913085937500e+02,
    2.6328301057219505e-02, 10289664, -1, 1.1956553649902344e+02,
    5.4423954010009766e+01, 4.9998245239257812e+00,
    3.0180062866210938e+02, 1.4856284484267235e-02, 7209472, -1,
    3.8081256866455078e+01, 5.4652412414550781e+01,
    5.2280850410461426e+00, 3.4215621948242188e+02,
    2.3073190823197365e-02, 10420736, -1, 6.0388763427734375e+01,
    5.9317588806152344e+01, 5.0107188224792480e+00,
    2.3932653808593750e+02, 1.7125096172094345e-02, 7340544, -1,
    1.2484096527099609e+02, 5.8399951934814453e+01,
    5.1209702491760254e+00, 3.1089511108398438e+02,
    1.4611535705626011e-02, 8913408, -1, 3.8126163482666016e+01,
    6.3768798828125000e+01, 5.0879774093627930e+00,
    3.1553051757812500e+02, 1.7256461083889008e-02, 8454656, -1,
    1.5119148254394531e+02, 6.4099037170410156e+01,
    5.0622868537902832e+00, 2.2130030822753906e+02,
    2.3709600791335106e-02, 8126976, -1, 2.8632932662963867e+01,
    6.6927047729492188e+01, 5.5603880882263184e+00,
    3.0631414794921875e+02, 2.0636586472392082e-02, 14877184, -1,
    2.8632932662963867e+01, 6.6927047729492188e+01,
    5.5603880882263184e+00, 6.8046325683593750e+01,
    2.0636586472392082e-02, 14877184, -1, 4.0115985870361328e+01,
    7.2530693054199219e+01, 5.2054753303527832e+00,
    1.4239042663574219e+02, 1.5981417149305344e-02, 10093056, -1,
    4.0115985870361328e+01, 7.2530693054199219e+01,
    5.2054753303527832e+00, 1.8094787597656250e+01,
    1.5981417149305344e-02, 10093056, -1, 8.3539573669433594e+01,
    1.0233637237548828e+02, 5.3547015190124512e+00,
    3.5159606933593750e+01, 1.3946692459285259e-02, 12190208, -1,
    1.1350140380859375e+02, 1.3950242614746094e+02,
    4.8011584281921387e+00, 8.6614196777343750e+01,
    1.3333700597286224e-02, 4260352, -1, 5.5746555328369141e+01,
    1.4266546630859375e+02, 5.1746606826782227e+00,
    8.5683013916015625e+01, 2.2544404491782188e-02, 9699840, -1,
    7.2823448181152344e+01, 1.4364648437500000e+02,
    5.1751594543457031e+00, 3.0906039428710938e+02,
    1.4871977269649506e-02, 9699840, -1, 7.2823448181152344e+01,
    1.4364648437500000e+02, 5.1751594543457031e+00,
    7.9603454589843750e+01, 1.4871977269649506e-02, 9699840, -1,
    1.0672979736328125e+02, 1.5041513061523438e+02,
    5.2442269325256348e+00, 2.3606442260742188e+02,
    1.6422621905803680e-02, 10682880, -1, 1.0672979736328125e+02,
    1.5041513061523438e+02, 5.2442269325256348e+00,
    4.2396575927734375e+01, 1.6422621905803680e-02, 10682880, -1,
    5.7028377532958984e+01, 1.5802072143554688e+02,
    4.6022028923034668e+00, 1.8031799316406250e+01,
    3.6955170333385468e-02, 1245696, -1, 1.0710111999511719e+02,
    1.9907535552978516e+01, 6.3719630241394043e+00,
    2.7705322265625000e+02, 3.2883703708648682e-02, 8061696, -1,
    1.0710111999511719e+02, 1.9907535552978516e+01,
    6.3719630241394043e+00, 1.4785691833496094e+02,
    3.2883703708648682e-02, 8061696, -1, 8.0529632568359375e+01,
    2.0823524475097656e+01, 6.6031413078308105e+00,
    1.7424163818359375e+01, 3.2490164041519165e-02, 10617600, -1,
    1.3329719543457031e+02, 2.7832174301147461e+01,
    5.8714923858642578e+00, 2.9529254150390625e+02,
    3.2762654125690460e-02, 2097920, -1, 1.3329719543457031e+02,
    2.7832174301147461e+01, 5.8714923858642578e+00,
    9.5489746093750000e+01, 3.2762654125690460e-02, 2097920, -1,
    1.3678086853027344e+02, 3.5946811676025391e+01,
    6.0184187889099121e+00, 2.3890640258789062e+02,
    2.0992573350667953e-02, 3932928, -1, 1.3678086853027344e+02,
    3.5946811676025391e+01, 6.0184187889099121e+00,
    9.4108673095703125e+01, 2.0992573350667953e-02, 3932928, -1,
    1.4968939208984375e+02, 3.9688030242919922e+01,
    6.5091028213500977e+00, 3.1660275268554688e+02,
    1.6394950449466705e-02, 9569024, -1, 2.9145778656005859e+01,
    5.7471004486083984e+01, 6.7269172668457031e+00,
    3.1397589111328125e+02, 1.9894883036613464e-02, 11928320, -1,
    9.3319931030273438e+01, 6.0385597229003906e+01,
    6.4545412063598633e+00, 3.2093994140625000e+01,
    3.6349296569824219e-02, 8979200, -1, 9.3040145874023438e+01,
    7.9288795471191406e+01, 6.5894522666931152e+00,
    1.9581993103027344e+02, 1.4411609619855881e-02, 10486528, -1,
    8.0978607177734375e+01, 8.2220390319824219e+01,
    6.9790129661560059e+00, 3.1103012084960938e+02,
    1.5957569703459740e-02, 14615296, -1, 8.0978607177734375e+01,
    8.2220390319824219e+01, 6.9790129661560059e+00,
    1.6655242919921875e+01, 1.5957569703459740e-02, 14615296, -1,
    8.6147109985351562e+01, 9.2180519104003906e+01,
    6.5085196495056152e+00, 2.0051422119140625e+01,
    1.9260330125689507e-02, 9569024, -1, 9.7961433410644531e+01,
    9.1974952697753906e+01, 6.1823172569274902e+00,
    1.6286663818359375e+02, 1.7736913636326790e-02, 5833472, -1,
    1.5213528442382812e+02, 1.0852960968017578e+02,
    7.0048952102661133e+00, 2.8797821044921875e+02,
    4.0351916104555130e-02, 14877440, -1, 1.5213528442382812e+02,
    1.0852960968017578e+02, 7.0048952102661133e+00,
