%YAML:1.0
tag: [ 6.1673065185546875e+02, 9.6213035583496094e+01,
    6.3105998039245605e+00, 2.4035614013671875e+01,
    1.3651853427290916e-02, 7340800, -1, 6.3727764892578125e+02,
    4.1924038696289062e+02, 6.8174719810485840e+00,
    8.4695526123046875e+01, 1.3768711127340794e-02, 12911360, -1,
    4.5657980346679688e+02, 1.9840197753906250e+02,
    8.6203651428222656e+00, 1.3921270751953125e+02,
    2.7859212830662727e-02, 13172993, -1, 4.2272241210937500e+02,
    2.1075932312011719e+02, 8.2171621322631836e+00,
    2.8727166748046875e+02, 3.4562509506940842e-02, 9699585, -1,
    4.0990481567382812e+02, 2.1558885192871094e+02,
    8.6101074218750000e+00, 2.8462072753906250e+02,
    3.2597783952951431e-02, 13107457, -1, 4.0990481567382812e+02,
    2.1558885192871094e+02, 8.6101074218750000e+00,
    1.8778822326660156e+02, 3.2597783952951431e-02, 13107457, -1,
    3.9946777343750000e+02, 2.2365994262695312e+02,
    8.3520421981811523e+00, 2.7067340087890625e+02,
    3.2838005572557449e-02, 10879233, -1, 6.8521716308593750e+02,
    2.3542294311523438e+02, 8.7653636932373047e+00,
    2.8168872070312500e+02, 2.1664189174771309e-02, 14418177, -1,
    6.8521716308593750e+02, 2.3542294311523438e+02,
    8.7653636932373047e+00, 1.3920101928710938e+02,
    2.1664189174771309e-02, 14418177, -1, 3.6409173583984375e+02,
    2.5406898498535156e+02, 7.3016891479492188e+00,
    2.4303681945800781e+02, 3.0682314187288284e-02, 1179905, -1,
    6.8799597167968750e+02, 2.6792446899414062e+02,
    7.3460588455200195e+00, 1.1646391296386719e+02,
    2.5014115497469902e-02, 1638657, -1, 3.5006274414062500e+02,
    2.7344879150390625e+02, 8.0833587646484375e+00,
    2.4959068298339844e+02, 3.1869266182184219e-02, 8519937, -1,
    6.8116052246093750e+02, 2.7648968505859375e+02,
    7.7564301490783691e+00, 3.4167526245117188e+02,
    3.8725942373275757e-02, 5570817, -1, 6.8116052246093750e+02,
    2.7648968505859375e+02, 7.7564301490783691e+00,
    1.1798718261718750e+02, 3.8725942373275757e-02, 5570817, -1,
    6.8912445068359375e+02, 2.8613598632812500e+02,
    7.5418968200683594e+00, 2.0341766357421875e+01,
    2.6502873748540878e-02, 3539201, -1, 6.7971807861328125e+02,
    3.0033544921875000e+02, 8.5133228302001953e+00,
    2.6932147216796875e+02, 2.7767954394221306e-02, 12255489, -1,
    6.7971807861328125e+02, 3.0033544921875000e+02,
    8.5133228302001953e+00, 7.6655548095703125e+01,
    2.7767954394221306e-02, 12255489, -1, 6.4311602783203125e+02,
    3.0397622680664062e+02, 7.8701629638671875e+00,
    3.4404083251953125e+02, 4.4221714138984680e-02, 6619393, -1,
    6.4311602783203125e+02, 3.0397622680664062e+02,
    7.8701629638671875e+00, 3.0413659667968750e+02,
    4.4221714138984680e-02, 6619393, -1, 6.9460437011718750e+02,
    3.1363534545898438e+02, 7.6458716392517090e+00,
    3.1767517089843750e+02, 3.4508664160966873e-02, 4522241, -1,
    6.8874322509765625e+02, 3.2564804077148438e+02,
    8.4135122299194336e+00, 7.6389770507812500e+00,
    3.9006419479846954e-02, 11403521, -1, 7.0003875732421875e+02,
    3.3329748535156250e+02, 8.9516429901123047e+00,
    3.0138186645507812e+02, 2.7335111051797867e-02, 15925505, -1,
    7.0003875732421875e+02, 3.3329748535156250e+02,
    8.9516429901123047e+00, 2.2749848937988281e+02,
    2.7335111051797867e-02, 15925505, -1, 5.7439801025390625e+02,
    3.2316567993164062e+02, 9.3692712783813477e+00,
    1.6543609619140625e+02, 3.1551513820886612e-02, 2490881, -1,
    1.0354739990234375e+03, 3.4135296630859375e+02,
    8.2448873519897461e+00, 1.9412406921386719e+02,
    1.6209512948989868e-02, 9961729, -1, 1.2572712707519531e+02,
    3.4555557250976562e+02, 8.1297063827514648e+00,
    9.1269531250000000e+00, 1.3799083419144154e-02, 8978689, -1,
    3.4359567260742188e+02, 3.8254382324218750e+02,
    8.6269416809082031e+00, 2.5718981933593750e+02,
    3.2717835158109665e-02, 13238529, -1, 3.4359567260742188e+02,
    3.8254382324218750e+02, 8.6269416809082031e+00,
    9.6533355712890625e+01, 3.2717835158109665e-02, 13238529, -1,
    3.5633688354492188e+02, 4.0128814697265625e+02,
    8.1037406921386719e+00, 1.2156668090820312e+02,
    2.9177121818065643e-02, 8716545, -1, 6.3736102294921875e+02,
    4.1874743652343750e+02, 7.4286818504333496e+00,
    8.7617248535156250e+01, 1.3553119264543056e-02, 2425089, -1,
    5.4849700927734375e+02, 4.3571044921875000e+02,
    7.9054007530212402e+00, 8.4701812744140625e+01,
    1.4320696704089642e-02, 6947073, -1, 4.9942031860351562e+02,
    7.6213058471679688e+01, 1.0695294380187988e+01,
    1.4292123413085938e+02, 3.0424805358052254e-02, 12059137, -1,
    4.9942031860351562e+02, 7.6213058471679688e+01,
    1.0695294380187988e+01, 6.4781463623046875e+01,
    3.0424805358052254e-02, 12059137, -1, 5.1482159423828125e+02,
    7.9175994873046875e+01, 9.6892566680908203e+00,
    1.3098661804199219e+02, 2.6004299521446228e-02, 4915713, -1,
    4.5998168945312500e+02, 9.7075088500976562e+01,
    9.2592754364013672e+00, 3.5886404418945312e+02,
    2.5200325995683670e-02, 1638913, -1, 6.6113665771484375e+02,
    9.5473739624023438e+01, 1.1322209358215332e+01,
    2.9445443725585938e+02, 4.3545305728912354e-02, 16187905, -1,
    6.6113665771484375e+02, 9.5473739624023438e+01,
    1.1322209358215332e+01, 9.7111419677734375e+01,
    4.3545305728912354e-02, 16187905, -1, 5.1725451660156250e+02,
    1.0737747955322266e+02, 1.0657629013061523e+01,
    2.1264715576171875e+02, 2.3372665047645569e-02, 11796993, -1,
    5.0204696655273438e+02, 1.1136304473876953e+02,
    1.0282851219177246e+01, 2.8631256103515625e+02,
    3.3144559711217880e-02, 9241089, -1, 8.4074633789062500e+02,
    1.3759808349609375e+02, 9.5651865005493164e+00,
    2.4468586730957031e+02, 4.7019340097904205e-02, 3998209, -1,
    8.4074633789062500e+02, 1.3759808349609375e+02,
    9.5651865005493164e+00, 4.4125701904296875e+01,
    4.7019340097904205e-02, 3998209, -1, 5.5801037597656250e+02,
    1.4444561767578125e+02, 1.0652393341064453e+01,
    8.0121520996093750e+01, 3.4910202026367188e-02, 11796993, -1,
    5.8020660400390625e+02, 1.6387301635742188e+02,
    1.0914543151855469e+01, 3.2757873535156250e+02,
    3.6895126104354858e-02, 13566465, -1, 5.2465051269531250e+02,
    1.6672772216796875e+02, 1.1221591949462891e+01,
    3.1267633056640625e+02, 4.7803532332181931e-02, 15532545, -1,
    5.2465051269531250e+02, 1.6672772216796875e+02,
    1.1221591949462891e+01, 1.3332467651367188e+02,
    4.7803532332181931e-02, 15532545, -1, 5.4280651855468750e+02,
    1.6578804016113281e+02, 1.0254584312438965e+01,
    3.1053039550781250e+02, 3.4279845654964447e-02, 9044481, -1,
    4.9234613037109375e+02, 1.7607780456542969e+02,
    1.0083884239196777e+01, 2.9890368652343750e+02,
    4.3018218129873276e-02, 7799297, -1, 4.9073159790039062e+02,
    1.9189215087890625e+02, 9.6642065048217773e+00,
    3.1175070190429688e+02, 4.5017529278993607e-02, 4719105, -1,
    4.9073159790039062e+02, 1.9189215087890625e+02,
    9.6642065048217773e+00, 1.4304714965820312e+02,
    4.5017529278993607e-02, 4719105, -1, 8.9523974609375000e+02,
    2.1302342224121094e+02, 9.8736639022827148e+00,
    2.6351660156250000e+02, 3.9284422993659973e-02, 6291969, -1,
    8.9523974609375000e+02, 2.1302342224121094e+02,
    9.8736639022827148e+00, 2.3222351074218750e+01,
    3.9284422993659973e-02, 6291969, -1, 7.4200146484375000e+02,
    2.3057478332519531e+02, 9.7919511795043945e+00,
    7.1552124023437500e+01, 3.7663642317056656e-02, 5702145, -1,
    7.5479870605468750e+02, 2.3673715209960938e+02,
    1.0116538047790527e+01, 1.6807131958007812e+02,
    3.4371983259916306e-02, 8061441, -1, 7.5479870605468750e+02,
    2.3673715209960938e+02, 1.0116538047790527e+01,
    8.4653656005859375e+01, 3.4371983259916306e-02, 8061441, -1,
    6.6668048095703125e+02, 2.6802374267578125e+02,
    1.1246438980102539e+01, 1.4978303527832031e+02,
    2.7474015951156616e-02, 15729153, -1, 8.2885455322265625e+02,
    2.7067120361328125e+02, 1.0478446006774902e+01,
