%YAML:1.0
tag: [ 1.5662051391601562e+02, 4.1672592163085938e+02,
    8.9129610061645508e+00, 2.9620642089843750e+02,
    3.3852949738502502e-02, 15597825, -1, 2.5702072143554688e+02,
    6.5474906921386719e+01, 4.8787693023681641e+01,
    2.6820739746093750e+02, 2.3535739630460739e-02, 4850435, -1,
    2.9319137573242188e+02, 3.4697824096679688e+02,
    3.2464653015136719e+01, 3.3318206787109375e+01,
    2.9346138238906860e-02, 8847619, -1, 2.9319137573242188e+02,
    3.4697824096679688e+02, 3.2464653015136719e+01,
    2.5169264221191406e+02, 2.9346138238906860e-02, 8847619, -1,
    7.2455650329589844e+01, 3.3992016601562500e+02,
    3.2316482543945312e+01, 1.5859994506835938e+02,
    2.5871094316244125e-02, 8519939, -1, 1.6358909606933594e+02,
    2.7907922363281250e+02, 3.1095676422119141e+01,
    1.0379190063476562e+02, 2.8133546933531761e-02, 5701891, -1,
    1.6358909606933594e+02, 2.7907922363281250e+02,
    3.1095676422119141e+01, 2.4237594604492188e+02,
    2.8133546933531761e-02, 5701891, -1, 2.4065048217773438e+02,
    2.7191845703125000e+02, 3.3596317291259766e+01,
    7.4862426757812500e+01, 3.0027480795979500e-02, 11337987, -1,
    2.4065048217773438e+02, 2.7191845703125000e+02,
    3.3596317291259766e+01, 8.7897979736328125e+01,
    3.0027480795979500e-02, 11337987, -1, 2.5755944824218750e+02,
    2.2358007812500000e+02, 4.4521098136901855e+00,
    2.9987982177734375e+02, 2.4996487423777580e-02, 15532288, -1,
    2.5755944824218750e+02, 2.2358007812500000e+02,
    4.4521098136901855e+00, 1.1789309692382812e+02,
    2.4996487423777580e-02, 15532288, -1, 3.2115844726562500e+02,
    2.4245118713378906e+02, 4.0445523262023926e+00,
    3.4330075073242188e+02, 2.6618516072630882e-02, 8585472, -1,
    2.4065048217773438e+02, 2.7191845703125000e+02,
    3.3596317291259766e+01, 2.8502160644531250e+02,
    3.0027480795979500e-02, 11337987, -1, 5.5597236633300781e+01,
    2.7065679931640625e+02, 3.0178094863891602e+01,
    1.7514724731445312e+02, 2.5504382327198982e-02, 3539203, -1,
    4.2393612670898438e+02, 3.9716921997070312e+02,
    2.5902597427368164e+01, 5.0756103515625000e+01,
    3.1026845797896385e-02, 9175810, -1, 4.2393612670898438e+02,
    3.9716921997070312e+02, 2.5902597427368164e+01,
    1.3986024475097656e+02, 3.1026845797896385e-02, 9175810, -1,
    4.2393612670898438e+02, 3.9716921997070312e+02,
    2.5902597427368164e+01, 3.0437744140625000e+02,
    3.1026845797896385e-02, 9175810, -1, 3.7793209838867188e+02,
    3.3400296020507812e+02, 2.8240127563476562e+01,
    3.6383728027343750e+01, 3.4087982028722763e-02, 15467266, -1,
    3.7793209838867188e+02, 3.3400296020507812e+02,
    2.8240127563476562e+01, 1.4587638854980469e+02,
    3.4087982028722763e-02, 15467266, -1, 4.0326892089843750e+02,
    2.8926364135742188e+02, 2.6230756759643555e+01,
    8.5606384277343750e+00, 3.1035665422677994e-02, 10093314, -1,
    4.0326892089843750e+02, 2.8926364135742188e+02,
    2.6230756759643555e+01, 2.1128106689453125e+02,
    3.1035665422677994e-02, 10093314, -1, 3.8993124389648438e+02,
    2.2236956787109375e+02, 2.5202232360839844e+01,
    1.3802737426757812e+02, 3.1345739960670471e-02, 7209730, -1,
    3.4924484252929688e+02, 1.8272123718261719e+02,
    2.7696826934814453e+01, 2.0032943725585938e+02,
    3.3423893153667450e-02, 14025474, -1, 4.8493176269531250e+02,
    1.5853538513183594e+02, 5.5672998428344727e+00,
    3.2247802734375000e+02, 2.4875797331333160e-02, 15008256, -1,
    1.8424725341796875e+02, 1.8107077026367188e+02,
    5.2605657577514648e+00, 3.0376995849609375e+02,
    3.0749078840017319e-02, 10879488, -1, 1.7063339233398438e+02,
    1.9193659973144531e+02, 5.6568598747253418e+00,
    1.7841390991210938e+02, 2.7686629444360733e-02, 16122368, -1,
    2.5746017456054688e+02, 2.1623344421386719e+02,
    5.2644224166870117e+00, 2.9190859985351562e+02,
    2.4113973602652550e-02, 10945024, -1, 2.5746017456054688e+02,
    2.1623344421386719e+02, 5.2644224166870117e+00,
    1.2332095336914062e+02, 2.4113973602652550e-02, 10945024, -1,
    1.7737187194824219e+02, 2.1735165405273438e+02,
    5.0203866958618164e+00, 1.1712144470214844e+02,
    2.5915870442986488e-02, 7537152, -1, 3.4924484252929688e+02,
    1.8272123718261719e+02, 2.7696826934814453e+01,
    3.1029589843750000e+02, 3.3423893153667450e-02, 14025474, -1,
    1.7174177551269531e+02, 2.2926716613769531e+02,
    5.1465983390808105e+00, 2.9469168090820312e+02,
    2.8743604198098183e-02, 9306624, -1, 1.7174177551269531e+02,
    2.2926716613769531e+02, 5.1465983390808105e+00,
    1.1802767944335938e+02, 2.8743604198098183e-02, 9306624, -1,
    4.4699230957031250e+02, 1.4408659362792969e+02,
    2.5430662155151367e+01, 3.1988549804687500e+02,
    2.8996428474783897e-02, 7865090, -1, 3.1577136230468750e+02,
    2.4619807434082031e+02, 4.9977374076843262e+00,
    1.6949797058105469e+02, 2.3588785901665688e-02, 7209472, -1,
    2.6917645263671875e+02, 4.4637582397460938e+02,
    1.9427835464477539e+01, 3.5071868896484375e+01,
    4.3234717100858688e-02, 5112322, -1, 2.6917645263671875e+02,
    4.4637582397460938e+02, 1.9427835464477539e+01,
    7.8476867675781250e+01, 4.3234717100858688e-02, 5112322, -1,
    2.6917645263671875e+02, 4.4637582397460938e+02,
    1.9427835464477539e+01, 2.0655456542968750e+02,
    4.3234717100858688e-02, 5112322, -1, 2.6917645263671875e+02,
    4.4637582397460938e+02, 1.9427835464477539e+01,
    2.9049890136718750e+02, 4.3234717100858688e-02, 5112322, -1,
    1.8739836120605469e+02, 3.0703286743164062e+02,
    5.2517218589782715e+00, 2.3633787536621094e+02,
    2.5689151138067245e-02, 10748416, -1, 1.8739836120605469e+02,
    3.0703286743164062e+02, 5.2517218589782715e+00,
    5.5366882324218750e+01, 2.5689151138067245e-02, 10748416, -1,
    2.3187553405761719e+02, 3.0795443725585938e+02,
    4.9594335556030273e+00, 2.9795547485351562e+02,
    2.9170982539653778e-02, 6619648, -1, 2.3187553405761719e+02,
    3.0795443725585938e+02, 4.9594335556030273e+00,
    1.1724160766601562e+02, 2.9170982539653778e-02, 6619648, -1,
    2.5952825927734375e+02, 3.0815039062500000e+02,
    5.2630014419555664e+00, 2.3081846618652344e+02,
    2.4747829884290695e-02, 10945024, -1, 2.5952825927734375e+02,
    3.0815039062500000e+02, 5.2630014419555664e+00,
    5.8695129394531250e+01, 2.4747829884290695e-02, 10945024, -1,
    2.8418960571289062e+02, 3.0809194946289062e+02,
    5.6018781661987305e+00, 2.5920703125000000e+02,
    2.7441900223493576e-02, 15401472, -1, 2.8418960571289062e+02,
    3.0809194946289062e+02, 5.6018781661987305e+00,
    7.7729553222656250e+01, 2.7441900223493576e-02, 15401472, -1,
    2.6917645263671875e+02, 4.4637582397460938e+02,
    1.9427835464477539e+01, 3.4985528564453125e+02,
    4.3234717100858688e-02, 5112322, -1, 4.1107739257812500e+02,
    4.4270581054687500e+02, 1.9826391220092773e+01,
    6.0838470458984375e+01, 2.3224262520670891e-02, 6554114, -1,
    2.5900555419921875e+02, 3.4086038208007812e+02,
    5.3331809043884277e+00, 2.3897918701171875e+02,
    2.5705840438604355e-02, 11862528, -1, 4.4774389648437500e+02,
    3.7054821777343750e+02, 1.8998968124389648e+01,
    1.3486465454101562e+02, 3.3349722623825073e-02, 3473922, -1,
    1.9764645385742188e+02, 3.5978442382812500e+02,
    5.4259352684020996e+00, 1.5895872497558594e+02,
    2.7990795671939850e-02, 13107712, -1, 4.9364285278320312e+02,
    3.5122915649414062e+02, 1.9151515960693359e+01,
    2.1895599365234375e+01, 2.7778403833508492e-02, 4063746, -1,
    2.1540338134765625e+02, 3.6670681762695312e+02,
    5.2637524604797363e+00, 3.9771057128906250e+01,
    2.8410246595740318e-02, 10945024, -1, 2.5428839111328125e+02,
    4.3994525146484375e+02, 5.6394610404968262e+00,
    3.2948968505859375e+02, 2.5905789807438850e-02, 15925760, -1,
    2.5428839111328125e+02, 4.3994525146484375e+02,
    5.6394610404968262e+00, 8.5155792236328125e+01,
    2.5905789807438850e-02, 15925760, -1, 4.9364285278320312e+02,
    3.5122915649414062e+02, 1.9151515960693359e+01,
