%YAML:1.0
tag: [ 1.0352287292480469e+02, 3.7456503295898438e+02,
    4.8048877716064453e+01, 1.4995755004882812e+02,
    1.9576080143451691e-02, 3736323, -1, 4.5450549316406250e+02,
    3.4666903686523438e+02, 5.1718250274658203e+01,
    3.5234802246093750e+01, 2.0297193899750710e-02, 9110275, -1,
    3.1599859619140625e+02, 2.0812033081054688e+02,
    3.9552409648895264e+00, 1.3400436401367188e+02,
    1.7298031598329544e-02, 6947072, -1, 6.8894767761230469e+01,
    2.7634176635742188e+02, 5.0738868713378906e+01,
    1.6485125732421875e+02, 2.0341562107205391e-02, 7734019, -1,
    3.5081637573242188e+02, 4.6195269775390625e+02,
    2.9188306808471680e+01, 6.0722167968750000e+01,
    2.0213156938552856e-02, 1114371, -1, 3.2881192016601562e+02,
    2.1192387390136719e+02, 3.8179337978363037e+00,
    1.5250776672363281e+02, 1.7827121540904045e-02, 4391168, -1,
    2.4993215942382812e+02, 2.2128323364257812e+02,
    4.2964415550231934e+00, 2.6227954101562500e+02,
    1.6881603747606277e-02, 12976384, -1, 2.4993215942382812e+02,
    2.2128323364257812e+02, 4.2964415550231934e+00,
    2.5274475097656250e+01, 1.6881603747606277e-02, 12976384, -1,
    2.8313635253906250e+02, 3.0260806274414062e+02,
    3.2745601654052734e+01, 3.3971353149414062e+02,
    2.4296132847666740e-02, 9437443, -1, 3.4208590698242188e+02,
    3.4216271972656250e+02, 4.2359142303466797e+00,
    1.4931983947753906e+02, 2.1700955927371979e-02, 11927808, -1,
    3.5431066894531250e+02, 3.5847778320312500e+02,
    4.0835285186767578e+00, 1.3961706542968750e+02,
    2.0187081769108772e-02, 9306368, -1, 1.8781834411621094e+02,
    1.8574822998046875e+02, 2.9533029556274414e+01,
    1.1525738525390625e+02, 2.6529952883720398e-02, 1966339, -1,
    1.8781834411621094e+02, 1.8574822998046875e+02,
    2.9533029556274414e+01, 2.1941758728027344e+02,
    2.6529952883720398e-02, 1966339, -1, 3.4557348632812500e+02,
    1.7180824279785156e+02, 2.9288085937500000e+01,
    3.1085754394531250e+02, 2.5788456201553345e-02, 1376515, -1,
    4.6519674682617188e+02, 1.4416290283203125e+02,
    3.0047677993774414e+01, 3.2851788330078125e+02,
    1.7185427248477936e-02, 3211523, -1, 2.4449609375000000e+02,
    2.3856198120117188e+02, 4.8206415176391602e+00,
    3.5262921142578125e+02, 2.0298361778259277e-02, 4588032, -1,
    2.4449609375000000e+02, 2.3856198120117188e+02,
    4.8206415176391602e+00, 1.5398733520507812e+02,
    2.0298361778259277e-02, 4588032, -1, 3.0408453369140625e+02,
    2.5618844604492188e+02, 5.1900854110717773e+00,
    4.6514282226562500e+00, 2.0071018487215042e-02, 9896448, -1,
    3.0408453369140625e+02, 2.5618844604492188e+02,
    5.1900854110717773e+00, 1.8682487487792969e+02,
    2.0071018487215042e-02, 9896448, -1, 2.1755422973632812e+02,
    2.5537828063964844e+02, 4.9298553466796875e+00,
    3.4069281005859375e+02, 2.5606086477637291e-02, 6160896, -1,
    2.1755422973632812e+02, 2.5537828063964844e+02,
    4.9298553466796875e+00, 1.5881263732910156e+02,
    2.5606086477637291e-02, 6160896, -1, 4.6040664672851562e+02,
    2.7104681396484375e+02, 5.5088644027709961e+00,
    1.3711724853515625e+02, 1.9312420859932899e-02, 14221824, -1,
    4.6040664672851562e+02, 2.7104681396484375e+02,
    5.5088644027709961e+00, 2.4949218750000000e+01,
    1.9312420859932899e-02, 14221824, -1, 3.4976715087890625e+02,
    2.8425198364257812e+02, 5.0792055130004883e+00,
    1.4919877624511719e+02, 2.4433091282844543e-02, 8323584, -1,
    2.2469192504882812e+02, 2.8566683959960938e+02,
    5.3224692344665527e+00, 2.0066754150390625e+02,
    1.6766205430030823e-02, 11731456, -1, 2.2469192504882812e+02,
    2.8566683959960938e+02, 5.3224692344665527e+00,
    3.1541564941406250e+01, 1.6766205430030823e-02, 11731456, -1,
    2.4770022583007812e+02, 2.8608837890625000e+02,
    5.3759436607360840e+00, 2.0336462402343750e+02,
    1.7191046848893166e-02, 12452352, -1, 2.4770022583007812e+02,
    2.8608837890625000e+02, 5.3759436607360840e+00,
    3.0114196777343750e+01, 1.7191046848893166e-02, 12452352, -1,
    4.7156668090820312e+02, 2.9646182250976562e+02,
    5.4744987487792969e+00, 1.7300703430175781e+02,
    1.9543547183275223e-02, 13763072, -1, 3.3392330932617188e+02,
    3.1641751098632812e+02, 5.2003865242004395e+00,
    2.0958419799804688e+02, 2.0130520686507225e-02, 10027520, -1,
    2.3871955871582031e+02, 3.2899627685546875e+02,
    4.9177451133728027e+00, 3.2023651123046875e+02,
    2.4211067706346512e-02, 6029824, -1, 2.3871955871582031e+02,
    3.2899627685546875e+02, 4.9177451133728027e+00,
    1.3177908325195312e+02, 2.4211067706346512e-02, 6029824, -1,
    3.7788595581054688e+02, 3.3242233276367188e+02,
    5.2809882164001465e+00, 3.2287332153320312e+02,
    1.9898967817425728e-02, 11141632, -1, 3.7788595581054688e+02,
    3.3242233276367188e+02, 5.2809882164001465e+00,
    9.6519226074218750e+01, 1.9898967817425728e-02, 11141632, -1,
    1.9691755676269531e+02, 3.5155667114257812e+02,
    4.8471827507019043e+00, 2.2252243041992188e+02,
    2.1439976990222931e-02, 4981248, -1, 2.0642951965332031e+02,
    3.6600811767578125e+02, 5.4203429222106934e+00,
    1.6175961303710938e+02, 2.2147169336676598e-02, 13042176, -1,
    2.0642951965332031e+02, 3.6600811767578125e+02,
    5.4203429222106934e+00, 8.9616516113281250e+01,
    2.2147169336676598e-02, 13042176, -1, 3.5090618896484375e+02,
    3.6581536865234375e+02, 5.5431027412414551e+00,
    1.4621902465820312e+02, 2.5387220084667206e-02, 14680576, -1,
    2.3902319335937500e+02, 3.7758831787109375e+02,
    5.4116435050964355e+00, 1.7987817382812500e+02,
    2.0965682342648506e-02, 12911104, -1, 2.3902319335937500e+02,
    3.7758831787109375e+02, 5.4116435050964355e+00,
    2.2352020263671875e+01, 2.0965682342648506e-02, 12911104, -1,
    2.3148217773437500e+02, 3.7912652587890625e+02,
    5.3738970756530762e+00, 2.2250732421875000e+01,
    2.5957228615880013e-02, 12452352, -1, 1.8700942993164062e+02,
    7.8986595153808594e+01, 3.3360988616943359e+01,
    2.4160522460937500e+02, 1.8987836316227913e-02, 10813699, -1,
    1.0616784667968750e+02, 6.3259075164794922e+01,
    6.6141633987426758e+00, 2.2986260986328125e+02,
    1.7131648957729340e-02, 10748672, -1, 4.3613961791992188e+02,
    8.2124580383300781e+01, 6.3873353004455566e+00,
    3.1844308471679688e+02, 2.0563710480928421e-02, 8192768, -1,
    8.6657775878906250e+01, 8.2893699645996094e+01,
    6.9523744583129883e+00, 2.2018815612792969e+02,
    1.8047252669930458e-02, 14353152, -1, 4.4374807739257812e+02,
    9.0303176879882812e+01, 6.3028192520141602e+00,
    3.1954534912109375e+02, 1.9695945084095001e-02, 7275264, -1,
    5.3563175201416016e+01, 1.3105137634277344e+02,
    6.9071626663208008e+00, 2.0959149169921875e+02,
    1.8767876550555229e-02, 13894400, -1, 2.6192651367187500e+02,
    1.3817875671386719e+02, 6.8454995155334473e+00,
    1.3407650756835938e+02, 2.3726735264062881e-02, 13239040, -1,
    2.6192651367187500e+02, 1.3817875671386719e+02,
    6.8454995155334473e+00, 3.0832885742187500e+01,
    2.3726735264062881e-02, 13239040, -1, 2.7808197021484375e+02,
    1.4689598083496094e+02, 6.6466798782348633e+00,
    2.0371263122558594e+02, 2.3750271648168564e-02, 11076352, -1,
    2.7808197021484375e+02, 1.4689598083496094e+02,
    6.6466798782348633e+00, 1.0633419799804688e+02,
    2.3750271648168564e-02, 11076352, -1, 4.0458627319335938e+02,
    1.4685163879394531e+02, 6.0816464424133301e+00,
    1.1492279052734375e+01, 1.7479831352829933e-02, 4653824, -1,
    2.4783692932128906e+02, 1.4997102355957031e+02,
    6.8108811378479004e+00, 3.1873934936523438e+02,
    2.6160601526498795e-02, 12845824, -1, 2.4783692932128906e+02,
    1.4997102355957031e+02, 6.8108811378479004e+00,
    6.8370849609375000e+01, 2.6160601526498795e-02, 12845824, -1,
    2.5666040039062500e+02, 1.6817579650878906e+02,
    6.4314928054809570e+00, 4.7297668457031250e+00,
    1.8994839861989021e-02, 8717056, -1, 3.1266567993164062e+02,
    1.6845027160644531e+02, 6.2631912231445312e+00,
