%YAML:1.0
tag: [ 1.4316923522949219e+02, 1.9685609436035156e+02,
    2.4148795604705811e+00, 1.0495903015136719e+02,
    1.3563620857894421e-02, 4719359, -1, 1.4316923522949219e+02,
    1.9685609436035156e+02, 2.4148795604705811e+00,
    5.3128601074218750e+01, 1.3563620857894421e-02, 4719359, -1,
    8.7726486206054688e+01, 1.3092890930175781e+02,
    3.4529578685760498e+00, 6.6437377929687500e+00,
    1.5269051305949688e-02, 13829119, -1, 1.7699984741210938e+02,
    1.3526383972167969e+02, 3.3644554615020752e+00,
    2.4317300415039062e+02, 1.6967587172985077e-02, 11994111, -1,
    1.1592996215820312e+02, 1.3722915649414062e+02,
    3.3205621242523193e+00, 1.9390037536621094e+02,
    1.9410807639360428e-02, 11011071, -1, 1.3328141784667969e+02,
    1.4768617248535156e+02, 2.9938530921936035e+00,
    3.5318731689453125e+02, 1.4861453324556351e-02, 3539967, -1,
    1.3328141784667969e+02, 1.4768617248535156e+02,
    2.9938530921936035e+00, 1.8323812866210938e+02,
    1.4861453324556351e-02, 3539967, -1, 1.3286547851562500e+02,
    1.5490885925292969e+02, 3.0692284107208252e+00,
    1.4077452087402344e+02, 1.6403587535023689e-02, 5309439, -1,
    6.5247779846191406e+01, 1.7517474365234375e+02,
    3.5646779537200928e+00, 3.5708432006835938e+02,
    1.4548017643392086e-02, 16188415, -1, 1.6787614440917969e+02,
    1.7627363586425781e+02, 3.1369917392730713e+00,
    1.8820512390136719e+02, 1.5392473898828030e-02, 6947839, -1,
    1.4080102539062500e+02, 1.8625611877441406e+02,
    2.9684107303619385e+00, 1.5221435546875000e+02,
    1.4905143529176712e-02, 2950143, -1, 1.4541517639160156e+02,
    1.9306423950195312e+02, 2.8941781520843506e+00,
    1.4155487060546875e+02, 1.3616221025586128e-02, 1115135, -1,
    1.4967602539062500e+02, 1.9348371887207031e+02,
    3.2703197002410889e+00, 1.4021041870117188e+02,
    1.6358293592929840e-02, 9896959, -1, 1.4967602539062500e+02,
    1.9348371887207031e+02, 3.2703197002410889e+00,
    1.1080828857421875e+02, 1.6358293592929840e-02, 9896959, -1,
    1.7186766052246094e+02, 8.9910667419433594e+01,
    4.2406268119812012e+00, 1.3694313049316406e+02,
    3.5682346671819687e-02, 11993344, -1, 1.0361856842041016e+02,
    9.5653770446777344e+01, 4.1624984741210938e+00,
    9.7960571289062500e+01, 4.0236379951238632e-02, 10682624, -1,
    1.8525378417968750e+02, 1.1131633758544922e+02,
    4.1277494430541992e+00, 3.4622854614257812e+02,
    2.0805262029170990e-02, 10027264, -1, 1.8525378417968750e+02,
    1.1131633758544922e+02, 4.1277494430541992e+00,
    3.3279910278320312e+02, 2.0805262029170990e-02, 10027264, -1,
    1.8525378417968750e+02, 1.1131633758544922e+02,
    4.1277494430541992e+00, 1.5555105590820312e+02,
    2.0805262029170990e-02, 10027264, -1, 5.4978401184082031e+01,
    1.3445240783691406e+02, 3.7139079570770264e+00,
    2.9649411010742188e+02, 1.9003000110387802e-02, 2425088, -1,
    8.0968345642089844e+01, 5.0125507354736328e+01,
    4.7684192657470703e+00, 3.5540948486328125e+02,
    1.6065476462244987e-02, 3801600, -1, 8.0968345642089844e+01,
    5.0125507354736328e+01, 4.7684192657470703e+00,
    7.3700469970703125e+01, 1.6065476462244987e-02, 3801600, -1,
    7.8070365905761719e+01, 7.4664993286132812e+01,
    4.9077777862548828e+00, 2.4212213134765625e+02,
    2.6254210621118546e-02, 5898752, -1, 7.8070365905761719e+01,
    7.4664993286132812e+01, 4.9077777862548828e+00,
    6.1076873779296875e+01, 2.6254210621118546e-02, 5898752, -1,
    5.3817127227783203e+01, 9.5234123229980469e+01,
    5.4480223655700684e+00, 3.9809631347656250e+01,
    2.3732978850603104e-02, 13435392, -1, 1.2877735900878906e+02,
    9.4879554748535156e+01, 4.9235601425170898e+00,
    8.6124450683593750e+01, 3.6527771502733231e-02, 6095360, -1,
    1.7974078369140625e+02, 9.9917808532714844e+01,
    4.9188838005065918e+00, 3.2913479614257812e+02,
    3.4191343933343887e-02, 6029824, -1, 5.2265769958496094e+01,
    1.1212913513183594e+02, 5.4683489799499512e+00,
    2.1208190917968750e+01, 1.9741607829928398e-02, 13697536, -1,
    5.7682567596435547e+01, 1.1837741088867188e+02,
    5.1524510383605957e+00, 2.6867523193359375e+01,
    2.6786876842379570e-02, 9372160, -1, 1.7541236877441406e+02,
    1.1938150787353516e+02, 5.0686893463134766e+00,
    1.5422880554199219e+02, 1.9356079399585724e-02, 8192512, -1,
    3.6312335968017578e+01, 1.2474317932128906e+02,
    5.2349920272827148e+00, 2.8631182861328125e+02,
    1.5873510390520096e-02, 10551808, -1, 1.2436654663085938e+02,
    1.2481325531005859e+02, 4.7681040763854980e+00,
    2.2053582763671875e+02, 2.4431761354207993e-02, 3801600, -1,
    1.2436654663085938e+02, 1.2481325531005859e+02,
    4.7681040763854980e+00, 1.1921507263183594e+02,
    2.4431761354207993e-02, 3801600, -1, 8.5708740234375000e+01,
    2.0005723571777344e+02, 5.4538779258728027e+00,
    9.0596893310546875e+01, 1.7278257757425308e-02, 13500928, -1,
    1.4816209411621094e+02, 2.0024829101562500e+02,
    4.8392457962036133e+00, 9.7409088134765625e+01,
    1.7893753945827484e-02, 4850176, -1, 1.5989364624023438e+02,
    2.0297378540039062e+02, 5.3409514427185059e+00,
    3.2340118408203125e+01, 2.7068067342042923e-02, 11993600, -1,
    1.5573425292968750e+02, 2.1105491638183594e+02,
    4.5973434448242188e+00, 7.8802703857421875e+01,
    1.4093820005655289e-02, 1114624, -1, 1.3307049560546875e+02,
    2.2026965332031250e+02, 4.9704451560974121e+00,
    9.5377166748046875e+01, 2.4651598185300827e-02, 6816256, -1,
    1.0739061737060547e+02, 2.2121385192871094e+02,
    5.0786509513854980e+00, 1.0971453857421875e+02,
    2.4818960577249527e-02, 8323584, -1, 1.0580912017822266e+02,
    2.3474993896484375e+02, 5.2119674682617188e+00,
    2.4569172668457031e+02, 2.2330321371555328e-02, 10224128, -1,
    1.2388459777832031e+02, 4.0653438568115234e+01,
    6.9740686416625977e+00, 1.5309042358398438e+02,
    3.0743421986699104e-02, 14549760, -1, 9.8665031433105469e+01,
    5.1403446197509766e+01, 5.8253493309020996e+00,
    1.6845703125000000e+00, 4.3267615139484406e-02, 1573632, -1,
    1.4900460815429688e+02, 5.3667285919189453e+01,
    6.1416692733764648e+00, 1.8635104370117188e+02,
    4.3114922940731049e-02, 5374720, -1, 1.4900460815429688e+02,
    5.3667285919189453e+01, 6.1416692733764648e+00,
    3.6228149414062500e+01, 4.3114922940731049e-02, 5374720, -1,
    9.3318763732910156e+01, 5.9812416076660156e+01,
    6.1159157752990723e+00, 2.6694995117187500e+02,
    2.8683684766292572e-02, 5047040, -1, 1.0330590057373047e+02,
    6.6329170227050781e+01, 5.5551180839538574e+00,
    2.8299798583984375e+02, 2.9581848531961441e-02, 14811648, -1,
    1.0330590057373047e+02, 6.6329170227050781e+01,
    5.5551180839538574e+00, 7.7640136718750000e+01,
    2.9581848531961441e-02, 14811648, -1, 8.8866371154785156e+01,
    6.8360137939453125e+01, 6.7051277160644531e+00,
    2.6384478759765625e+02, 4.0607806295156479e-02, 11731712, -1,
    8.8866371154785156e+01, 6.8360137939453125e+01,
    6.7051277160644531e+00, 2.4466461181640625e+02,
    4.0607806295156479e-02, 11731712, -1, 6.3829223632812500e+01,
    8.2178062438964844e+01, 6.9499983787536621e+00,
    2.4899960327148438e+02, 4.7722671180963516e-02, 14287616, -1,
    6.3829223632812500e+01, 8.2178062438964844e+01,
    6.9499983787536621e+00, 2.1111332702636719e+02,
    4.7722671180963516e-02, 14287616, -1, 1.0773741149902344e+02,
    8.2132797241210938e+01, 6.1482200622558594e+00,
    2.6816549682617188e+02, 4.3041206896305084e-02, 5440256, -1,
    4.3061927795410156e+01, 8.3873237609863281e+01,
    6.2636809349060059e+00, 3.3992156982421875e+02,
    4.3233841657638550e-02, 6816512, -1, 2.0050581359863281e+02,
    9.2141227722167969e+01, 6.5304656028747559e+00,
    2.3656530761718750e+02, 2.7069963514804840e-02, 9831168, -1,
    4.3078205108642578e+01, 9.5844314575195312e+01,
    6.5981798171997070e+00, 2.9017660522460938e+02,
    3.4571103751659393e-02, 10552064, -1, 3.2895534515380859e+01,
    1.0057478332519531e+02, 6.3253164291381836e+00,
