%YAML:1.0
tag: [ 1.6418838500976562e+02, 1.8245826721191406e+02,
    3.3885600566864014e+00, 2.3804495239257812e+02,
    9.6567228436470032e-02, 12518399, -1, 8.7133796691894531e+01,
    9.4955200195312500e+01, 6.6564316749572754e+00,
    2.4601487731933594e+02, 9.1279126703739166e-02, 11207424, -1,
    1.7557180786132812e+02, 3.2655849456787109e+01,
    6.4325418472290039e+00, 3.3829040527343750e+01,
    9.2704273760318756e-02, 8717056, -1, 1.7557180786132812e+02,
    3.2655849456787109e+01, 6.4325418472290039e+00,
    1.9121148681640625e+02, 9.2704273760318756e-02, 8717056, -1,
    1.5817512512207031e+02, 2.8177268981933594e+01,
    6.8210101127624512e+00, 3.3908935546875000e+01,
    9.2907816171646118e-02, 12976896, -1, 1.5817512512207031e+02,
    2.8177268981933594e+01, 6.8210101127624512e+00,
    1.9667062377929688e+02, 9.2907816171646118e-02, 12976896, -1,
    1.6991271972656250e+02, 1.5916110229492188e+02,
    4.9222331047058105e+00, 4.5263305664062500e+01,
    9.3217618763446808e-02, 6095360, -1, 1.6991271972656250e+02,
    1.5916110229492188e+02, 4.9222331047058105e+00,
    2.3316677856445312e+02, 9.3217618763446808e-02, 6095360, -1,
    8.2688758850097656e+01, 1.5672048950195312e+02,
    4.7066454887390137e+00, 1.4172166442871094e+02,
    9.6925981342792511e-02, 2818560, -1, 8.2688758850097656e+01,
    1.5672048950195312e+02, 4.7066454887390137e+00,
    3.1080401611328125e+02, 9.6925981342792511e-02, 2818560, -1,
    4.7262729644775391e+01, 9.3112037658691406e+01,
    4.7030558586120605e+00, 2.1527038574218750e+01,
    9.1317236423492432e-02, 2753024, -1, 4.7262729644775391e+01,
    9.3112037658691406e+01, 4.7030558586120605e+00,
    2.3076112365722656e+02, 9.1317236423492432e-02, 2753024, -1,
    1.3929258728027344e+02, 7.4402030944824219e+01,
    4.9861207008361816e+00, 7.6425445556640625e+01,
    9.9978260695934296e-02, 7012864, -1, 1.3929258728027344e+02,
    7.4402030944824219e+01, 4.9861207008361816e+00,
    1.9358406066894531e+02, 9.9978260695934296e-02, 7012864, -1,
    1.1817584228515625e+02, 7.4031333923339844e+01,
    5.1898322105407715e+00, 1.0751716613769531e+02,
    9.9361993372440338e-02, 9896448, -1, 1.6260543823242188e+02,
    3.9597396850585938e+01, 5.9007573127746582e+00,
    3.5499206542968750e+01, 9.3896917998790741e-02, 2491136, -1,
    1.6260543823242188e+02, 3.9597396850585938e+01,
    5.9007573127746582e+00, 1.9560362243652344e+02,
    9.3896917998790741e-02, 2491136, -1, 1.1253738403320312e+02,
    1.9058969116210938e+02, 3.8084118366241455e+00,
    1.1232873535156250e+02, 9.3819908797740936e-02, 4260096, -1,
    1.1253738403320312e+02, 1.9058969116210938e+02,
    3.8084118366241455e+00, 2.7707000732421875e+02,
    9.3819908797740936e-02, 4260096, -1, 1.6896643066406250e+02,
    1.9042829895019531e+02, 3.6609742641448975e+00,
    7.0364166259765625e+01, 9.2249520123004913e-02, 1376512, -1,
    1.6896643066406250e+02, 1.9042829895019531e+02,
    3.6609742641448975e+00, 2.3412925720214844e+02,
    9.2249520123004913e-02, 1376512, -1, 5.9416748046875000e+01,
    1.7519653320312500e+02, 4.1051712036132812e+00,
    1.3404031372070312e+02, 9.1155171394348145e-02, 9634048, -1,
    5.9416748046875000e+01, 1.7519653320312500e+02,
    4.1051712036132812e+00, 2.9862753295898438e+02,
    9.1155171394348145e-02, 9634048, -1, 1.4019563293457031e+02,
    1.6781500244140625e+02, 3.7128949165344238e+00,
    1.6880644226074219e+02, 1.0033890604972839e-01, 2425088, -1,
    1.1178603363037109e+02, 1.6710008239746094e+02,
    3.6185138225555420e+00, 1.3193939208984375e+01,
    1.0875722765922546e-01, 524544, -1, 7.1612243652343750e+01,
    1.6352951049804688e+02, 4.2050147056579590e+00,
    1.4621670532226562e+02, 9.1182425618171692e-02, 11403520, -1,
    7.1612243652343750e+01, 1.6352951049804688e+02,
    4.2050147056579590e+00, 3.1164651489257812e+02,
    9.1182425618171692e-02, 11403520, -1, 1.3562059020996094e+02,
    1.1879724121093750e+02, 4.3697133064270020e+00,
    1.3002128601074219e+02, 9.1699413955211639e-02, 14156032, -1,
    1.3562059020996094e+02, 1.1879724121093750e+02,
    4.3697133064270020e+00, 2.3385765075683594e+02,
    9.1699413955211639e-02, 14156032, -1, 1.9026518249511719e+02,
    1.1728625488281250e+02, 3.6939113140106201e+00,
    2.8396142578125000e+02, 1.0294659435749054e-01, 2031872, -1,
    6.4672279357910156e+01, 1.1386132049560547e+02,
    3.5983483791351318e+00, 1.2553042602539062e+02,
    1.0387833416461945e-01, 131328, -1, 6.4672279357910156e+01,
    1.1386132049560547e+02, 3.5983483791351318e+00,
    2.6246282958984375e+02, 1.0387833416461945e-01, 131328, -1,
    1.9077169799804688e+02, 1.0790303802490234e+02,
    3.6931481361389160e+00, 3.3353424072265625e+01,
    9.2977203428745270e-02, 2031872, -1, 1.3252880859375000e+02,
    9.9615325927734375e+01, 4.2193522453308105e+00,
    8.4751861572265625e+01, 1.0059221833944321e-01, 11665664, -1,
    1.2294149780273438e+02, 9.8860084533691406e+01,
    3.9754333496093750e+00, 8.5609436035156250e+01,
    9.8526947200298309e-02, 7340288, -1, 1.2294149780273438e+02,
    9.8860084533691406e+01, 3.9754333496093750e+00,
    3.2238217163085938e+02, 9.8526947200298309e-02, 7340288, -1,
    9.4087722778320312e+01, 9.1742340087890625e+01,
    3.6748929023742676e+00, 9.3708618164062500e+01,
    9.1963775455951691e-02, 1638656, -1, 9.4087722778320312e+01,
    9.1742340087890625e+01, 3.6748929023742676e+00,
    2.2965254211425781e+02, 9.1963775455951691e-02, 1638656, -1,
    2.1126805114746094e+02, 8.8127174377441406e+01,
    3.7360970973968506e+00, 8.6521911621093750e+00,
    9.5064379274845123e-02, 2818304, -1, 2.1126805114746094e+02,
    8.8127174377441406e+01, 3.7360970973968506e+00,
    1.6773551940917969e+02, 9.5064379274845123e-02, 2818304, -1,
    4.4827598571777344e+01, 8.7014251708984375e+01,
    4.0599527359008789e+00, 2.9982238769531250e+01,
    9.2513896524906158e-02, 8847616, -1, 4.4827598571777344e+01,
    8.7014251708984375e+01, 4.0599527359008789e+00,
    2.2737872314453125e+02, 9.2513896524906158e-02, 8847616, -1,
    7.7426811218261719e+01, 8.5121986389160156e+01,
    4.5243201255798340e+00, 1.9017303466796875e+01,
    9.1888338327407837e-02, 16711936, -1, 7.7426811218261719e+01,
    8.5121986389160156e+01, 4.5243201255798340e+00,
    1.4893847656250000e+02, 9.1888338327407837e-02, 16711936, -1,
    1.2861453247070312e+02, 7.9057357788085938e+01,
    3.8216190338134766e+00, 2.6869055175781250e+02,
    1.0778400301933289e-01, 4456704, -1, 3.5389999389648438e+01,
    7.8235481262207031e+01, 3.8056061267852783e+00,
    4.7817565917968750e+01, 9.3862988054752350e-02, 4194560, -1,
    3.5389999389648438e+01, 7.8235481262207031e+01,
    3.8056061267852783e+00, 2.0106657409667969e+02,
    9.3862988054752350e-02, 4194560, -1, 6.7755325317382812e+01,
    4.6974758148193359e+01, 3.6861343383789062e+00,
    1.2616400146484375e+02, 9.6687912940979004e-02, 1900800, -1,
    6.7755325317382812e+01, 4.6974758148193359e+01,
    3.6861343383789062e+00, 3.0493682861328125e+02,
    9.6687912940979004e-02, 1900800, -1, 6.7755325317382812e+01,
    4.6974758148193359e+01, 3.6861343383789062e+00,
    3.2313613891601562e+02, 9.6687912940979004e-02, 1900800, -1,
    9.5834938049316406e+01, 1.6217100524902344e+02,
    2.8160626888275146e+00, 3.0838775634765625e+01,
    9.7497254610061646e-02, 15794943, -1, 1.7620423889160156e+02,
    9.6766891479492188e+01, 1.0306926727294922e+01,
    6.3968688964843750e+01, 9.2596866190433502e-02, 9372161, -1,
    7.9787353515625000e+01, 9.4313713073730469e+01,
    1.0412364006042480e+01, 1.1843927001953125e+02,
    9.2836976051330566e-02, 10158593, -1, 7.9787353515625000e+01,
    9.4313713073730469e+01, 1.0412364006042480e+01,
    2.4338973999023438e+02, 9.2836976051330566e-02, 10158593, -1,
    1.4802073669433594e+02, 8.2502876281738281e+01,
    9.5414295196533203e+00, 1.0721528625488281e+02,
    9.5962859690189362e-02, 3801601, -1, 1.0933170318603516e+02,
    8.1765502929687500e+01, 9.4554738998413086e+00,
