%YAML:1.0
tag: [ 2.7100982666015625e+02, 2.3289083862304688e+02,
    5.0543041229248047e+00, 3.0028131103515625e+02,
    8.8028728961944580e-02, 7995904, -1, 1.8600781250000000e+02,
    9.4399047851562500e+01, 9.1308898925781250e+00,
    2.6828332519531250e+02, 7.3917247354984283e-02, 655873, -1,
    2.7258358764648438e+02, 8.8526512145996094e+01,
    9.7356710433959961e+00, 3.3656961059570312e+02,
    6.0897849500179291e-02, 5243393, -1, 1.9227847290039062e+02,
    2.1973371887207031e+02, 2.5620634078979492e+01,
    1.1133850097656250e+01, 5.9305813163518906e-02, 8389378, -1,
    1.9227847290039062e+02, 2.1973371887207031e+02,
    2.5620634078979492e+01, 1.7178544616699219e+02,
    5.9305813163518906e-02, 8389378, -1, 1.9227847290039062e+02,
    2.1973371887207031e+02, 2.5620634078979492e+01,
    2.0148448181152344e+02, 5.9305813163518906e-02, 8389378, -1,
    1.9227847290039062e+02, 2.1973371887207031e+02,
    2.5620634078979492e+01, 3.4323275756835938e+02,
    5.9305813163518906e-02, 8389378, -1, 2.5760046386718750e+02,
    8.8072097778320312e+01, 1.1043066978454590e+01,
    1.2026251220703125e+02, 6.9161519408226013e-02, 14418433, -1,
    2.5760046386718750e+02, 8.8072097778320312e+01,
    1.1043066978454590e+01, 2.6287921142578125e+02,
    6.9161519408226013e-02, 14418433, -1, 2.5760046386718750e+02,
    8.8072097778320312e+01, 1.1043066978454590e+01,
    3.3780764770507812e+02, 6.9161519408226013e-02, 14418433, -1,
    1.2468814086914062e+02, 8.2823196411132812e+01,
    8.6892213821411133e+00, 1.2016990661621094e+02,
    6.5490804612636566e-02, 13762817, -1, 1.2468814086914062e+02,
    8.2823196411132812e+01, 8.6892213821411133e+00,
    2.6760034179687500e+02, 6.5490804612636566e-02, 13762817, -1,
    1.5543383789062500e+02, 7.6405990600585938e+01,
    1.0680081367492676e+01, 2.8709368896484375e+02,
    6.2605030834674835e-02, 11993601, -1, 2.5011425781250000e+02,
    7.5061012268066406e+01, 9.4767646789550781e+00,
    2.6537045288085938e+02, 5.8448396623134613e-02, 3342849, -1,
    2.2839172363281250e+02, 1.1697429656982422e+02,
    2.5317924022674561e+00, 2.0631481933593750e+02,
    7.1558170020580292e-02, 8127231, -1, 2.2839172363281250e+02,
    1.1697429656982422e+02, 2.5317924022674561e+00,
    8.5111022949218750e+01, 7.1558170020580292e-02, 8127231, -1,
    2.1997969055175781e+02, 7.4052070617675781e+01,
    1.0163954734802246e+01, 1.0058734130859375e+02,
    6.6248796880245209e-02, 8389121, -1, 2.1997969055175781e+02,
    7.4052070617675781e+01, 1.0163954734802246e+01,
    2.5441635131835938e+02, 6.6248796880245209e-02, 8389121, -1,
    2.1997969055175781e+02, 7.4052070617675781e+01,
    1.0163954734802246e+01, 3.1659826660156250e+02,
    6.6248796880245209e-02, 8389121, -1, 1.2516880798339844e+02,
    6.7925170898437500e+01, 1.0392952919006348e+01,
    1.1738250732421875e+02, 6.4151138067245483e-02, 10027521, -1,
    2.6150177001953125e+02, 1.4939802551269531e+02,
    2.4137973785400391e+00, 1.1490232849121094e+02,
    6.8758390843868256e-02, 4653823, -1, 2.6150177001953125e+02,
    1.4939802551269531e+02, 2.4137973785400391e+00,
    2.2971649169921875e+01, 6.8758390843868256e-02, 4653823, -1,
    2.5468394470214844e+02, 1.8857098388671875e+02,
    2.0788534164428711e+01, 3.1259103393554688e+02,
    5.8492537587881088e-02, 10027522, -1, 1.6485380554199219e+02,
    1.4995025634765625e+02, 2.6269793510437012e+00,
    3.0186798095703125e+01, 6.1922207474708557e-02, 10814207, -1,
    1.4894567871093750e+02, 1.5049119567871094e+02,
    2.6921079158782959e+00, 2.3749070739746094e+02,
    6.2844432890415192e-02, 12583679, -1, 1.4894567871093750e+02,
    1.5049119567871094e+02, 2.6921079158782959e+00,
    3.9877563476562500e+01, 6.2844432890415192e-02, 12583679, -1,
    2.1177882385253906e+02, 1.5056253051757812e+02,
    2.0923790931701660e+00, 2.7433352661132812e+02,
    7.6643496751785278e-02, 11076095, -1, 2.1177882385253906e+02,
    1.5056253051757812e+02, 2.0923790931701660e+00,
    1.6012234497070312e+02, 7.6643496751785278e-02, 11076095, -1,
    2.2276913452148438e+02, 1.5083515930175781e+02,
    2.5106854438781738e+00, 3.3634399414062500e+02,
    7.3167927563190460e-02, 7537407, -1, 2.2276913452148438e+02,
    1.5083515930175781e+02, 2.5106854438781738e+00,
    1.5004647827148438e+02, 7.3167927563190460e-02, 7537407, -1,
    1.5979011535644531e+02, 1.5145837402343750e+02,
    2.0885274410247803e+00, 2.0322749328613281e+02,
    7.3613986372947693e-02, 10945023, -1, 1.5979011535644531e+02,
    1.5145837402343750e+02, 2.0885274410247803e+00,
    3.6929748535156250e+01, 7.3613986372947693e-02, 10945023, -1,
    1.5503236389160156e+02, 1.5308755493164062e+02,
    2.5513479709625244e+00, 2.9677459716796875e+01,
    6.4415425062179565e-02, 8651519, -1, 2.4000065612792969e+02,
    1.5312788391113281e+02, 2.5217559337615967e+00,
    3.1046426391601562e+02, 6.3022799789905548e-02, 7865087, -1,
    2.2459875488281250e+02, 1.5455899047851562e+02,
    2.7753686904907227e+00, 3.4009216308593750e+02,
    7.3909424245357513e-02, 14746367, -1, 2.2459875488281250e+02,
    1.5455899047851562e+02, 2.7753686904907227e+00,
    1.5822434997558594e+02, 7.3909424245357513e-02, 14746367, -1,
    1.3025451660156250e+02, 1.8880998229980469e+02,
    2.2946102142333984e+01, 1.2425811767578125e+01,
    6.0340199619531631e-02, 459522, -1, 1.2516880798339844e+02,
    6.7925170898437500e+01, 1.0392952919006348e+01,
    3.4308377075195312e+02, 6.4151138067245483e-02, 10027521, -1,
    2.1173728942871094e+02, 6.2391731262207031e+01,
    9.7123126983642578e+00, 2.5460958862304688e+02,
    5.8349598199129105e-02, 5112321, -1, 2.5415467834472656e+02,
    1.2932498168945312e+02, 2.2099584579467773e+01,
    6.7084777832031250e+01, 6.8275451660156250e-02, 14418434, -1,
    1.8726559448242188e+02, 6.2381679534912109e+01,
    9.7374143600463867e+00, 3.5926736450195312e+02,
    6.1759877949953079e-02, 5308929, -1, 2.5415467834472656e+02,
    1.2932498168945312e+02, 2.2099584579467773e+01,
    3.0942849731445312e+02, 6.8275451660156250e-02, 14418434, -1,
    1.3506578063964844e+02, 1.2672899627685547e+02,
    2.1110633850097656e+01, 3.2723754882812500e+01,
    6.6789872944355011e-02, 11141634, -1, 1.3506578063964844e+02,
    1.2672899627685547e+02, 2.1110633850097656e+01,
    1.1624810791015625e+02, 6.6789872944355011e-02, 11141634, -1,
    3.1536782836914062e+02, 1.1068288421630859e+02,
    2.0059560775756836e+01, 7.1087402343750000e+01,
    6.2330834567546844e-02, 7406082, -1, 3.1536782836914062e+02,
    1.1068288421630859e+02, 2.0059560775756836e+01,
    2.2267283630371094e+02, 6.2330834567546844e-02, 7406082, -1,
    2.4631927490234375e+02, 6.0497299194335938e+01,
    1.0502215385437012e+01, 3.4839477539062500e+01,
    7.8901551663875580e-02, 10748417, -1, 1.3301753234863281e+02,
    3.4473175048828125e+02, 1.4816512107849121e+01,
    2.5584243774414062e+02, 5.9485126286745071e-02, 2228482, -1,
    1.6141723632812500e+02, 3.3642904663085938e+02,
    1.7619491577148438e+01, 2.4960263061523438e+02,
    6.7293606698513031e-02, 14745858, -1, 8.4621528625488281e+01,
    2.8440988159179688e+02, 1.5783380508422852e+01,
    2.9547698974609375e+01, 6.8672478199005127e-02, 6816002, -1,
    8.4621528625488281e+01, 2.8440988159179688e+02,
    1.5783380508422852e+01, 1.6577247619628906e+02,
    6.8672478199005127e-02, 6816002, -1, 8.4621528625488281e+01,
    2.8440988159179688e+02, 1.5783380508422852e+01,
    1.9657675170898438e+02, 6.8672478199005127e-02, 6816002, -1,
    8.4621528625488281e+01, 2.8440988159179688e+02,
    1.5783380508422852e+01, 2.3191279602050781e+02,
    6.8672478199005127e-02, 6816002, -1, 8.4621528625488281e+01,
    2.8440988159179688e+02, 1.5783380508422852e+01,
    2.6149691772460938e+02, 6.8672478199005127e-02, 6816002, -1,
    8.4621528625488281e+01, 2.8440988159179688e+02,
    1.5783380508422852e+01, 2.8586434936523438e+02,
    6.8672478199005127e-02, 6816002, -1, 1.3481504821777344e+02,
    2.5220591735839844e+02, 1.4652537345886230e+01,
