%YAML:1.0
tag: [ 5.4478656005859375e+02, 4.5411666870117188e+02,
    3.8982415199279785e+00, 2.6869699096679688e+02,
    1.7677336931228638e-02, 5898496, -1, 5.2821099853515625e+02,
    4.5718627929687500e+02, 4.2543883323669434e+00,
    2.4743438720703125e+02, 1.9376346841454506e-02, 12255488, -1,
    5.3145733642578125e+02, 4.6243325805664062e+02,
    4.0540499687194824e+00, 1.5949636840820312e+02,
    1.4773780480027199e-02, 8782080, -1, 5.3145733642578125e+02,
    4.6243325805664062e+02, 4.0540499687194824e+00,
    1.0398974609375000e+02, 1.4773780480027199e-02, 8782080, -1,
    5.6434729003906250e+02, 4.7286264038085938e+02,
    3.7449848651885986e+00, 2.6665954589843750e+00,
    1.4859581366181374e-02, 3014912, -1, 5.6434729003906250e+02,
    4.7286264038085938e+02, 3.7449848651885986e+00,
    1.4236915588378906e+02, 1.4859581366181374e-02, 3014912, -1,
    4.7404251098632812e+02, 6.4890708923339844e+01,
    5.0909366607666016e+00, 3.1003698730468750e+02,
    1.3863793574273586e-02, 8520192, -1, 5.6762542724609375e+02,
    4.5453588867187500e+02, 5.2082114219665527e+00,
    3.2610165405273438e+02, 1.7362488433718681e-02, 10158592, -1,
    5.6762542724609375e+02, 4.5453588867187500e+02,
    5.2082114219665527e+00, 1.9410560607910156e+02,
    1.7362488433718681e-02, 10158592, -1, 5.7126940917968750e+02,
    4.7281655883789062e+02, 5.4130048751831055e+00,
    2.5774169921875000e+01, 1.9512848928570747e-02, 12976640, -1,
    5.5918597412109375e+02, 4.7581515502929688e+02,
    4.9506669044494629e+00, 1.5808473205566406e+02,
    2.1255420520901680e-02, 6488576, -1, 3.4291546630859375e+02,
    1.6133117675781250e+02, 6.8395266532897949e+00,
    3.2511062622070312e+02, 1.5910077840089798e-02, 13173504, -1,
    3.4291546630859375e+02, 1.6133117675781250e+02,
    6.8395266532897949e+00, 1.5733901977539062e+02,
    1.5910077840089798e-02, 13173504, -1, 3.5374792480468750e+02,
    1.6142886352539062e+02, 6.2956757545471191e+00,
    3.2902301025390625e+02, 2.1616058424115181e-02, 7144192, -1,
    3.5374792480468750e+02, 1.6142886352539062e+02,
    6.2956757545471191e+00, 1.3138146972656250e+02,
    2.1616058424115181e-02, 7144192, -1, 4.9728164672851562e+02,
    3.9007879638671875e+02, 6.4800791740417480e+00,
    2.7782861328125000e+02, 1.4510950073599815e-02, 9241344, -1,
    1.6459980773925781e+02, 4.4775952148437500e+02,
    5.9025282859802246e+00, 2.4632214355468750e+02,
    1.4118831604719162e-02, 2491136, -1, 5.4031848144531250e+02,
    4.7731927490234375e+02, 6.1301331520080566e+00,
    1.6458666992187500e+02, 2.1850895136594772e-02, 5243648, -1,
    3.7331286621093750e+02, 1.4688055419921875e+02,
    7.5952262878417969e+00, 2.7519241333007812e+02,
    1.6257341951131821e-02, 3997953, -1, 3.3600750732421875e+02,
    1.8557881164550781e+02, 7.9592509269714355e+00,
    2.6879528808593750e+02, 2.7633123099803925e-02, 7405825, -1,
    2.5050241088867188e+02, 1.9674899291992188e+02,
    7.2705621719360352e+00, 2.5452770996093750e+02,
    2.7088789269328117e-02, 852225, -1, 2.5050241088867188e+02,
    1.9674899291992188e+02, 7.2705621719360352e+00,
    5.0380920410156250e+01, 2.7088789269328117e-02, 852225, -1,
    2.5050241088867188e+02, 1.9674899291992188e+02,
    7.2705621719360352e+00, 2.0536315917968750e+01,
    2.7088789269328117e-02, 852225, -1, 3.1972012329101562e+02,
    2.0916383361816406e+02, 7.6136093139648438e+00,
    7.7056121826171875e+01, 1.6423489898443222e-02, 4194561, -1,
    2.5019741821289062e+02, 2.6514044189453125e+02,
    8.6931695938110352e+00, 3.3073825073242188e+02,
    2.2907011210918427e-02, 13762817, -1, 5.0345355224609375e+02,
    3.4211148071289062e+02, 7.5290842056274414e+00,
    1.5673979187011719e+02, 1.9092936068773270e-02, 3408129, -1,
    5.0345355224609375e+02, 3.4211148071289062e+02,
    7.5290842056274414e+00, 9.7452362060546875e+01,
    1.9092936068773270e-02, 3408129, -1, 1.4127157592773438e+02,
    4.0187649536132812e+02, 7.6847586631774902e+00,
    6.8469116210937500e+01, 1.9268935546278954e-02, 4849921, -1,
    1.9918603515625000e+02, 4.0846337890625000e+02,
    9.7228269577026367e+00, 2.1104330444335938e+02,
    1.9097927957773209e-02, 5177857, -1, 1.9918603515625000e+02,
    4.0846337890625000e+02, 9.7228269577026367e+00,
    1.5274324035644531e+02, 1.9097927957773209e-02, 5177857, -1,
    5.5761859130859375e+02, 4.5465838623046875e+02,
    7.5247583389282227e+00, 2.9142864990234375e+02,
    2.2537391632795334e-02, 3342593, -1, 5.5761859130859375e+02,
    4.5465838623046875e+02, 7.5247583389282227e+00,
    2.7313034057617188e+02, 2.2537391632795334e-02, 3342593, -1,
    5.3631750488281250e+02, 4.5775549316406250e+02,
    8.6425580978393555e+00, 2.5926062011718750e+02,
    2.0406413823366165e-02, 13369601, -1, 5.3631750488281250e+02,
    4.5775549316406250e+02, 8.6425580978393555e+00,
    1.4966177368164062e+02, 2.0406413823366165e-02, 13369601, -1,
    5.4781610107421875e+02, 4.6409909057617188e+02,
    8.1295194625854492e+00, 1.6149629211425781e+02,
    1.8731456249952316e-02, 8978689, -1, 2.2173706054687500e+02,
    4.7933865356445312e+02, 8.1404495239257812e+00,
    2.0218629455566406e+02, 2.0786447450518608e-02, 9044225, -1,
    2.2173706054687500e+02, 4.7933865356445312e+02,
    8.1404495239257812e+00, 2.5209533691406250e+01,
    2.0786447450518608e-02, 9044225, -1, 1.8643203735351562e+02,
    4.9195471191406250e+02, 7.8652696609497070e+00,
    1.9214866638183594e+02, 1.7608910799026489e-02, 6553857, -1,
    1.8643203735351562e+02, 4.9195471191406250e+02,
    7.8652696609497070e+00, 1.2572395324707031e+02,
    1.7608910799026489e-02, 6553857, -1, 3.2958557128906250e+02,
    1.9759020996093750e+02, 9.6674642562866211e+00,
    8.1123474121093750e+01, 2.1371046081185341e-02, 4784641, -1,
    2.6164205932617188e+02, 2.0680511474609375e+02,
    9.9627714157104492e+00, 8.2032257080078125e+01,
    2.0797124132514000e-02, 6947329, -1, 3.3449078369140625e+02,
    2.9254061889648438e+02, 1.0868908882141113e+01,
    1.3259786987304688e+02, 1.8881136551499367e-02, 13238785, -1,
    3.3449078369140625e+02, 2.9254061889648438e+02,
    1.0868908882141113e+01, 7.5878692626953125e+01,
    1.8881136551499367e-02, 13238785, -1, 5.1857391357421875e+02,
    3.2482675170898438e+02, 1.0865431785583496e+01,
    2.9051184082031250e+02, 2.9398581013083458e-02, 13238785, -1,
    5.1857391357421875e+02, 3.2482675170898438e+02,
    1.0865431785583496e+01, 9.6668426513671875e+01,
    2.9398581013083458e-02, 13238785, -1, 1.6559518432617188e+02,
    3.7158731079101562e+02, 1.0671847343444824e+01,
    3.6955322265625000e+01, 1.5733500942587852e-02, 11928065, -1,
    5.1005056762695312e+02, 3.9306088256835938e+02,
    9.6710691452026367e+00, 3.0197534179687500e+02,
    2.3714903742074966e-02, 4784641, -1, 4.9776464843750000e+02,
    4.2412670898437500e+02, 9.2201900482177734e+00,
    3.4186166381835938e+02, 2.2591525688767433e-02, 1311233, -1,
    4.9776464843750000e+02, 4.2412670898437500e+02,
    9.2201900482177734e+00, 7.6226226806640625e+01,
    2.2591525688767433e-02, 1311233, -1, 1.5268115234375000e+02,
    4.5538891601562500e+02, 1.0545372009277344e+01,
    2.2674212646484375e+02, 2.5876661762595177e-02, 11076097, -1,
    1.5268115234375000e+02, 4.5538891601562500e+02,
    1.0545372009277344e+01, 6.7112365722656250e+01,
    2.5876661762595177e-02, 11076097, -1, 1.7757113647460938e+02,
    4.8115048217773438e+02, 9.8532438278198242e+00,
    1.7788796997070312e+02, 2.2869087755680084e-02, 6160897, -1,
    1.7757113647460938e+02, 4.8115048217773438e+02,
    9.8532438278198242e+00, 8.0581909179687500e+01,
    2.2869087755680084e-02, 6160897, -1, 2.6599966430664062e+02,
    3.3759002685546875e+01, 1.1824409484863281e+01,
    1.3598782348632812e+02, 2.6746472343802452e-02, 2622209, -1,
    2.6599966430664062e+02, 3.3759002685546875e+01,
    1.1824409484863281e+01, 2.8373596191406250e+01,
    2.6746472343802452e-02, 2622209, -1, 2.8648745727539062e+02,
    3.7496952056884766e+01, 1.3213620185852051e+01,
