%YAML:1.0
tag: [ 1.8140649414062500e+02, 1.1229203796386719e+02,
    1.8537450790405273e+01, 5.9806854248046875e+01,
    4.4922761619091034e-02, 1704450, -1, 2.9728195190429688e+01,
    6.2427276611328125e+01, 1.4715777397155762e+01,
    2.0884381103515625e+02, 3.2849054783582687e-02, 1704194, -1,
    2.5775964736938477e+01, 9.2374389648437500e+01,
    1.3906274795532227e+01, 1.5394462585449219e+02,
    3.6661799997091293e-02, 14353153, -1, 1.1915343475341797e+02,
    1.3136163330078125e+02, 1.0887702941894531e+01,
    8.9059967041015625e+01, 4.1374709457159042e-02, 13369857, -1,
    8.9337142944335938e+01, 1.2984306335449219e+02,
    1.0425399780273438e+01, 9.7987487792968750e+01,
    4.0209844708442688e-02, 10224129, -1, 1.0781905364990234e+02,
    1.0515008544921875e+02, 9.7435522079467773e+00,
    3.5901519775390625e+01, 3.4696333110332489e-02, 5308929, -1,
    1.0781905364990234e+02, 1.0515008544921875e+02,
    9.7435522079467773e+00, 1.9849740600585938e+02,
    3.4696333110332489e-02, 5308929, -1, 1.9127330017089844e+02,
    8.7273216247558594e+01, 9.2389774322509766e+00,
    2.0625543212890625e+02, 3.2250370830297470e-02, 1507841, -1,
    1.9127330017089844e+02, 8.7273216247558594e+01,
    9.2389774322509766e+00, 2.7879364013671875e+02,
    3.2250370830297470e-02, 1507841, -1, 4.8885414123535156e+01,
    8.7129508972167969e+01, 1.0232726097106934e+01,
    8.6604034423828125e+01, 3.0449327081441879e-02, 8847873, -1,
    4.8885414123535156e+01, 8.7129508972167969e+01,
    1.0232726097106934e+01, 3.5949218750000000e+02,
    3.0449327081441879e-02, 8847873, -1, 1.5530876159667969e+02,
    8.6157257080078125e+01, 1.0164797782897949e+01,
    3.3148205566406250e+02, 5.5401869118213654e-02, 8389121, -1,
    1.3060874938964844e+02, 1.2450514984130859e+02,
    7.6299362182617188e+00, 3.4167327880859375e+02,
    4.4169511646032333e-02, 4391169, -1, 1.0390769958496094e+02,
    1.2459168243408203e+02, 7.4484529495239258e+00,
    2.3112396240234375e+02, 4.3891862034797668e-02, 2621697, -1,
    1.5619268798828125e+02, 1.2005149078369141e+02,
    7.9406447410583496e+00, 3.1818804931640625e+02,
    4.1218787431716919e-02, 7274753, -1, 8.1387763977050781e+01,
    1.1924269104003906e+02, 7.2757439613342285e+00,
    2.4817004394531250e+02, 3.7426222115755081e-02, 917761, -1,
    8.7481239318847656e+01, 7.4691528320312500e+01,
    8.0646982192993164e+00, 2.4972540283203125e+02,
    4.6753071248531342e-02, 8388865, -1, 1.4202142333984375e+02,
    3.8488265991210938e+01, 2.2553226947784424e+00,
    2.6972497558593750e+02, 3.2399062067270279e-02, 16450047, -1,
    1.6327182006835938e+02, 6.4543617248535156e+01,
    8.8156690597534180e+00, 7.8426452636718750e+01,
    5.1489077508449554e-02, 14811393, -1, 8.4972679138183594e+01,
    3.9537166595458984e+01, 1.9524955749511719e+00,
    3.0229061889648438e+02, 3.6611333489418030e-02, 6029823, -1,
    8.4972679138183594e+01, 3.9537166595458984e+01,
    1.9524955749511719e+00, 1.4767219543457031e+02,
    3.6611333489418030e-02, 6029823, -1, 1.6327182006835938e+02,
    6.4543617248535156e+01, 8.8156690597534180e+00,
    2.9888995361328125e+02, 5.1489077508449554e-02, 14811393, -1,
    1.9504125976562500e+02, 4.0069828033447266e+01,
    1.9728145599365234e+00, 2.9636425781250000e+02,
    2.5759929791092873e-02, 6816255, -1, 1.9599232482910156e+02,
    6.3093723297119141e+01, 7.5085024833679199e+00,
    6.0189636230468750e+01, 3.4960269927978516e-02, 3211521, -1,
    9.6677711486816406e+01, 3.2194961547851562e+01,
    7.9752688407897949e+00, 2.6006530761718750e+02,
    4.7365937381982803e-02, 7536897, -1, 2.0597505187988281e+02,
    4.3541625976562500e+01, 1.8784821033477783e+00,
    3.0612515258789062e+02, 2.6134384796023369e-02, 3277311, -1,
    1.1030657958984375e+02, 1.3194126892089844e+02,
    6.4143309593200684e+00, 9.3241241455078125e+01,
    3.8187891244888306e-02, 8520448, -1, 2.0423219299316406e+02,
    4.5448184967041016e+01, 2.0254571437835693e+00,
    3.0322457885742188e+02, 2.7000283822417259e-02, 8716799, -1,
    1.1030657958984375e+02, 1.3194126892089844e+02,
    6.4143309593200684e+00, 2.3664765930175781e+02,
    3.8187891244888306e-02, 8520448, -1, 2.1166035461425781e+02,
    4.7109024047851562e+01, 2.0652718544006348e+00,
    3.0545916748046875e+02, 3.2061126083135605e-02, 10093055, -1,
    2.1379731750488281e+02, 4.8952304840087891e+01,
    1.9089212417602539e+00, 3.0932049560546875e+02,
    3.0455159023404121e-02, 4391423, -1, 2.1682255554199219e+02,
    5.1336040496826172e+01, 2.1190297603607178e+00,
    3.0885751342773438e+02, 3.5209886729717255e-02, 11993599, -1,
    1.5177413940429688e+02, 1.2887234497070312e+02,
    6.9588255882263184e+00, 7.9938964843750000e+01,
    3.7909287959337234e-02, 14418688, -1, 1.5177413940429688e+02,
    1.2887234497070312e+02, 6.9588255882263184e+00,
    3.1687841796875000e+02, 3.7909287959337234e-02, 14418688, -1,
    1.0246219635009766e+02, 1.2651438903808594e+02,
    6.4466128349304199e+00, 2.3354356384277344e+02,
    4.4188406318426132e-02, 8913664, -1, 1.0246219635009766e+02,
    1.2651438903808594e+02, 6.4466128349304199e+00,
    1.6641540527343750e+00, 4.4188406318426132e-02, 8913664, -1,
    1.3632659912109375e+02, 6.6013496398925781e+01,
    1.9514875411987305e+00, 2.8728543090820312e+02,
    3.4690398722887039e-02, 6029823, -1, 7.1673995971679688e+01,
    6.7333999633789062e+01, 1.9934374094009399e+00,
    2.9727917480468750e+02, 2.6891570538282394e-02, 7537151, -1,
    6.4593620300292969e+01, 1.2491216278076172e+02,
    6.1616091728210449e+00, 1.0709809875488281e+02,
    3.6837656050920486e-02, 5636864, -1, 8.1415748596191406e+01,
    1.1912403869628906e+02, 7.1649575233459473e+00,
    2.5128601074218750e+02, 3.7418670952320099e-02, 16515840, -1,
    4.1832473754882812e+01, 1.1499838256835938e+02,
    6.2621440887451172e+00, 1.1709320068359375e+02,
    3.5582557320594788e-02, 6750976, -1, 1.4060670471191406e+02,
    7.1280418395996094e+01, 1.9956148862838745e+00,
    1.0225860595703125e+01, 3.1603910028934479e-02, 7602687, -1,
    6.5768867492675781e+01, 7.1909408569335938e+01,
    1.8749570846557617e+00, 2.6970193481445312e+02,
    2.8150504454970360e-02, 3146239, -1, 6.5768867492675781e+01,
    7.1909408569335938e+01, 1.8749570846557617e+00,
    1.3810311889648438e+02, 2.8150504454970360e-02, 3146239, -1,
    6.4079269409179688e+01, 7.4021125793457031e+01,
    1.9589207172393799e+00, 2.6837744140625000e+02,
    3.7108741700649261e-02, 6291967, -1, 1.7348419189453125e+02,
    7.4955192565917969e+01, 1.8701938390731812e+00,
    1.6032885742187500e+02, 2.7528276666998863e-02, 2949631, -1,
    2.2918759155273438e+02, 7.4890609741210938e+01,
    2.2390680313110352e+00, 1.7964309692382812e+02,
    3.8085196167230606e-02, 15925759, -1, 2.2918759155273438e+02,
    7.4890609741210938e+01, 2.2390680313110352e+00,
    6.3245239257812500e+00, 3.8085196167230606e-02, 15925759, -1,
    2.9201557159423828e+01, 7.5530967712402344e+01,
    1.9238909482955933e+00, 9.5775390625000000e+01,
    3.1541954725980759e-02, 4981247, -1, 1.0586097717285156e+02,
    7.6659057617187500e+01, 1.9896020889282227e+00,
    3.5265701293945312e+02, 4.3590452522039413e-02, 7406079, -1,
    4.1275287628173828e+01, 7.8577865600585938e+01,
    2.1108903884887695e+00, 1.2382675170898438e+02,
    2.6798831298947334e-02, 11665919, -1, 1.6542903137207031e+02,
    7.9522193908691406e+01, 1.8897148370742798e+00,
    2.8668673706054688e+02, 3.4517932683229446e-02, 3670527, -1,
    1.6281758117675781e+02, 8.1396354675292969e+01,
    2.0792253017425537e+00, 3.0649404907226562e+02,
    3.3281829208135605e-02, 10617343, -1, 1.7384164428710938e+02,
    8.2564651489257812e+01, 1.8965005874633789e+00,
    2.8109222412109375e+02, 3.5094447433948517e-02, 3932671, -1,
    1.0098632049560547e+02, 1.0695421600341797e+02,
    6.4243049621582031e+00, 4.9166351318359375e+01,
    3.2524418085813522e-02, 8651520, -1, 1.0098632049560547e+02,
    1.0695421600341797e+02, 6.4243049621582031e+00,
