%YAML:1.0
tag: [ 4.4569400787353516e+01, 1.0113983917236328e+02,
    1.7969383001327515e+00, 1.4846426391601562e+02,
    1.6864137724041939e-02, 66047, -1, 1.2768488311767578e+02,
    3.2435955047607422e+01, 2.4336869716644287e+00,
    2.2255909729003906e+02, 2.6031473651528358e-02, 5243647, -1,
    1.7179064941406250e+02, 5.1088039398193359e+01,
    2.6445784568786621e+00, 2.1038957214355469e+02,
    2.5452792644500732e-02, 11272959, -1, 1.0647768402099609e+02,
    5.2512325286865234e+01, 2.4478328227996826e+00,
    2.2791189575195312e+02, 5.6479949504137039e-02, 5702399, -1,
    1.0647768402099609e+02, 5.2512325286865234e+01,
    2.4478328227996826e+00, 8.8495300292968750e+01,
    5.6479949504137039e-02, 5702399, -1, 1.5756625366210938e+02,
    5.3088497161865234e+01, 2.4901301860809326e+00,
    6.1213043212890625e+01, 3.1149592250585556e-02, 6947583, -1,
    2.2948312759399414e+01, 6.2679641723632812e+01,
    2.5269997119903564e+00, 3.5661566162109375e+02,
    2.6658430695533752e-02, 7996159, -1, 1.3607676696777344e+02,
    7.0364013671875000e+01, 2.8993861675262451e+00,
    1.2421905517578125e+02, 3.0020875856280327e-02, 1246207, -1,
    9.3782554626464844e+01, 7.6236068725585938e+01,
    2.7040979862213135e+00, 3.2164154052734375e+01,
    4.1623458266258240e-02, 12911359, -1, 4.3313041687011719e+01,
    7.7478088378906250e+01, 2.8149867057800293e+00,
    7.3439208984375000e+01, 2.9565993696451187e-02, 15794943, -1,
    9.6697845458984375e+01, 7.8641700744628906e+01,
    2.0633373260498047e+00, 3.1505493164062500e+01,
    5.0222579389810562e-02, 10027519, -1, 1.6347810363769531e+02,
    8.3568893432617188e+01, 2.7965533733367920e+00,
    1.5723243713378906e+02, 3.8883049041032791e-02, 15336191, -1,
    2.3063846588134766e+01, 8.3836524963378906e+01,
    2.7346503734588623e+00, 2.1697998046875000e+01,
    2.7682978659868240e-02, 13697791, -1, 1.0547253417968750e+02,
    8.6613334655761719e+01, 2.6686475276947021e+00,
    2.7391256713867188e+02, 4.2575854808092117e-02, 11928319, -1,
    1.0547253417968750e+02, 8.6613334655761719e+01,
    2.6686475276947021e+00, 1.1905905151367188e+02,
    4.2575854808092117e-02, 11928319, -1, 1.8485954284667969e+02,
    8.8833244323730469e+01, 2.3091809749603271e+00,
    3.2037597656250000e+02, 3.0366931110620499e-02, 1442559, -1,
    8.9479589462280273e+00, 1.0099771118164062e+02,
    2.6154122352600098e+00, 1.6900570678710938e+02,
    1.7374878749251366e-02, 10486527, -1, 1.9268301391601562e+02,
    1.0280651092529297e+02, 2.0464267730712891e+00,
    3.3709692382812500e+02, 2.3040134459733963e-02, 9437695, -1,
    3.0610019683837891e+01, 1.6402223205566406e+02,
    2.5945327281951904e+00, 1.4886151123046875e+02,
    2.4396205320954323e-02, 9896703, -1, 1.8783180236816406e+02,
    1.6459004211425781e+02, 2.3712704181671143e+00,
    2.1472399902343750e+02, 3.4923076629638672e-02, 3408639, -1,
    5.5410774230957031e+01, 1.7056596374511719e+02,
    2.6273882389068604e+00, 2.6289089965820312e+02,
    3.1938973814249039e-02, 10814207, -1, 6.8616333007812500e+01,
    1.8537644958496094e+02, 2.4468305110931396e+00,
    3.5993103027343750e+01, 2.5217678397893906e-02, 5636863, -1,
    6.9811851501464844e+01, 2.0494718933105469e+02,
    2.4770619869232178e+00, 1.2026132202148438e+02,
    2.2789301350712776e-02, 6554367, -1, 1.3515434265136719e+02,
    3.0901111602783203e+01, 2.7705843448638916e+00,
    2.2926560974121094e+02, 3.1463544815778732e-02, 14615295, -1,
    1.5777204895019531e+02, 3.7899711608886719e+01,
    3.3639748096466064e+00, 2.0613984680175781e+02,
    5.6317925453186035e-02, 11994111, -1, 1.5777204895019531e+02,
    3.7899711608886719e+01, 3.3639748096466064e+00,
    8.1238250732421875e+01, 5.6317925453186035e-02, 11994111, -1,
    1.2087150573730469e+02, 4.4270603179931641e+01,
    2.8077218532562256e+00, 2.9993731689453125e+02,
    3.0586633831262589e-02, 15598335, -1, 1.5113385009765625e+02,
    5.0538932800292969e+01, 2.0992214679718018e+00,
    2.0245243835449219e+02, 1.7550731077790260e-02, 11272703, -1,
    6.5898910522460938e+01, 6.0674217224121094e+01,
    3.5386502742767334e+00, 3.2531317138671875e+02,
    3.1216936185956001e-02, 15664127, -1, 3.6197883605957031e+01,
    6.6565101623535156e+01, 3.2534596920013428e+00,
    1.4842561340332031e+02, 2.5074288249015808e-02, 9569279, -1,
    1.7458215332031250e+02, 6.9402206420898438e+01,
    3.0769507884979248e+00, 7.1149627685546875e+01,
    2.4813277646899223e-02, 5506047, -1, 1.3739337158203125e+02,
    7.6869422912597656e+01, 3.0537824630737305e+00,
    2.6436712646484375e+02, 4.9171198159456253e-02, 4981759, -1,
    1.3739337158203125e+02, 7.6869422912597656e+01,
    3.0537824630737305e+00, 1.4230117797851562e+02,
    4.9171198159456253e-02, 4981759, -1, 1.8267387390136719e+02,
    8.0881362915039062e+01, 3.3522377014160156e+00,
    3.1411087036132812e+02, 3.0371509492397308e-02, 11731967, -1,
    8.1780334472656250e+01, 8.1768699645996094e+01,
    3.2686722278594971e+00, 2.1431640625000000e+01,
    4.3294865638017654e-02, 9896959, -1, 8.6457054138183594e+01,
    8.2066757202148438e+01, 3.5135650634765625e+00,
    1.9068493652343750e+02, 5.1575709134340286e-02, 15139839, -1,
    8.6457054138183594e+01, 8.2066757202148438e+01,
    3.5135650634765625e+00, 2.5631652832031250e+01,
    5.1575709134340286e-02, 15139839, -1, 1.3736775207519531e+02,
    8.4756675720214844e+01, 3.0359711647033691e+00,
    2.7325402832031250e+02, 5.6968819350004196e-02, 4523007, -1,
    1.8632347106933594e+02, 8.5055709838867188e+01,
    2.7919919490814209e+00, 3.1920318603515625e+02,
    3.0901882797479630e-02, 15205119, -1, 5.6399627685546875e+01,
    8.5814605712890625e+01, 2.9543712139129639e+00,
    2.2249534606933594e+02, 2.9737327247858047e-02, 2556927, -1,
    4.4807456970214844e+01, 9.3256484985351562e+01,
    3.3993518352508545e+00, 2.7410961914062500e+02,
    4.1828796267509460e-02, 12715007, -1, 4.4807456970214844e+01,
    9.3256484985351562e+01, 3.3993518352508545e+00,
    2.2294613647460938e+02, 4.1828796267509460e-02, 12715007, -1,
    8.3217048645019531e+00, 9.4326042175292969e+01,
    3.0413265228271484e+00, 1.6953147888183594e+02,
    1.3412953354418278e-02, 4654079, -1, 2.7815368652343750e+01,
    9.3911270141601562e+01, 3.4394092559814453e+00,
    2.5127523803710938e+02, 2.6293825358152390e-02, 13566975, -1,
    1.0862922668457031e+02, 9.4997917175292969e+01,
    2.8625383377075195e+00, 8.8353088378906250e+01,
    3.0125640332698822e-02, 328703, -1, 1.7466554260253906e+02,
    9.8772209167480469e+01, 2.5270559787750244e+00,
    1.7988848876953125e+02, 2.5564929470419884e-02, 7996159, -1,
    9.8286567687988281e+01, 1.0434593200683594e+02,
    3.4040379524230957e+00, 3.4008941650390625e+02,
    2.5494024157524109e-02, 12846079, -1, 1.0067845916748047e+02,
    1.0919709014892578e+02, 3.0533528327941895e+00,
    3.2903445434570312e+02, 2.8092009946703911e-02, 4981759, -1,
    4.0403160095214844e+01, 1.2178821563720703e+02,
    3.0476653575897217e+00, 1.8274789428710938e+02,
    1.7138527706265450e-02, 4850687, -1, 1.6675348281860352e+01,
    1.3567652893066406e+02, 3.4281430244445801e+00,
    1.4934838867187500e+02, 1.6647316515445709e-02, 13370367, -1,
    5.9598129272460938e+01, 1.3908221435546875e+02,
    3.2214856147766113e+00, 3.2052642822265625e+01,
    2.4170160293579102e-02, 8848383, -1, 2.1236111450195312e+02,
    1.4434902954101562e+02, 2.7962296009063721e+00,
    2.7225067138671875e+01, 2.1908469498157501e-02, 15336191, -1,
    6.2542324066162109e+01, 1.5858158874511719e+02,
    3.3414711952209473e+00, 1.5446374511718750e+02,
    2.8323657810688019e-02, 11469823, -1, 1.7278083801269531e+02,
    1.6602723693847656e+02, 3.2804362773895264e+00,
    3.0028964233398438e+02, 2.2603228688240051e-02, 10159103, -1,
    1.8980929565429688e+02, 1.7117709350585938e+02,
    3.0762374401092529e+00, 3.2560317993164062e+02,
    5.5833220481872559e-02, 5506047, -1, 1.8980929565429688e+02,
    1.7117709350585938e+02, 3.0762374401092529e+00,
