%YAML:1.0
tag: [ 1.5715200805664062e+02, 1.9472091674804688e+01,
    1.9690116643905640e+00, 2.7659060668945312e+02,
    1.5895893797278404e-02, 6685183, -1, 1.6608532714843750e+02,
    2.1456903457641602e+01, 1.9826526641845703e+00,
    2.8137225341796875e+02, 1.3562343083322048e-02, 7143935, -1,
    1.6917266845703125e+02, 2.2403783798217773e+01,
    2.2143933773040771e+00, 2.8345697021484375e+02,
    1.4619014225900173e-02, 15139327, -1, 1.0192744445800781e+02,
    5.5494785308837891e+01, 1.9534136056900024e+00,
    8.3981658935546875e+01, 1.6879014670848846e-02, 6095359, -1,
    1.4778262329101562e+02, 6.7851493835449219e+01,
    1.8312072753906250e+00, 1.5747927856445312e+02,
    1.7939656972885132e-02, 1376767, -1, 1.0369580078125000e+02,
    6.8630851745605469e+01, 2.2352979183197021e+00,
    3.4928402709960938e+02, 1.8372844904661179e-02, 15860223, -1,
    1.0408444213867188e+02, 7.1128067016601562e+01,
    2.0228354930877686e+00, 3.3409344482421875e+02,
    1.9063120707869530e-02, 8585727, -1, 1.4661495971679688e+02,
    7.7976860046386719e+01, 1.9764477014541626e+00,
    3.2950970458984375e+02, 1.8860820680856705e-02, 6947327, -1,
    1.4381945800781250e+02, 7.8821487426757812e+01,
    2.2383115291595459e+00, 3.2987069702148438e+02,
    2.2972535341978073e-02, 15925759, -1, 1.3855792236328125e+02,
    8.1331825256347656e+01, 2.1405956745147705e+00,
    1.2982612609863281e+02, 2.0385164767503738e-02, 12714495, -1,
    1.5936576843261719e+02, 8.3111450195312500e+01,
    2.2291712760925293e+00, 1.3387442016601562e+02,
    2.0819591358304024e-02, 15663615, -1, 1.0568657684326172e+02,
    9.1133720397949219e+01, 2.1288385391235352e+00,
    3.0394055175781250e+02, 1.6360204666852951e-02, 12321279, -1,
    1.1790428924560547e+02, 9.0794097900390625e+01,
    1.9418846368789673e+00, 3.0983593750000000e+02,
    1.7686298117041588e-02, 5636607, -1, 1.4672325134277344e+02,
    9.9643684387207031e+01, 1.9392343759536743e+00,
    3.1288314819335938e+02, 1.7020402476191521e-02, 5571071, -1,
    1.4672325134277344e+02, 9.9643684387207031e+01,
    1.9392343759536743e+00, 1.2285458374023438e+02,
    1.7020402476191521e-02, 5571071, -1, 1.6027081298828125e+02,
    1.0198684692382812e+02, 1.8498119115829468e+00,
    1.1809858703613281e+02, 1.8287947401404381e-02, 2163199, -1,
    1.4258151245117188e+02, 1.0263620758056641e+02,
    2.1304168701171875e+00, 1.4312332153320312e+02,
    1.7346391454339027e-02, 12321279, -1, 1.5353654479980469e+02,
    1.0231594848632812e+02, 2.0230360031127930e+00,
    1.3031114196777344e+02, 1.9894519820809364e-02, 8585727, -1,
    1.4648075866699219e+02, 1.0282913208007812e+02,
    2.1116552352905273e+00, 3.3107937622070312e+02,
    2.0909719169139862e-02, 11731455, -1, 1.4648075866699219e+02,
    1.0282913208007812e+02, 2.1116552352905273e+00,
    1.4245861816406250e+02, 2.0909719169139862e-02, 11731455, -1,
    1.5805928039550781e+02, 1.0335107421875000e+02,
    1.8991365432739258e+00, 1.2640948486328125e+02,
    2.1288916468620300e-02, 4063743, -1, 1.0367862701416016e+02,
    1.0443330383300781e+02, 2.1674582958221436e+00,
    1.2735363769531250e+02, 1.6290869563817978e-02, 13631999, -1,
    1.0367862701416016e+02, 1.0443330383300781e+02,
    2.1674582958221436e+00, 4.4938720703125000e+01,
    1.6290869563817978e-02, 13631999, -1, 1.5638374328613281e+02,
    2.2651371002197266e+01, 2.3411788940429688e+00,
    2.8212786865234375e+02, 1.3379301875829697e-02, 2491135, -1,
    1.4400926208496094e+02, 2.3802822113037109e+01,
    2.4847884178161621e+00, 2.7071127319335938e+02,
    1.8497915938496590e-02, 6750975, -1, 1.4400926208496094e+02,
    2.3802822113037109e+01, 2.4847884178161621e+00,
    1.0299914550781250e+02, 1.8497915938496590e-02, 6750975, -1,
    1.6082881164550781e+02, 2.6885658264160156e+01,
    2.6945464611053467e+00, 2.7947543334960938e+02,
    1.7237115651369095e-02, 12649215, -1, 1.7434825134277344e+02,
    2.7012537002563477e+01, 2.4715278148651123e+00,
    2.8802630615234375e+02, 1.5950325876474380e-02, 6357759, -1,
    1.8594459533691406e+02, 2.7389528274536133e+01,
    2.3892114162445068e+00, 2.9103314208984375e+02,
    1.7595224082469940e-02, 3932927, -1, 1.9626228332519531e+02,
    3.1885627746582031e+01, 2.3810749053955078e+00,
    2.9481201171875000e+02, 1.9762482494115829e-02, 3670783, -1,
    8.9984352111816406e+01, 3.2345561981201172e+01,
    2.7114636898040771e+00, 1.2557589721679688e+02,
    2.0542766898870468e-02, 13107967, -1, 6.3882575988769531e+01,
    3.9836891174316406e+01, 2.4528529644012451e+00,
    1.1989773559570312e+02, 1.7671188339591026e-02, 5833471, -1,
    1.4135079956054688e+02, 4.0445003509521484e+01,
    2.6524574756622314e+00, 2.8577874755859375e+02,
    1.7841624096035957e-02, 11469567, -1, 2.1232632446289062e+02,
    4.4431915283203125e+01, 2.7514808177947998e+00,
    3.0647106933593750e+02, 2.1709633991122246e-02, 14156543, -1,
    8.0282043457031250e+01, 4.6421398162841797e+01,
    2.6746826171875000e+00, 6.7962768554687500e+01,
    1.6833189874887466e-02, 12124927, -1, 1.6802795410156250e+02,
    4.7909702301025391e+01, 2.7378916740417480e+00,
    2.9220880126953125e+02, 2.3135293275117874e-02, 13763327, -1,
    1.6802795410156250e+02, 4.7909702301025391e+01,
    2.7378916740417480e+00, 1.1581402587890625e+02,
    2.3135293275117874e-02, 13763327, -1, 1.1662197875976562e+02,
    5.0567218780517578e+01, 2.3297882080078125e+00,
    3.4681082153320312e+02, 1.5599019825458527e-02, 2097919, -1,
    1.1662197875976562e+02, 5.0567218780517578e+01,
    2.3297882080078125e+00, 5.8621246337890625e+01,
    1.5599019825458527e-02, 2097919, -1, 1.2922964477539062e+02,
    5.6532257080078125e+01, 2.6643455028533936e+00,
    1.3967745971679688e+02, 1.7824104055762291e-02, 11797247, -1,
    4.4715080261230469e+01, 6.1297206878662109e+01,
    2.6757836341857910e+00, 2.4915835571289062e+02,
    2.3370902985334396e-02, 12124927, -1, 4.4715080261230469e+01,
    6.1297206878662109e+01, 2.6757836341857910e+00,
    1.8052703857421875e+01, 2.3370902985334396e-02, 12124927, -1,
    2.4067308044433594e+02, 6.5306373596191406e+01,
    2.4130754470825195e+00, 3.3720681762695312e+02,
    1.4625659212470055e-02, 4653823, -1, 1.2968635559082031e+02,
    6.6519805908203125e+01, 2.4987981319427490e+00,
    2.0937066650390625e+02, 1.9754698500037193e-02, 7209727, -1,
    1.2968635559082031e+02, 6.6519805908203125e+01,
    2.4987981319427490e+00, 9.3875701904296875e+01,
    1.9754698500037193e-02, 7209727, -1, 1.3937161254882812e+02,
    6.7788726806640625e+01, 2.8426151275634766e+00,
    1.5425811767578125e+02, 1.9837263971567154e-02, 16515839, -1,
    1.5439665222167969e+02, 7.0622131347656250e+01,
    2.6206893920898438e+00, 1.7588269042968750e+02,
    2.0395327359437943e-02, 10617599, -1, 1.5097795104980469e+02,
    7.1531860351562500e+01, 2.3931870460510254e+00,
    8.6441345214843750e+00, 1.5793688595294952e-02, 4063999, -1,
    1.8581382751464844e+02, 7.2100189208984375e+01,
    2.5766937732696533e+00, 3.4644232177734375e+02,
    1.4572289772331715e-02, 9372415, -1, 6.6042198181152344e+01,
    7.2513252258300781e+01, 2.4266498088836670e+00,
    1.6531610107421875e+02, 1.8083790317177773e-02, 5047039, -1,
    9.8137680053710938e+01, 7.2949150085449219e+01,
    2.5123050212860107e+00, 3.3927920532226562e+02,
    2.3468630388379097e-02, 7537407, -1, 1.0765898132324219e+02,
    7.6640754699707031e+01, 2.4302833080291748e+00,
    3.4886679077148438e+02, 1.9410571083426476e-02, 5178111, -1,
    1.0429599761962891e+02, 7.6838516235351562e+01,
    2.4364011287689209e+00, 3.4492459106445312e+02,
    2.4594379588961601e-02, 5374719, -1, 1.0429599761962891e+02,
    7.6838516235351562e+01, 2.4364011287689209e+00,
    1.5845085144042969e+02, 2.4594379588961601e-02, 5374719, -1,
    1.5321325683593750e+02, 7.6963104248046875e+01,
    2.5551509857177734e+00, 3.5910815429687500e+02,
    2.1016163751482964e-02, 8782591, -1, 1.5321325683593750e+02,
    7.6963104248046875e+01, 2.5551509857177734e+00,
