%YAML:1.0
tag: [ 6.2486831665039062e+01, 4.9507622718811035e+00,
    2.0690639019012451e+00, 2.6480084228515625e+02,
    3.8698546588420868e-02, 10224127, -1, 7.5176116943359375e+01,
    4.8691430091857910e+00, 2.2404582500457764e+00,
    2.7517730712890625e+02, 3.7448726594448090e-02, 15991295, -1,
    5.9914295196533203e+01, 7.5504102706909180e+00,
    2.0122103691101074e+00, 2.6450769042968750e+02,
    6.4066655933856964e-02, 8192511, -1, 3.7402664184570312e+01,
    1.4551662445068359e+01, 2.0325663089752197e+00,
    2.4628375244140625e+02, 6.6381052136421204e-02, 8978943, -1,
    8.6669647216796875e+01, 1.7668079376220703e+01,
    2.0336720943450928e+00, 1.1805279541015625e+02,
    7.4002258479595184e-02, 8978943, -1, 3.8662242889404297e+01,
    1.7875133514404297e+01, 1.8399593830108643e+00,
    1.9672653198242188e+02, 8.1080555915832520e-02, 1769983, -1,
    3.8662242889404297e+01, 1.7875133514404297e+01,
    1.8399593830108643e+00, 1.7506042480468750e+01,
    8.1080555915832520e-02, 1769983, -1, 3.8325614929199219e+01,
    2.6008157730102539e+01, 1.9774669408798218e+00,
    2.0943438720703125e+02, 7.6758734881877899e-02, 6947327, -1,
    3.8325614929199219e+01, 2.6008157730102539e+01,
    1.9774669408798218e+00, 1.7897457885742188e+02,
    7.6758734881877899e-02, 6947327, -1, 9.6830818176269531e+01,
    3.7913932800292969e+01, 2.1333169937133789e+00,
    1.4477218627929688e+02, 3.3217694610357285e-02, 12452351, -1,
    1.0030680084228516e+02, 4.2331581115722656e+01,
    2.1842448711395264e+00, 1.4143370056152344e+02,
    3.5326484590768814e-02, 14156287, -1, 3.1587909698486328e+01,
    7.1440856933593750e+01, 2.2346692085266113e+00,
    1.7000978088378906e+02, 3.7289068102836609e-02, 15794687, -1,
    5.8942932128906250e+01, 1.1605147552490234e+02,
    1.9317206144332886e+00, 7.4624511718750000e+01,
    3.9755586534738541e-02, 5243391, -1, 3.6956718444824219e+01,
    1.4831806182861328e+01, 2.3315889835357666e+00,
    2.4574819946289062e+02, 6.4532130956649780e-02, 2163455, -1,
    9.2213783264160156e+01, 2.1602937698364258e+01,
    2.3698303699493408e+00, 3.0992358398437500e+02,
    7.4283301830291748e-02, 3343103, -1, 9.2213783264160156e+01,
    2.1602937698364258e+01, 2.3698303699493408e+00,
    1.2647543334960938e+02, 7.4283301830291748e-02, 3343103, -1,
    5.1797512054443359e+01, 9.4572525024414062e+01,
    2.8474876880645752e+00, 3.1052120971679688e+02,
    6.3101157546043396e-02, 16646911, -1, 5.1797512054443359e+01,
    9.4572525024414062e+01, 2.8474876880645752e+00,
    1.1889791870117188e+02, 6.3101157546043396e-02, 16646911, -1,
    5.2885322570800781e+01, 6.9035468101501465e+00,
    3.3984220027923584e+00, 2.6649533081054688e+02,
    3.5595037043094635e-02, 12715007, -1, 5.9656894683837891e+01,
    9.4344795227050781e+01, 3.0600519180297852e+00,
    3.2272351074218750e+02, 5.0835322588682175e-02, 5112831, -1,
    5.9656894683837891e+01, 9.4344795227050781e+01,
    3.0600519180297852e+00, 1.0147290039062500e+02,
    5.0835322588682175e-02, 5112831, -1, 4.3038982391357422e+01,
    9.2354745864868164e+00, 3.6356346607208252e+00,
    2.4632757568359375e+02, 3.2786145806312561e-02, 852224, -1,
    6.1277984619140625e+01, 8.8921669006347656e+01,
    4.0445261001586914e+00, 3.3513809204101562e+02,
    4.5067898929119110e-02, 8585472, -1, 6.1277984619140625e+01,
    8.8921669006347656e+01, 4.0445261001586914e+00,
    5.2325683593750000e+01, 4.5067898929119110e-02, 8585472, -1,
    6.6830680847167969e+01, 8.7775392532348633e+00,
    5.2539968490600586e+00, 2.6700418090820312e+02,
    6.0992866754531860e-02, 10813952, -1, 4.8382068634033203e+01,
    1.2245169639587402e+01, 5.2308359146118164e+00,
    2.5210034179687500e+02, 4.1018798947334290e-02, 10486272, -1,
    1.2489472961425781e+02, 4.3133163452148438e+01,
    5.3584342002868652e+00, 3.3814892578125000e+02,
    6.8542413413524628e-02, 12190208, -1, 1.3412808227539062e+02,
    7.7457397460937500e+01, 5.6381187438964844e+00,
    3.8589324951171875e+01, 4.5660052448511124e-02, 15925760, -1,
    9.9543838500976562e+01, 4.5673301696777344e+01,
    5.9469017982482910e+00, 3.1223809814453125e+02,
    7.5788810849189758e-02, 3015424, -1, 9.9543838500976562e+01,
    4.5673301696777344e+01, 5.9469017982482910e+00,
    1.4584883117675781e+02, 7.5788810849189758e-02, 3015424, -1,
    1.2707076263427734e+02, 1.0941407775878906e+02,
    7.0659670829772949e+00, 3.8043823242187500e+00,
    6.3395373523235321e-02, 15532800, -1, 1.2707076263427734e+02,
    1.0941407775878906e+02, 7.0659670829772949e+00,
    8.5788970947265625e+01, 6.3395373523235321e-02, 15532800, -1,
    2.8024137496948242e+01, 1.1123477935791016e+02,
    5.9455342292785645e+00, 1.4816796875000000e+02,
    5.5312082171440125e-02, 3015424, -1, 2.9167493820190430e+01,
    2.3610841751098633e+01, 8.3276548385620117e+00,
    2.3415124511718750e+02, 5.4933033883571625e-02, 10682625, -1,
    1.1099280548095703e+02, 5.2553031921386719e+01,
    7.8694863319396973e+00, 2.8051550292968750e+02,
    2.2931234911084175e-02, 6619393, -1, 1.0814567565917969e+01,
    1.0814867401123047e+02, 8.1727914810180664e+00,
    1.7289840698242188e+02, 7.7416405081748962e-02, 9306369, -1,
    7.0540039062500000e+01, 8.8466140747070312e+01,
    1.1328888893127441e+01, 6.7685058593750000e+01,
    6.5118238329887390e-02, 16253441, -1, 1.2264717864990234e+02,
    1.0322440338134766e+02, 1.3283067703247070e+01,
    4.7830810546875000e+00, 6.6572286188602448e-02, 11010817, -1,
    4.7140293121337891e+01, 8.2441406250000000e+01,
    1.5570114135742188e+01, 1.7942565917968750e+02,
    1.8124299123883247e-02, 5832962, -1, 4.7140293121337891e+01,
    8.2441406250000000e+01, 1.5570114135742188e+01,
    3.0106353759765625e+01, 1.8124299123883247e-02, 5832962, -1,
    4.9557762145996094e+01, 4.3414657592773438e+01,
    4.1333187103271484e+01, 2.3258618164062500e+02,
    3.9441034197807312e-02, 9568771, -1 ]
