%YAML:1.0
tag: [ 3.6681964874267578e+01, 8.3064870834350586e+00,
    3.0379083156585693e+00, 2.6966348266601562e+02,
    2.6789536699652672e-02, 4588543, -1, 1.1363169860839844e+02,
    1.8497547149658203e+01, 3.4080493450164795e+00,
    2.7023776245117188e+02, 2.0409684628248215e-02, 12911615, -1,
    1.9824636840820312e+02, 1.8516773223876953e+01,
    3.2554187774658203e+00, 2.6867321777343750e+02,
    1.9419515505433083e-02, 9569279, -1, 1.1941837310791016e+02,
    2.1399414062500000e+01, 3.0256993770599365e+00,
    2.4704577636718750e+02, 3.9615005254745483e-02, 4326399, -1,
    2.0411775207519531e+02, 2.2250467300415039e+01,
    3.0219771862030029e+00, 2.4139804077148438e+02,
    4.0313694626092911e-02, 4195327, -1, 8.1603340148925781e+01,
    5.3743305206298828e+01, 3.2308979034423828e+00,
    1.1412753295898438e+02, 4.2697627097368240e-02, 9044991, -1,
    8.1603340148925781e+01, 5.3743305206298828e+01,
    3.2308979034423828e+00, 6.8749145507812500e+01,
    4.2697627097368240e-02, 9044991, -1, 9.9806251525878906e+01,
    5.6030014038085938e+01, 3.1903417110443115e+00,
    8.9356445312500000e+01, 2.4569382891058922e-02, 8127487, -1,
    1.1373233795166016e+02, 5.5971183776855469e+01,
    3.1228184700012207e+00, 9.0795959472656250e+01,
    2.4646770209074020e-02, 6620159, -1, 1.3390425109863281e+02,
    5.6012397766113281e+01, 3.1578285694122314e+00,
    8.9758361816406250e+01, 2.4315096437931061e-02, 7406591, -1,
    1.5395327758789062e+02, 5.6077541351318359e+01,
    3.2392723560333252e+00, 8.9886871337890625e+01,
    2.4517940357327461e-02, 9241599, -1, 1.9897131347656250e+02,
    5.6084545135498047e+01, 3.2925388813018799e+00,
    9.0267211914062500e+01, 2.4784008041024208e-02, 10421247, -1,
    1.9832208251953125e+02, 1.8160921096801758e+01,
    3.6941609382629395e+00, 2.6993118286132812e+02,
    1.9091781228780746e-02, 2031872, -1, 2.2856381225585938e+02,
    1.7677722930908203e+01, 4.0956473350524902e+00,
    3.4634677124023438e+02, 4.8469893634319305e-02, 9502976, -1,
    2.2856381225585938e+02, 1.7677722930908203e+01,
    4.0956473350524902e+00, 2.9317501831054688e+02,
    4.8469893634319305e-02, 9502976, -1, 1.3706445312500000e+02,
    2.2083202362060547e+01, 4.0163922309875488e+00,
    2.9718859863281250e+02, 4.5716613531112671e-02, 8061184, -1,
    1.3706445312500000e+02, 2.2083202362060547e+01,
    4.0163922309875488e+00, 2.4366519165039062e+02,
    4.5716613531112671e-02, 8061184, -1, 6.8420890808105469e+01,
    2.5107822418212891e+01, 4.4538083076477051e+00,
    2.5088888549804688e+02, 7.0858858525753021e-02, 15532288, -1,
    6.8420890808105469e+01, 2.5107822418212891e+01,
    4.4538083076477051e+00, 8.4106048583984375e+01,
    7.0858858525753021e-02, 15532288, -1, 1.7594886779785156e+02,
    2.9813289642333984e+01, 4.5844020843505859e+00,
    2.5016761779785156e+02, 6.7561440169811249e-02, 918016, -1,
    1.8703695678710938e+02, 5.1618740081787109e+01,
    4.1960396766662598e+00, 1.0556414794921875e+02,
    5.8893751353025436e-02, 11272448, -1, 6.5563529968261719e+01,
    1.8921604156494141e+01, 4.9364318847656250e+00,
    7.6865844726562500e+00, 4.9431599676609039e-02, 6291968, -1,
    1.6809793090820312e+02, 2.4910446166992188e+01,
    4.8788986206054688e+00, 2.4857856750488281e+02,
    7.3477871716022491e-02, 5440000, -1, 1.9784104919433594e+02,
    2.4672431945800781e+01, 5.2688341140747070e+00,
    2.8171264648437500e+02, 5.6589331477880478e-02, 11010560, -1,
    1.9784104919433594e+02, 2.4672431945800781e+01,
    5.2688341140747070e+00, 1.9128492736816406e+02,
    5.6589331477880478e-02, 11010560, -1, 2.0982995605468750e+02,
    2.4904766082763672e+01, 5.1945838928222656e+00,
    2.5821762084960938e+02, 6.9822989404201508e-02, 9961984, -1,
    2.0982995605468750e+02, 2.4904766082763672e+01,
    5.1945838928222656e+00, 6.1260314941406250e+01,
    6.9822989404201508e-02, 9961984, -1, 2.3077726745605469e+02,
    2.4975479125976562e+01, 5.0465254783630371e+00,
    3.0375531005859375e+02, 6.3186079263687134e-02, 7864832, -1,
    2.3077726745605469e+02, 2.4975479125976562e+01,
    5.0465254783630371e+00, 5.5708801269531250e+01,
    6.3186079263687134e-02, 7864832, -1, 7.6397644042968750e+01,
    2.9794580459594727e+01, 4.6090059280395508e+00,
    2.4997370910644531e+02, 6.6502444446086884e-02, 1311232, -1,
    2.2905213928222656e+02, 3.3161582946777344e+01,
    4.9873447418212891e+00, 5.7170013427734375e+01,
    4.7388091683387756e-02, 7012864, -1, 2.2905213928222656e+02,
    3.3161582946777344e+01, 4.9873447418212891e+00,
    6.8352050781250000e+00, 4.7388091683387756e-02, 7012864, -1,
    2.2924942016601562e+02, 4.2814533233642578e+01,
    4.9695382118225098e+00, 3.4940542602539062e+02,
    4.6711821109056473e-02, 6750720, -1, 2.2924942016601562e+02,
    4.2814533233642578e+01, 4.9695382118225098e+00,
    3.1149185180664062e+02, 4.6711821109056473e-02, 6750720, -1,
    1.6968148803710938e+02, 5.0608783721923828e+01,
    6.3980536460876465e+00, 1.0561622619628906e+02,
    5.9513110667467117e-02, 8323840, -1, 5.8646877288818359e+01,
    1.5165420532226562e+01, 6.7422981262207031e+00,
    2.6983642578125000e-01, 7.6965123414993286e-02, 12124928, -1,
    5.8646877288818359e+01, 1.5165420532226562e+01,
    6.7422981262207031e+00, 1.9906541442871094e+02,
    7.6965123414993286e-02, 12124928, -1, 9.9751014709472656e+01,
    1.5445176124572754e+01, 7.0024142265319824e+00,
    3.4922381591796875e+02, 7.7512629330158234e-02, 14877440, -1,
    9.9751014709472656e+01, 1.5445176124572754e+01,
    7.0024142265319824e+00, 1.8702116394042969e+02,
    7.7512629330158234e-02, 14877440, -1, 1.2787408447265625e+02,
    2.4496059417724609e+01, 6.5443191528320312e+00,
    2.7782611083984375e+02, 5.9046614915132523e-02, 9962240, -1,
    1.6291740417480469e+02, 3.2879886627197266e+01,
    6.7671432495117188e+00, 3.4723379516601562e+02,
    6.0493230819702148e-02, 12387072, -1, 7.6408699035644531e+01,
    4.3341159820556641e+01, 5.9678316116333008e+00,
    2.3925389099121094e+02, 8.8185206055641174e-02, 3277568, -1,
    7.6408699035644531e+01, 4.3341159820556641e+01,
    5.9678316116333008e+00, 1.9880389404296875e+02,
    8.8185206055641174e-02, 3277568, -1, 7.6408699035644531e+01,
    4.3341159820556641e+01, 5.9678316116333008e+00,
    1.4704751586914062e+02, 8.8185206055641174e-02, 3277568, -1,
    7.6408699035644531e+01, 4.3341159820556641e+01,
    5.9678316116333008e+00, 7.9026947021484375e+01,
    8.8185206055641174e-02, 3277568, -1, 7.6408699035644531e+01,
    4.3341159820556641e+01, 5.9678316116333008e+00,
    8.5120849609375000e+00, 8.8185206055641174e-02, 3277568, -1,
    1.7599337768554688e+02, 4.3329319000244141e+01,
    5.9617676734924316e+00, 2.0418684387207031e+02,
    8.7752811610698700e-02, 3212032, -1, 1.7599337768554688e+02,
    4.3329319000244141e+01, 5.9617676734924316e+00,
    7.2503112792968750e+01, 8.7752811610698700e-02, 3212032, -1,
    1.7599337768554688e+02, 4.3329319000244141e+01,
    5.9617676734924316e+00, 1.5076110839843750e+01,
    8.7752811610698700e-02, 3212032, -1, 8.5451202392578125e+01,
    4.8640899658203125e+01, 6.8015327453613281e+00,
    9.1386657714843750e+01, 6.0845170170068741e-02, 12780288, -1,
    1.3390814208984375e+02, 4.8907829284667969e+01,
    7.0286788940429688e+00, 4.1105346679687500e+00,
    7.9165227711200714e-02, 15139584, -1, 1.3390814208984375e+02,
    4.8907829284667969e+01, 7.0286788940429688e+00,
    1.7574079895019531e+02, 7.9165227711200714e-02, 15139584, -1,
    1.8489480590820312e+02, 4.8615406036376953e+01,
    6.8036627769470215e+00, 9.1137054443359375e+01,
    5.9746567159891129e-02, 12780288, -1, 9.9850715637207031e+01,
    4.9855670928955078e+01, 5.8543515205383301e+00,
    9.1007873535156250e+01, 6.9606646895408630e-02, 1901312, -1,
    9.9850715637207031e+01, 4.9855670928955078e+01,
    5.8543515205383301e+00, 8.0294189453125000e+00,
    6.9606646895408630e-02, 1901312, -1, 1.1406482696533203e+02,
    4.9585380554199219e+01, 6.2496867179870605e+00,
