%YAML:1.0
tag: [ 2.1907841491699219e+02, 1.5700888061523438e+02,
    5.5165414810180664e+00, 3.4909503173828125e+02,
    4.4713545590639114e-02, 14352896, -1, 2.1907841491699219e+02,
    1.5700888061523438e+02, 5.5165414810180664e+00,
    2.0292089843750000e+02, 4.4713545590639114e-02, 14352896, -1,
    3.8096295166015625e+02, 6.6244384765625000e+01,
    6.2893733978271484e+00, 1.6114514160156250e+02,
    3.1286668032407761e-02, 7078656, -1, 1.0949274902343750e+03,
    6.7997261047363281e+01, 6.2702193260192871e+00,
    1.9217102050781250e+01, 3.1255006790161133e-02, 6882048, -1,
    1.3299882812500000e+03, 8.3070274353027344e+01,
    7.0150704383850098e+00, 1.9052819824218750e+02,
    2.7816407382488251e-02, 15008512, -1, 1.6235221862792969e+02,
    1.0134780883789062e+02, 5.8866782188415527e+00,
    1.6643293762207031e+02, 6.3174076378345490e-02, 2294528, -1,
    1.6235221862792969e+02, 1.0134780883789062e+02,
    5.8866782188415527e+00, 1.9033966064453125e+01,
    6.3174076378345490e-02, 2294528, -1, 3.9474771118164062e+02,
    1.1211247253417969e+02, 6.7943229675292969e+00,
    1.6705140686035156e+02, 3.2233893871307373e-02, 12649216, -1,
    3.4872940063476562e+02, 1.1433148956298828e+02,
    6.5340127944946289e+00, 1.2365447998046875e+01,
    2.8886212036013603e-02, 9831168, -1, 6.3069079589843750e+02,
    1.5795181274414062e+02, 6.0340313911437988e+00,
    1.9772346496582031e+02, 3.1106311827898026e-02, 4129536, -1,
    7.2261389160156250e+02, 1.6060028076171875e+02,
    5.4135155677795410e+00, 3.4876223754882812e+02,
    2.6325868442654610e-02, 12976640, -1, 3.8215057373046875e+02,
    6.7124053955078125e+01, 7.4363045692443848e+00,
    1.5989530944824219e+02, 3.1058361753821373e-02, 2490625, -1,
    1.0937565917968750e+03, 6.8932174682617188e+01,
    7.4118590354919434e+00, 2.0203125000000000e+01,
    3.1081354245543480e-02, 2228481, -1, 1.1144332275390625e+03,
    7.2471603393554688e+01, 7.8509988784790039e+00,
    1.5949978637695312e+02, 3.3024393022060394e-02, 6422785, -1,
    1.4935719299316406e+02, 1.2328582000732422e+02,
    9.2932929992675781e+00, 1.0377166748046875e+01,
    3.5728942602872849e-02, 1901057, -1, 1.1973597412109375e+03,
    1.9584512329101562e+02, 8.5481328964233398e+00,
    3.4125897216796875e+02, 3.4046351909637451e-02, 12583169, -1,
    1.0108925781250000e+03, 2.1345068359375000e+02,
    1.0780882835388184e+01, 9.4313201904296875e+01,
    5.6892681866884232e-02, 12648961, -1, 1.1994398193359375e+03,
    2.1321726989746094e+02, 1.0937613487243652e+01,
    8.5295318603515625e+01, 5.8680459856987000e-02, 13697537, -1,
    2.9207150268554688e+02, 1.7515827178955078e+01,
    1.3648986816406250e+01, 7.0880432128906250e+00,
    6.5179437398910522e-02, 12976897, -1, 3.3762280273437500e+02,
    1.6923887252807617e+01, 1.2827760696411133e+01,
    2.6341525268554688e+02, 5.6475400924682617e-02, 8520449, -1,
    3.3762280273437500e+02, 1.6923887252807617e+01,
    1.2827760696411133e+01, 2.0524137878417969e+02,
    5.6475400924682617e-02, 8520449, -1, 1.1417491455078125e+03,
    1.7681035995483398e+01, 1.3715273857116699e+01,
    3.3668420410156250e+02, 5.6752420961856842e-02, 13370113, -1,
    1.3984191894531250e+03, 1.6832824707031250e+01,
    1.2501582145690918e+01, 2.6251202392578125e+02,
    6.1100102961063385e-02, 6619905, -1, 1.3984191894531250e+03,
    1.6832824707031250e+01, 1.2501582145690918e+01,
    1.9119140625000000e+02, 6.1100102961063385e-02, 6619905, -1,
    6.5808921813964844e+01, 1.8024911880493164e+01,
    1.4020064353942871e+01, 3.4605267333984375e+02,
    5.8874160051345825e-02, 14942977, -1, 6.5808921813964844e+01,
    1.8024911880493164e+01, 1.4020064353942871e+01,
    2.7604937744140625e+02, 5.8874160051345825e-02, 14942977, -1,
    4.0945339965820312e+02, 1.7717733383178711e+01,
    1.3757407188415527e+01, 3.3650317382812500e+02,
    5.6626420468091965e-02, 13566721, -1, 7.7048175048828125e+02,
    1.7929214477539062e+01, 1.3965339660644531e+01,
    1.8444963073730469e+02, 6.2208406627178192e-02, 14680833, -1,
    8.4163104248046875e+02, 1.7305192947387695e+01,
    1.3229414939880371e+01, 3.4522204589843750e+02,
    5.8885812759399414e-02, 10748673, -1, 8.4163104248046875e+02,
    1.7305192947387695e+01, 1.3229414939880371e+01,
    2.7695654296875000e+02, 5.8885812759399414e-02, 10748673, -1,
    1.4025140380859375e+03, 5.7906826019287109e+01,
    1.3838519096374512e+01, 9.2033203125000000e+01,
    4.5158233493566513e-02, 14025473, -1, 3.7206732177734375e+02,
    1.3211643981933594e+02, 1.1630252838134766e+01,
    2.7002282714843750e+02, 3.3880919218063354e-02, 1442561, -1,
    1.1042093505859375e+03, 1.3098143005371094e+02,
    1.1642180442810059e+01, 2.7016519165039062e+02,
    3.2562658190727234e-02, 1508097, -1, 2.4578102111816406e+02,
    2.1123217773437500e+02, 1.4131072044372559e+01,
    8.4601989746093750e+01, 5.4852835834026337e-02, 15532801, -1,
    2.8021530151367188e+02, 2.1181053161621094e+02,
    1.3434819221496582e+01, 9.4323547363281250e+01,
    6.2431868165731430e-02, 11862785, -1, 4.6630429077148438e+02,
    2.1157049560546875e+02, 1.3493707656860352e+01,
    8.5885375976562500e+01, 5.9435687959194183e-02, 12190465, -1,
    4.9690454101562500e+02, 2.1171029663085938e+02,
    1.3303675651550293e+01, 9.6037078857421875e+01,
    5.5155735462903976e-02, 11141889, -1, 9.8452410888671875e+02,
    2.1170771789550781e+02, 1.3367243766784668e+01,
    8.5821044921875000e+01, 5.2740223705768585e-02, 11469569, -1,
    1.0135960083007812e+03, 2.1179939270019531e+02,
    1.3304165840148926e+01, 9.3751007080078125e+01,
    5.6275885552167892e-02, 11141889, -1, 1.2264838867187500e+03,
    2.1171670532226562e+02, 1.3289814949035645e+01,
    9.5070007324218750e+01, 5.4081939160823822e-02, 11076353, -1,
    6.4125999450683594e+01, 2.0453987121582031e+01,
    1.6855243682861328e+01, 3.4421557617187500e+02,
    5.8142784982919693e-02, 11534594, -1, 1.3751658630371094e+02,
    2.0907583236694336e+01, 1.6195610046386719e+01,
    1.9679122924804688e+02, 5.8497060090303421e-02, 8651010, -1,
    2.5656915283203125e+02, 2.0539274215698242e+01,
    1.6884771347045898e+01, 1.9571945190429688e+02,
    5.8623299002647400e-02, 11665666, -1, 3.3932962036132812e+02,
    2.0236736297607422e+01, 1.6613918304443359e+01,
    2.0613725280761719e+02, 5.5519718676805496e-02, 10486018, -1,
    4.0799679565429688e+02, 2.0446132659912109e+01,
    1.6846664428710938e+01, 3.3578744506835938e+02,
    5.6003089994192123e-02, 11534594, -1, 4.9765490722656250e+02,
    2.0314750671386719e+01, 1.6599008560180664e+01,
    1.8486077880859375e+02, 6.0354765504598618e-02, 10420482, -1,
    7.7246246337890625e+02, 2.0517845153808594e+01,
    1.6852622985839844e+01, 1.8443383789062500e+02,
    6.1623129993677139e-02, 11534594, -1, 8.3970733642578125e+02,
    2.0188526153564453e+01, 1.6573783874511719e+01,
    3.4304638671875000e+02, 5.7903517037630081e-02, 10354946, -1,
    9.1643988037109375e+02, 2.0877304077148438e+01,
    1.7300189971923828e+01, 1.9649171447753906e+02,
    5.7701673358678818e-02, 13435138, -1, 9.8378411865234375e+02,
    2.0679479598999023e+01, 1.7167064666748047e+01,
    3.5488626098632812e+02, 6.0711767524480820e-02, 12845314, -1,
    1.1402322998046875e+03, 2.0444971084594727e+01,
    1.6874238967895508e+01, 3.3621478271484375e+02,
    5.6033201515674591e-02, 11600130, -1, 1.4059914550781250e+03,
    5.5373027801513672e+01, 1.7601648330688477e+01,
    9.2278350830078125e+01, 4.5282520353794098e-02, 14680322, -1,
    6.7627227783203125e+02, 6.0799163818359375e+01,
    1.6281908035278320e+01, 3.3350024414062500e+02,
    7.1328863501548767e-02, 9044226, -1, 6.7627227783203125e+02,
    6.0799163818359375e+01, 1.6281908035278320e+01,
    2.0584855651855469e+02, 7.1328863501548767e-02, 9044226, -1,
    6.3070562744140625e+02, 9.4295738220214844e+01,
    1.6727239608764648e+01, 2.6286346435546875e+02,
    7.0675246417522430e-02, 11010306, -1, 6.3070562744140625e+02,
    9.4295738220214844e+01, 1.6727239608764648e+01,
