%YAML:1.0
tag: [ 1.2202790832519531e+02, 5.9532554626464844e+01,
    2.4143137931823730e+00, 1.5258088684082031e+02,
    2.3715678602457047e-02, 4719359, -1, 2.4387582397460938e+02,
    7.9236373901367188e+01, 2.1338737010955811e+00,
    1.9443467712402344e+02, 3.7211574614048004e-02, 12452351, -1,
    1.2289707183837891e+02, 4.5588283538818359e+01,
    3.4992840290069580e+00, 2.8911779785156250e+02,
    2.7708156034350395e-02, 14812159, -1, 2.1445228576660156e+02,
    4.5414154052734375e+01, 3.5258736610412598e+00,
    2.5104417419433594e+02, 2.6633620262145996e-02, 15401983, -1,
    3.0522189331054688e+02, 5.1778926849365234e+01,
    2.8459043502807617e+00, 3.4801007080078125e+02,
    4.4854667037725449e-02, 16581375, -1, 3.0522189331054688e+02,
    5.1778926849365234e+01, 2.8459043502807617e+00,
    2.2643125915527344e+02, 4.4854667037725449e-02, 16581375, -1,
    1.2396257781982422e+02, 7.7659248352050781e+01,
    3.1124272346496582e+00, 1.7902252197265625e+02,
    2.5827398523688316e-02, 6358015, -1, 2.5444271850585938e+02,
    7.8053421020507812e+01, 3.3491077423095703e+00,
    2.7246704101562500e+01, 2.3031534627079964e-02, 11666431, -1,
    1.0409402465820312e+02, 8.4889640808105469e+01,
    3.1162211894989014e+00, 3.4177871704101562e+02,
    2.1647596731781960e-02, 6423551, -1, 1.0722970581054688e+02,
    8.8968063354492188e+01, 2.9469578266143799e+00,
    3.0545834350585938e+02, 2.1590279415249825e-02, 2425855, -1,
    3.5245166015625000e+02, 9.1817153930664062e+01,
    3.0069072246551514e+00, 5.7403564453125000e-02,
    2.7406113222241402e-02, 3867647, -1, 6.8889816284179688e+01,
    9.9537536621093750e+01, 3.2130038738250732e+00,
    1.0521719360351562e+02, 2.6197325438261032e-02, 8651775, -1,
    2.7742080688476562e+02, 9.9743438720703125e+01,
    3.3899066448211670e+00, 1.0739181518554688e+02,
    2.3391157388687134e-02, 12518399, -1, 2.8097769165039062e+02,
    1.2438816070556641e+02, 3.2179229259490967e+00,
    2.4049238586425781e+02, 2.6669783517718315e-02, 8782847, -1,
    8.8733657836914062e+01, 2.8687122344970703e+01,
    4.1595826148986816e+00, 2.7002728271484375e+02,
    2.7971968054771423e-02, 10617088, -1, 1.4901313781738281e+02,
    2.8719129562377930e+01, 4.1014347076416016e+00,
    2.6998526000976562e+02, 2.8111670166254044e-02, 9568512, -1,
    3.3241320800781250e+02, 2.8645019531250000e+01,
    4.1318545341491699e+00, 2.6926916503906250e+02,
    2.8176352381706238e-02, 10158336, -1, 1.6998181152343750e+02,
    4.5106517791748047e+01, 4.0183825492858887e+00,
    2.7042987060546875e+02, 2.8748584911227226e-02, 8126720, -1,
    1.7263980102539062e+02, 4.9994979858398438e+01,
    4.0113420486450195e+00, 2.7694412231445312e+02,
    4.4864110648632050e-02, 7995648, -1, 2.0505274963378906e+02,
    5.0821529388427734e+01, 4.1396021842956543e+00,
    3.0668563842773438e+02, 4.8758201301097870e-02, 10289408, -1,
    2.0505274963378906e+02, 5.0821529388427734e+01,
    4.1396021842956543e+00, 2.3856851196289062e+02,
    4.8758201301097870e-02, 10289408, -1, 3.5381799316406250e+02,
    5.3487663269042969e+01, 4.3090996742248535e+00,
    3.5988229370117188e+02, 2.5792036205530167e-02, 13172992, -1,
    2.7161413574218750e+02, 9.6190307617187500e+01,
    3.9018325805664062e+00, 1.1926307678222656e+02,
    4.4646508991718292e-02, 5964032, -1, 2.7161413574218750e+02,
    9.6190307617187500e+01, 3.9018325805664062e+00,
    6.8982177734375000e+01, 4.4646508991718292e-02, 5964032, -1,
    2.0081094360351562e+02, 9.9822517395019531e+01,
    3.9173798561096191e+00, 8.9769622802734375e+01,
    3.0285879969596863e-02, 6291712, -1, 2.3045681762695312e+02,
    9.9841567993164062e+01, 3.9949085712432861e+00,
    9.0429260253906250e+01, 2.9405571520328522e-02, 7667968, -1,
    5.8384258270263672e+01, 1.2179909515380859e+02,
    4.1053967475891113e+00, 2.0921006774902344e+02,
    2.4592841044068336e-02, 9634048, -1, 5.4050792694091797e+01,
    2.8266735076904297e+01, 4.7293524742126465e+00,
    2.6996914672851562e+02, 2.9322061687707901e-02, 3211776, -1,
    9.2932403564453125e+01, 5.5369068145751953e+01,
    5.0003633499145508e+00, 1.8346801757812500e+01,
    4.9787644296884537e-02, 7209472, -1, 3.4327471923828125e+02,
    6.3937538146972656e+01, 6.0646615028381348e+00,
    6.5840515136718750e+01, 5.0683725625276566e-02, 4457216, -1,
    3.4327471923828125e+02, 6.3937538146972656e+01,
    6.0646615028381348e+00, 7.1743469238281250e+00,
    5.0683725625276566e-02, 4457216, -1, 1.2163241577148438e+02,
    9.6783370971679688e+01, 4.6173667907714844e+00,
    1.1264192199707031e+02, 4.3611399829387665e-02, 1442304, -1,
    1.2163241577148438e+02, 9.6783370971679688e+01,
    4.6173667907714844e+00, 7.1970733642578125e+01,
    4.3611399829387665e-02, 1442304, -1, 8.7294281005859375e+01,
    1.1532200622558594e+02, 4.4018058776855469e+00,
    2.8155966186523438e+02, 7.3263473808765411e-02, 14680320, -1,
    8.7294281005859375e+01, 1.1532200622558594e+02,
    4.4018058776855469e+00, 9.4786254882812500e+01,
    7.3263473808765411e-02, 14680320, -1, 3.4322946166992188e+02,
    4.2577278137207031e+01, 5.9045128822326660e+00,
    3.4683081054687500e+02, 4.9742341041564941e-02, 2556672, -1,
    3.4322946166992188e+02, 4.2577278137207031e+01,
    5.9045128822326660e+00, 2.9451098632812500e+02,
    4.9742341041564941e-02, 2556672, -1, 3.2192572021484375e+02,
    4.3398906707763672e+01, 6.6532487869262695e+00,
    1.8315544128417969e+02, 4.3962500989437103e-02, 11141888, -1,
    1.1429794311523438e+02, 6.0764831542968750e+01,
    6.7062554359436035e+00, 2.5594476318359375e+02,
    7.0804432034492493e-02, 11731712, -1, 2.6363171386718750e+02,
    6.0740211486816406e+01, 6.9268226623535156e+00,
    2.5602703857421875e+02, 7.0935174822807312e-02, 14091008, -1,
    3.4391552734375000e+02, 8.1758819580078125e+01,
    6.4680075645446777e+00, 3.4872842407226562e+02,
    4.8696320503950119e-02, 9110272, -1, 3.4391552734375000e+02,
    8.1758819580078125e+01, 6.4680075645446777e+00,
    3.0177609252929688e+02, 4.8696320503950119e-02, 9110272, -1,
    1.3079611206054688e+02, 9.3766784667968750e+01,
    6.5986113548278809e+00, 1.0494055175781250e+02,
    6.0626983642578125e-02, 10552064, -1, 2.8058221435546875e+02,
    9.3833084106445312e+01, 6.5397505760192871e+00,
    1.0497712707519531e+02, 5.8360334485769272e-02, 9896704, -1,
    4.2321160888671875e+02, 3.8521041870117188e+01,
    8.9417562484741211e+00, 1.6866116333007812e+02,
    3.1933728605508804e-02, 15859969, -1, 4.2321160888671875e+02,
    3.8521041870117188e+01, 8.9417562484741211e+00,
    1.0498107910156250e+01, 3.1933728605508804e-02, 15859969, -1,
    9.8305953979492188e+01, 4.3644344329833984e+01,
    7.7242288589477539e+00, 4.7632446289062500e+00,
    5.1201399415731430e-02, 5243137, -1, 4.0158184814453125e+02,
    5.1697017669677734e+01, 8.5135564804077148e+00,
    3.1285537719726562e+02, 3.2560590654611588e-02, 12255489, -1,
    4.0158184814453125e+02, 5.1697017669677734e+01,
    8.5135564804077148e+00, 1.0985839843750000e+02,
    3.2560590654611588e-02, 12255489, -1, 4.4550665283203125e+02,
    5.1299694061279297e+01, 9.0104532241821289e+00,
    2.2779530334472656e+02, 3.2037965953350067e-02, 16384257, -1,
    4.4550665283203125e+02, 5.1299694061279297e+01,
    9.0104532241821289e+00, 6.9161285400390625e+01,
    3.2037965953350067e-02, 16384257, -1, 2.5180728149414062e+02,
    5.3286678314208984e+01, 7.4653687477111816e+00,
    2.4962634277343750e+02, 7.6165936887264252e-02, 2752769, -1,
    2.5180728149414062e+02, 5.3286678314208984e+01,
    7.4653687477111816e+00, 9.2462524414062500e+01,
    7.6165936887264252e-02, 2752769, -1, 3.1441329956054688e+02,
    5.3281799316406250e+01, 8.0528631210327148e+00,
    2.5949169921875000e+02, 6.8304665386676788e-02, 8257793, -1,
    3.1441329956054688e+02, 5.3281799316406250e+01,
    8.0528631210327148e+00, 6.0909393310546875e+01,
    6.8304665386676788e-02, 8257793, -1, 3.4601275634765625e+02,
    5.3230060577392578e+01, 8.2343988418579102e+00,
