%YAML:1.0
tag: [ 3.9008708953857422e+01, 2.9196760177612305e+01,
    2.6569654941558838e+00, 1.8978659057617188e+02,
    4.2612262070178986e-02, 11600639, -1, 2.2306507873535156e+02,
    4.6650707244873047e+01, 2.6887612342834473e+00,
    1.6913803100585938e+02, 4.1211608797311783e-02, 12452607, -1,
    6.8401351928710938e+01, 3.4619873046875000e+01,
    3.5904915332794189e+00, 1.9012062072753906e+02,
    3.9094891399145126e-02, 16712703, -1, 1.0216572570800781e+02,
    3.9820289611816406e+01, 3.2224800586700439e+00,
    2.7060791015625000e+02, 4.1478198021650314e-02, 8848383, -1,
    7.2917861938476562e+01, 5.0663417816162109e+01,
    3.2494869232177734e+00, 1.0087036132812500e+01,
    3.6393877118825912e-02, 9438207, -1, 2.6318460083007812e+02,
    5.5948284149169922e+01, 2.9994952678680420e+00,
    3.5832516479492188e+02, 7.5537055730819702e-02, 3671039, -1,
    2.6318460083007812e+02, 5.5948284149169922e+01,
    2.9994952678680420e+00, 2.0069255065917969e+02,
    7.5537055730819702e-02, 3671039, -1, 3.6738128662109375e+02,
    1.9599519729614258e+01, 4.9862647056579590e+00,
    9.2556701660156250e+01, 5.5039606988430023e-02, 7012864, -1,
    1.8021023559570312e+02, 2.1630571365356445e+01,
    4.3254704475402832e+00, 3.3331549072265625e+02,
    8.3054214715957642e-02, 13435136, -1, 1.8021023559570312e+02,
    2.1630571365356445e+01, 4.3254704475402832e+00,
    2.0517594909667969e+02, 8.3054214715957642e-02, 13435136, -1,
    9.6802940368652344e+01, 2.9599523544311523e+01,
    4.0376758575439453e+00, 1.9004058837890625e+01,
    4.1656266897916794e-02, 8454400, -1, 2.9504733276367188e+02,
    2.9443603515625000e+01, 3.9676063060760498e+00,
    1.6048815917968750e+02, 4.0363740175962448e-02, 7209216, -1,
    1.6822926330566406e+02, 2.9929374694824219e+01,
    4.1856331825256348e+00, 2.6265063476562500e+02,
    8.1957988440990448e-02, 11075840, -1, 1.6822926330566406e+02,
    2.9929374694824219e+01, 4.1856331825256348e+00,
    1.3354763793945312e+02, 8.1957988440990448e-02, 11075840, -1,
    1.9168952941894531e+02, 3.0068609237670898e+01,
    4.2425241470336914e+00, 2.7671414184570312e+02,
    8.2513026893138885e-02, 12058880, -1, 1.9168952941894531e+02,
    3.0068609237670898e+01, 4.2425241470336914e+00,
    4.6822509765625000e+01, 8.2513026893138885e-02, 12058880, -1,
    1.7319496154785156e+02, 4.3582794189453125e+01,
    4.3485255241394043e+00, 1.9163633728027344e+02,
    8.2647882401943207e-02, 13828352, -1, 1.7319496154785156e+02,
    4.3582794189453125e+01, 4.3485255241394043e+00,
    6.1267120361328125e+01, 8.2647882401943207e-02, 13828352, -1,
    1.8777188110351562e+02, 4.4222438812255859e+01,
    3.8326938152313232e+00, 3.4759848022460938e+02,
    8.6679346859455109e-02, 4718848, -1, 1.8777188110351562e+02,
    4.4222438812255859e+01, 3.8326938152313232e+00,
    1.1851194763183594e+02, 8.6679346859455109e-02, 4718848, -1,
    1.9229869842529297e+01, 4.9756116867065430e+00,
    4.6655335426330566e+00, 2.7005001831054688e+02,
    4.0378592908382416e-02, 2228736, -1, 7.7287986755371094e+01,
    5.0041036605834961e+00, 4.5389704704284668e+00,
    2.6923870849609375e+02, 3.9231412112712860e-02, 197120, -1,
    1.3894815063476562e+02, 5.1192898750305176e+00,
    4.5563330650329590e+00, 2.6979901123046875e+02,
    4.0616247802972794e-02, 459264, -1, 3.6630258178710938e+02,
    1.1008728027343750e+01, 4.9543232917785645e+00,
    2.6459448242187500e+02, 6.9301180541515350e-02, 6554112, -1,
    1.7324909973144531e+02, 2.4024475097656250e+01,
    5.0575199127197266e+00, 2.5417797851562500e+02,
    6.2944620847702026e-02, 8061440, -1, 1.7324909973144531e+02,
    2.4024475097656250e+01, 5.0575199127197266e+00,
    2.1531117248535156e+02, 6.2944620847702026e-02, 8061440, -1,
    1.8730966186523438e+02, 2.3977018356323242e+01,
    5.0675110816955566e+00, 3.2609072875976562e+02,
    6.3937127590179443e-02, 8192512, -1, 1.8730966186523438e+02,
    2.3977018356323242e+01, 5.0675110816955566e+00,
    2.8941943359375000e+02, 6.3937127590179443e-02, 8192512, -1,
    1.6895550537109375e+02, 3.7415454864501953e+01,
    4.9780535697937012e+00, 1.7870547485351562e+02,
    6.4481899142265320e-02, 6881792, -1, 1.6895550537109375e+02,
    3.7415454864501953e+01, 4.9780535697937012e+00,
    1.4179457092285156e+02, 6.4481899142265320e-02, 6881792, -1,
    1.8019921875000000e+02, 4.5391689300537109e+01,
    4.6783590316772461e+00, 1.0674044799804688e+02,
    6.4878910779953003e-02, 2425344, -1, 1.8019921875000000e+02,
    4.5391689300537109e+01, 4.6783590316772461e+00,
    6.8576049804687500e+01, 6.4878910779953003e-02, 2425344, -1,
    3.3637915039062500e+02, 5.3281215667724609e+01,
    5.8222746849060059e+00, 1.3984426879882812e+02,
    8.2786679267883301e-02, 1508096, -1, 3.3637915039062500e+02,
    5.3281215667724609e+01, 5.8222746849060059e+00,
    1.1539184570312500e+01, 8.2786679267883301e-02, 1508096, -1,
    1.6849279785156250e+02, 5.3710929870605469e+01,
    5.0583853721618652e+00, 1.3252258300781250e+00,
    4.5430071651935577e-02, 8061440, -1, 6.9036872863769531e+01,
    5.8873527526855469e+01, 5.3234105110168457e+00,
    8.5111206054687500e+01, 6.1633493751287460e-02, 11731456, -1,
    8.0182800292968750e+01, 5.9454433441162109e+01,
    4.3308119773864746e+00, 9.3600830078125000e+01,
    7.0982091128826141e-02, 13500672, -1, 1.3611972045898438e+02,
    5.8748096466064453e+01, 5.4645295143127441e+00,
    9.3528991699218750e+01, 6.3188716769218445e-02, 13632000, -1,
    3.9685977172851562e+02, 2.7332822799682617e+01,
    6.7139763832092285e+00, 7.6677520751953125e+01,
    7.3432907462120056e-02, 11797248, -1, 3.9685977172851562e+02,
    2.7332822799682617e+01, 6.7139763832092285e+00,
    5.3436889648437500e+00, 7.3432907462120056e-02, 11797248, -1,
    1.0259757232666016e+02, 3.3178138732910156e+01,
    6.7117700576782227e+00, 1.6465573120117188e+02,
    1.1514745652675629e-01, 11797248, -1, 1.0259757232666016e+02,
    3.3178138732910156e+01, 6.7117700576782227e+00,
    1.5330383300781250e+01, 1.1514745652675629e-01, 11797248, -1,
    2.8951663208007812e+02, 3.3099529266357422e+01,
    6.5755257606506348e+00, 1.6312147521972656e+02,
    1.1608818173408508e-01, 10289920, -1, 2.8951663208007812e+02,
    3.3099529266357422e+01, 6.5755257606506348e+00,
    1.5959716796875000e+01, 1.1608818173408508e-01, 10289920, -1,
    3.5426818847656250e+02, 4.1679206848144531e+01,
    6.4251885414123535e+00, 3.3352728271484375e+02,
    7.1638107299804688e-02, 8651520, -1, 9.7309143066406250e+01,
    5.5209651947021484e+01, 6.5730485916137695e+00,
    8.3105407714843750e+01, 6.7366413772106171e-02, 10289920, -1,
    9.7309143066406250e+01, 5.5209651947021484e+01,
    6.5730485916137695e+00, 3.2212982177734375e+01,
    6.7366413772106171e-02, 10289920, -1, 3.3897052001953125e+02,
    2.6306632995605469e+01, 7.7007904052734375e+00,
    2.7028784179687500e+02, 1.2405361235141754e-01, 5046529, -1,
    3.3897052001953125e+02, 2.6306632995605469e+01,
    7.7007904052734375e+00, 6.4404968261718750e+01,
    1.2405361235141754e-01, 5046529, -1, 3.9747543334960938e+02,
    2.8289613723754883e+01, 7.7338576316833496e+00,
    6.6706756591796875e+01, 7.2138749063014984e-02, 5308673, -1,
    3.9747543334960938e+02, 2.8289613723754883e+01,
    7.7338576316833496e+00, 7.4124755859375000e+00,
    7.2138749063014984e-02, 5308673, -1, 1.9584748840332031e+02,
    3.8544521331787109e+01, 8.5266332626342773e+00,
    1.7898008728027344e+02, 8.5708200931549072e-02, 12386561, -1,
    1.0253076934814453e+02, 4.5275024414062500e+01,
    8.2045459747314453e+00, 8.9241271972656250e+01,
    5.3144015371799469e-02, 9634049, -1, 2.8952590942382812e+02,
    4.5171005249023438e+01, 8.3067045211791992e+00,
    9.0610931396484375e+01, 5.1825147122144699e-02, 10486017, -1,
    2.5404093933105469e+02, 5.6616985321044922e+01,
    8.4345521926879883e+00, 1.6515235900878906e+02,
    8.3005964756011963e-02, 11600129, -1, 2.5404093933105469e+02,
    5.6616985321044922e+01, 8.4345521926879883e+00,
