%YAML:1.0
tag: [ 2.5446232604980469e+02, 2.1667512512207031e+02,
    3.3978760242462158e+00, 2.7083724975585938e+02,
    1.5770679339766502e-02, 12715007, -1, 4.2176553344726562e+02,
    1.0020430755615234e+02, 4.6790828704833984e+00,
    1.6043688964843750e+02, 2.0305020734667778e-02, 2425344, -1,
    2.5440982055664062e+02, 2.1637489318847656e+02,
    3.6173446178436279e+00, 2.7073605346679688e+02,
    1.5750525519251823e-02, 524544, -1, 3.7953521728515625e+02,
    2.1600138854980469e+02, 3.9069371223449707e+00,
    2.6701925659179688e+02, 1.5807406976819038e-02, 6095104, -1,
    3.0520468139648438e+02, 9.0534339904785156e+01,
    4.6794061660766602e+00, 2.3851373291015625e+02,
    3.4767672419548035e-02, 2425344, -1, 5.2602893066406250e+02,
    9.3537834167480469e+01, 5.3790893554687500e+00,
    2.3080477905273438e+02, 3.3090323209762573e-02, 12517888, -1,
    2.9147064208984375e+02, 8.1767211914062500e+01,
    6.3992118835449219e+00, 2.6985311889648438e+02,
    2.3600583896040916e-02, 8323840, -1, 5.1268420410156250e+02,
    8.1623939514160156e+01, 6.6069483757019043e+00,
    2.7015505981445312e+02, 2.2888420149683952e-02, 10683136, -1,
    3.0631405639648438e+02, 8.7249176025390625e+01,
    7.1791381835937500e+00, 2.4362199401855469e+02,
    3.2893583178520203e-02, 16646912, -1, 2.9662677001953125e+02,
    8.9719139099121094e+01, 6.3518271446228027e+00,
    2.7752777099609375e+02, 3.6256831139326096e-02, 7799552, -1,
    4.7226129150390625e+02, 1.4087068176269531e+02,
    6.2562150955200195e+00, 1.8667968750000000e+02,
    2.1773692220449448e-02, 6685440, -1, 6.0961340332031250e+02,
    1.6283326721191406e+02, 6.2551746368408203e+00,
    2.8994750976562500e-01, 2.1051835268735886e-02, 6685440, -1,
    3.9764456176757812e+02, 1.7620718383789062e+02,
    6.8865876197814941e+00, 8.9441955566406250e+01,
    2.4069247767329216e-02, 13632256, -1, 2.8008424758911133e+01,
    5.1729278564453125e+01, 8.1253967285156250e+00,
    2.7014215087890625e+02, 2.4534162133932114e-02, 8913153, -1,
    9.0009506225585938e+01, 5.1744152069091797e+01,
    8.2995176315307617e+00, 2.7019979858398438e+02,
    2.4907538667321205e-02, 10420481, -1, 1.4932168579101562e+02,
    5.1983932495117188e+01, 7.7315955162048340e+00,
    2.7036968994140625e+02, 2.3275677114725113e-02, 5308673, -1,
    2.5476525878906250e+02, 5.1772388458251953e+01,
    7.8448348045349121e+00, 2.6954412841796875e+02,
    2.3055523633956909e-02, 6357249, -1, 5.7412316894531250e+02,
    5.2010890960693359e+01, 7.5825629234313965e+00,
    2.6987051391601562e+02, 2.3439269512891769e-02, 3932417, -1,
    6.1151348876953125e+02, 9.4620788574218750e+01,
    7.8840913772583008e+00, 3.5864813232421875e+02,
    2.1748950704932213e-02, 6750465, -1, 4.6816317749023438e+02,
    1.7188258361816406e+02, 8.9369306564331055e+00,
    1.1374929809570312e+02, 3.8000646978616714e-02, 15794433, -1,
    4.6816317749023438e+02, 1.7188258361816406e+02,
    8.9369306564331055e+00, 6.9855041503906250e+01,
    3.8000646978616714e-02, 15794433, -1, 5.9258380126953125e+02,
    7.6677154541015625e+01, 1.0734169960021973e+01,
    3.4928851318359375e+02, 4.4431589543819427e-02, 12321281, -1,
    3.0703225708007812e+02, 8.3845306396484375e+01,
    1.0132185935974121e+01, 2.5487911987304688e+02,
    3.3916667103767395e-02, 8192513, -1, 5.2920111083984375e+02,
    8.5089790344238281e+01, 9.9161338806152344e+00,
    2.5043331909179688e+02, 3.3732626587152481e-02, 6619649, -1,
    3.5244610595703125e+02, 8.8101860046386719e+01,
    1.0370390892028809e+01, 2.9659347534179688e+02,
    4.1090890765190125e-02, 9830913, -1, 1.5683299255371094e+02,
    1.0054250335693359e+02, 9.6405878067016602e+00,
    1.9119232177734375e+01, 4.3180294334888458e-02, 4588033, -1,
    5.9264196777343750e+02, 1.1357923889160156e+02,
    1.0928254127502441e+01, 5.2799987792968750e+00,
    4.4988386332988739e-02, 13632001, -1, 4.8362725830078125e+02,
    1.6572259521484375e+02, 1.1098185539245605e+01,
    1.0674665832519531e+02, 5.3061503916978836e-02, 14746113, -1,
    2.0714488220214844e+02, 1.7241076660156250e+02,
    9.4123477935791016e+00, 1.0796667480468750e+02,
    3.7813521921634674e-02, 2818561, -1, 5.5587579345703125e+02,
    7.8324241638183594e+01, 1.2044015884399414e+01,
    1.8656814575195312e+02, 3.9905570447444916e-02, 3932929, -1,
    1.6526809692382812e+02, 7.9683464050292969e+01,
    1.3047972679138184e+01, 7.8496704101562500e+00,
    4.5505765825510025e-02, 9765633, -1, 5.1140249633789062e+02,
    9.3905082702636719e+01, 1.2870388984680176e+01,
    2.7987280273437500e+02, 5.5139102041721344e-02, 8782593, -1,
    5.1140249633789062e+02, 9.3905082702636719e+01,
    1.2870388984680176e+01, 1.9139520263671875e+02,
    5.5139102041721344e-02, 8782593, -1, 5.4297961425781250e+02,
    9.5051704406738281e+01, 1.3469499588012695e+01,
    2.5489067077636719e+02, 6.4350076019763947e-02, 12059393, -1,
    5.4297961425781250e+02, 9.5051704406738281e+01,
    1.3469499588012695e+01, 6.2214263916015625e+01,
    6.4350076019763947e-02, 12059393, -1, 1.7358914184570312e+02,
    9.5268196105957031e+01, 1.2142283439636230e+01,
    2.5417706298828125e+02, 6.6742382943630219e-02, 4522753, -1,
    1.7358914184570312e+02, 9.5268196105957031e+01,
    1.2142283439636230e+01, 8.8207580566406250e+01,
    6.6742382943630219e-02, 4522753, -1, 4.3347247314453125e+02,
    9.5320030212402344e+01, 1.2567913055419922e+01,
    2.5063412475585938e+02, 6.8888321518898010e-02, 7013121, -1,
    4.3347247314453125e+02, 9.5320030212402344e+01,
    1.2567913055419922e+01, 8.8968078613281250e+01,
    6.8888321518898010e-02, 7013121, -1, 5.9774224853515625e+02,
    9.5047859191894531e+01, 1.3721753120422363e+01,
    3.0177221679687500e+02, 6.0533016920089722e-02, 13370113, -1,
    5.9774224853515625e+02, 9.5047859191894531e+01,
    1.3721753120422363e+01, 5.8460693359375000e+01,
    6.0533016920089722e-02, 13370113, -1, 1.9374015808105469e+02,
    1.0815280151367188e+02, 1.2105642318725586e+01,
    2.5350347900390625e+02, 6.5324068069458008e-02, 4326145, -1,
    1.9374015808105469e+02, 1.0815280151367188e+02,
    1.2105642318725586e+01, 9.3306518554687500e+01,
    6.5324068069458008e-02, 4326145, -1, 4.5449188232421875e+02,
    1.0811072540283203e+02, 1.2172616958618164e+01,
    2.5318295288085938e+02, 6.4347632229328156e-02, 4719361, -1,
    4.5449188232421875e+02, 1.0811072540283203e+02,
    1.2172616958618164e+01, 9.4504913330078125e+01,
    6.4347632229328156e-02, 4719361, -1, 5.9391223144531250e+02,
    1.4400843811035156e+02, 1.2129507064819336e+01,
    3.4844915771484375e+02, 4.2966485023498535e-02, 4457217, -1,
    5.9391223144531250e+02, 1.4400843811035156e+02,
    1.2129507064819336e+01, 3.1027279663085938e+02,
    4.2966485023498535e-02, 4457217, -1, 2.2227224731445312e+02,
    1.6482984924316406e+02, 1.2104533195495605e+01,
    1.0192666625976562e+02, 5.4130747914314270e-02, 4326145, -1,
    1.4710491943359375e+02, 6.9252105712890625e+01,
    1.7705354690551758e+01, 1.1988830566406250e+00,
    7.1309164166450500e-02, 15139074, -1, 1.4710491943359375e+02,
    6.9252105712890625e+01, 1.7705354690551758e+01,
    1.9913560485839844e+02, 7.1309164166450500e-02, 15139074, -1,
    2.5474047851562500e+02, 7.0664077758789062e+01,
    1.8530717849731445e+01, 3.4166058349609375e+02,
    7.1862325072288513e-02, 1704450, -1, 2.5474047851562500e+02,
    7.0664077758789062e+01, 1.8530717849731445e+01,
    1.9170819091796875e+02, 7.1862325072288513e-02, 1704450, -1,
    5.7404821777343750e+02, 6.8006423950195312e+01,
    1.6227226257324219e+01, 3.3191973876953125e+02,
    6.7417748272418976e-02, 8782082, -1, 7.3193359375000000e+02,
    6.7848701477050781e+01, 1.6494981765747070e+01,
    1.7022688293457031e+02, 2.7178633958101273e-02, 9961730, -1,
    7.3193359375000000e+02, 6.7848701477050781e+01,
    1.6494981765747070e+01, 1.1734771728515625e+01,
    2.7178633958101273e-02, 9961730, -1, 3.2786447143554688e+02,
    9.3938056945800781e+01, 1.6525386810302734e+01,
