%YAML:1.0
tag: [ 1.9438531494140625e+02, 6.2731658935546875e+01,
    2.4433410167694092e+00, 3.4140896606445312e+02,
    4.9139186739921570e-02, 5571327, -1, 1.9438531494140625e+02,
    6.2731658935546875e+01, 2.4433410167694092e+00,
    2.7477133178710938e+02, 4.9139186739921570e-02, 5571327, -1,
    1.9813929748535156e+02, 6.3325859069824219e+01,
    3.1207168102264404e+00, 2.3623503112792969e+02,
    4.3980676680803299e-02, 6554623, -1, 2.6241940307617188e+02,
    7.2650848388671875e+01, 2.6803681850433350e+00,
    3.4056262207031250e+02, 3.4440051764249802e-02, 12255999, -1,
    3.0492137908935547e+01, 7.8950485229492188e+01,
    2.6251664161682129e+00, 3.4991455078125000e+02,
    3.2019592821598053e-02, 10748671, -1, 1.1711054992675781e+02,
    9.2906448364257812e+01, 2.5911114215850830e+00,
    4.2681457519531250e+01, 2.4665748700499535e-02, 9831167, -1,
    4.4275817871093750e+02, 5.5210441589355469e+01,
    3.0954258441925049e+00, 1.1457145690917969e+02,
    1.3519431464374065e-02, 5964799, -1, 3.0650976562500000e+02,
    9.5172943115234375e+01, 3.4373784065246582e+00,
    1.7968380737304688e+02, 2.6181839406490326e-02, 13501439, -1,
    3.9624194335937500e+02, 1.1047109985351562e+02,
    3.4093513488769531e+00, 3.5929986572265625e+02,
    2.7746051549911499e-02, 12911615, -1, 1.3431893920898438e+02,
    1.1428697204589844e+02, 3.1102015972137451e+00,
    1.2846368408203125e+02, 4.7324411571025848e-02, 6292479, -1,
    1.3431893920898438e+02, 1.1428697204589844e+02,
    3.1102015972137451e+00, 6.1939544677734375e+01,
    4.7324411571025848e-02, 6292479, -1, 3.0459332275390625e+02,
    1.1456084442138672e+02, 3.3899593353271484e+00,
    1.2745286560058594e+02, 4.5230284333229065e-02, 12518399, -1,
    3.0459332275390625e+02, 1.1456084442138672e+02,
    3.3899593353271484e+00, 6.0276580810546875e+01,
    4.5230284333229065e-02, 12518399, -1, 5.1167257690429688e+02,
    5.0221210479736328e+01, 3.9962890148162842e+00,
    6.5747253417968750e+01, 1.5281044878065586e-02, 7733504, -1,
    1.4204899597167969e+02, 6.0965065002441406e+01,
    4.2058477401733398e+00, 3.0405395507812500e+02,
    2.7544485405087471e-02, 11403520, -1, 3.9173699951171875e+02,
    6.2347213745117188e+01, 4.2951812744140625e+00,
    3.5470080566406250e+02, 5.3818691521883011e-02, 12910848, -1,
    3.9173699951171875e+02, 6.2347213745117188e+01,
    4.2951812744140625e+00, 2.7564849853515625e+02,
    5.3818691521883011e-02, 12910848, -1, 3.3806417846679688e+02,
    6.3129455566406250e+01, 3.8476722240447998e+00,
    2.7566903686523438e+02, 4.7671630978584290e-02, 4980992, -1,
    4.4511291503906250e+02, 8.7783767700195312e+01,
    4.1123075485229492e+00, 5.5455596923828125e+01,
    1.4731160365045071e-02, 9765120, -1, 3.0452667236328125e+02,
    1.1488786315917969e+02, 3.7019040584564209e+00,
    1.2197177124023438e+02, 4.5126792043447495e-02, 2162944, -1,
    1.6520014953613281e+02, 3.9056304931640625e+01,
    4.6017718315124512e+00, 2.6975805664062500e+02,
    2.8643438592553139e-02, 1180160, -1, 3.7358099365234375e+02,
    3.9105041503906250e+01, 4.5258369445800781e+00,
    2.7017352294921875e+02, 2.8867634013295174e-02, 512, -1,
    3.8531457519531250e+02, 5.5509052276611328e+01,
    5.9692149162292480e+00, 3.4949575805664062e+02,
    5.2793242037296295e-02, 3343104, -1, 3.8531457519531250e+02,
    5.5509052276611328e+01, 5.9692149162292480e+00,
    2.8626495361328125e+02, 5.2793242037296295e-02, 3343104, -1,
    2.2881338500976562e+02, 6.3254207611083984e+01,
    5.4541115760803223e+00, 3.0379937744140625e+02,
    4.8425145447254181e-02, 13500928, -1, 2.2881338500976562e+02,
    6.3254207611083984e+01, 5.4541115760803223e+00,
    2.3887786865234375e+02, 4.8425145447254181e-02, 13500928, -1,
    3.5710470581054688e+02, 7.1250267028808594e+01,
    4.5630569458007812e+00, 7.5296813964843750e+01,
    5.2028629928827286e-02, 590336, -1, 5.2999273681640625e+02,
    1.0201799774169922e+02, 4.6313009262084961e+00,
    3.0157531738281250e+01, 1.3778468593955040e-02, 1704448, -1,
    5.3570068359375000e+02, 1.0789994812011719e+02,
    4.9299025535583496e+00, 8.6472808837890625e+01,
    2.0149577409029007e-02, 6160896, -1, 3.3019738769531250e+02,
    1.1386347198486328e+02, 4.8559160232543945e+00,
    1.7397779846191406e+02, 5.3491283208131790e-02, 5112320, -1,
    3.3019738769531250e+02, 1.1386347198486328e+02,
    4.8559160232543945e+00, 9.7059082031250000e+01,
    5.3491283208131790e-02, 5112320, -1, 1.8906491088867188e+02,
    1.1984521484375000e+02, 4.5781116485595703e+00,
    9.0060089111328125e+01, 2.8605505824089050e-02, 852480, -1,
    2.2326074218750000e+02, 1.1980847930908203e+02,
    4.5646224021911621e+00, 9.0640686035156250e+01,
    2.8644520789384842e-02, 655872, -1, 2.5790002441406250e+02,
    1.1995079803466797e+02, 4.6021156311035156e+00,
    9.0016601562500000e+01, 2.9532453045248985e-02, 1245696, -1,
    3.3487084960937500e+02, 1.1996972656250000e+02,
    4.7391295433044434e+00, 8.9762756347656250e+01,
    2.9440820217132568e-02, 3342848, -1, 3.8535229492187500e+02,
    7.8327865600585938e+01, 6.1198925971984863e+00,
    7.3232482910156250e+01, 5.2717313170433044e-02, 5112576, -1,
    3.8535229492187500e+02, 7.8327865600585938e+01,
    6.1198925971984863e+00, 8.2575988769531250e+00,
    5.2717313170433044e-02, 5112576, -1, 3.1509786987304688e+02,
    1.1352325439453125e+02, 7.0678420066833496e+00,
    1.0648925781250000e+02, 5.8414187282323837e-02, 15532800, -1,
    3.6139739990234375e+02, 5.5349514007568359e+01,
    7.6640520095825195e+00, 1.8665118408203125e+02,
    4.4220253825187683e-02, 4653313, -1, 1.0741307067871094e+02,
    5.6053810119628906e+01, 8.8088769912719727e+00,
    7.4899597167968750e+00, 4.9966253340244293e-02, 14745857, -1,
    1.1225939941406250e+02, 6.6908584594726562e+01,
    8.2242498397827148e+00, 2.5549462890625000e+02,
    7.1951232850551605e-02, 9765121, -1, 2.8199569702148438e+02,
    6.6865676879882812e+01, 8.6121664047241211e+00,
    2.5360742187500000e+02, 7.5658909976482391e-02, 13107457, -1,
    3.3284753417968750e+02, 6.5851966857910156e+01,
    8.6558856964111328e+00, 2.7896594238281250e+02,
    5.9863205999135971e-02, 13500673, -1, 3.3284753417968750e+02,
    6.5851966857910156e+01, 8.6558856964111328e+00,
    1.8852539062500000e+02, 5.9863205999135971e-02, 13500673, -1,
    1.2577069091796875e+02, 7.5463478088378906e+01,
    7.5694689750671387e+00, 2.5339920043945312e+02,
    7.1860186755657196e-02, 3801345, -1, 2.9579492187500000e+02,
    7.5496696472167969e+01, 7.7064795494079590e+00,
    2.5269192504882812e+02, 7.0307895541191101e-02, 5112065, -1,
    1.4405368041992188e+02, 1.1238097381591797e+02,
    8.1671838760375977e+00, 1.0083517456054688e+02,
    6.0098513960838318e-02, 9306369, -1, 4.7225439453125000e+02,
    3.7215587615966797e+01, 1.0757025718688965e+01,
    1.6749482727050781e+02, 3.1893562525510788e-02, 12517889, -1,
    4.7225439453125000e+02, 3.7215587615966797e+01,
    1.0757025718688965e+01, 1.1683410644531250e+01,
    3.1893562525510788e-02, 12517889, -1, 3.7363760375976562e+02,
    4.8685794830322266e+01, 1.0731212615966797e+01,
    3.3440618896484375e+02, 7.4001535773277283e-02, 12321281, -1,
    3.7363760375976562e+02, 4.8685794830322266e+01,
    1.0731212615966797e+01, 1.9442747497558594e+02,
    7.4001535773277283e-02, 12321281, -1, 4.4673403930664062e+02,
    5.2168346405029297e+01, 1.0689921379089355e+01,
    3.1055889892578125e+02, 3.2406389713287354e-02, 12059137, -1,
    4.4673403930664062e+02, 5.2168346405029297e+01,
    1.0689921379089355e+01, 1.1001077270507812e+02,
    3.2406389713287354e-02, 12059137, -1, 4.9753085327148438e+02,
    5.2268577575683594e+01, 1.0492030143737793e+01,
    2.2794216918945312e+02, 3.1987484544515610e-02, 10682881, -1,
    4.9753085327148438e+02, 5.2268577575683594e+01,
    1.0492030143737793e+01, 7.2002197265625000e+01,
    3.1987484544515610e-02, 10682881, -1, 2.7302041625976562e+02,
    8.0587860107421875e+01, 1.1494765281677246e+01,
