%YAML:1.0
tag: [ 3.2028948974609375e+02, 5.5041580200195312e+01,
    4.8718161582946777e+00, 2.1763357543945312e+02,
    1.8097538501024246e-02, 5308928, -1, 1.9029278564453125e+02,
    5.7349559783935547e+01, 4.7583832740783691e+00,
    2.2303536987304688e+02, 1.4895576983690262e-02, 3604992, -1,
    3.2895196533203125e+02, 5.3919971466064453e+01,
    6.8457255363464355e+00, 2.2753283691406250e+02,
    2.5264024734497070e-02, 13239040, -1, 2.9878506469726562e+02,
    1.6574826049804688e+02, 6.3296265602111816e+00,
    1.2187211608886719e+02, 2.6739727705717087e-02, 7537408, -1,
    1.4746072387695312e+02, 1.6862918090820312e+02,
    6.9389314651489258e+00, 1.2461993408203125e+02,
    2.7278367429971695e-02, 14222080, -1, 3.5837063598632812e+02,
    4.0388736724853516e+01, 8.7950706481933594e+00,
    3.5192276000976562e+02, 2.1315999329090118e-02, 14614785, -1,
    2.1792739868164062e+02, 5.5384346008300781e+01,
    8.5618581771850586e+00, 3.1214355468750000e+02,
    2.4777753278613091e-02, 12714241, -1, 2.1792739868164062e+02,
    5.5384346008300781e+01, 8.5618581771850586e+00,
    2.2547293090820312e+02, 2.4777753278613091e-02, 12714241, -1,
    3.1083761596679688e+02, 5.6081581115722656e+01,
    7.7704100608825684e+00, 1.8976760864257812e+02,
    3.0306806787848473e-02, 5701889, -1, 1.8105816650390625e+02,
    5.7988388061523438e+01, 7.6086740493774414e+00,
    2.7919812011718750e+02, 2.7887171134352684e-02, 4129025, -1,
    1.6643232727050781e+02, 1.6701699829101562e+02,
    8.2560882568359375e+00, 8.9779449462890625e+01,
    3.2190959900617599e-02, 10092801, -1, 2.8905191040039062e+02,
    1.6929431152343750e+02, 7.2656054496765137e+00,
    1.0712557983398438e+02, 1.9891014322638512e-02, 852225, -1,
    2.8905191040039062e+02, 1.6929431152343750e+02,
    7.2656054496765137e+00, 6.3784515380859375e+01,
    1.9891014322638512e-02, 852225, -1, 1.3775900268554688e+02,
    1.7414050292968750e+02, 7.9446702003479004e+00,
    1.0916070556640625e+02, 2.0659789443016052e-02, 7274753, -1,
    1.3775900268554688e+02, 1.7414050292968750e+02,
    7.9446702003479004e+00, 6.0997283935546875e+01,
    2.0659789443016052e-02, 7274753, -1, 1.7477691650390625e+02,
    4.4046062469482422e+01, 1.2895858764648438e+01,
    3.5023168945312500e+02, 2.1387850865721703e-02, 8913665, -1,
    1.9084446716308594e+02, 4.9677227020263672e+01,
    8.4561300277709961e+00, 2.6897766113281250e+02,
    1.6204351559281349e-02, 11796737, -1, 1.9084446716308594e+02,
    4.9677227020263672e+01, 8.4561300277709961e+00,
    2.5364749145507812e+02, 1.6204351559281349e-02, 11796737, -1,
    1.0657312011718750e+02, 4.9670745849609375e+01,
    1.0119372367858887e+01, 3.5825051879882812e+02,
    2.7607077732682228e-02, 8061441, -1, 2.0336264038085938e+02,
    5.6842239379882812e+01, 1.0510603904724121e+01,
    3.0104809570312500e+02, 2.7026956900954247e-02, 10813953, -1,
    2.0336264038085938e+02, 5.6842239379882812e+01,
    1.0510603904724121e+01, 2.5337655639648438e+02,
    2.7026956900954247e-02, 10813953, -1, 3.6023803710937500e+02,
    8.6133720397949219e+01, 9.4442481994628906e+00,
    3.7537719726562500e+01, 2.1740350872278214e-02, 3080705, -1,
    3.6023803710937500e+02, 8.6133720397949219e+01,
    9.4442481994628906e+00, 8.2586669921875000e+00,
    2.1740350872278214e-02, 3080705, -1, 3.6321435546875000e+02,
    1.3368852233886719e+02, 1.0484172821044922e+01,
    3.3929589843750000e+02, 1.9801219925284386e-02, 10617345, -1,
    2.1830152893066406e+02, 1.6303273010253906e+02,
    1.1063794136047363e+01, 3.3422546386718750e+00,
    3.6068819463253021e-02, 14549505, -1, 2.1830152893066406e+02,
    1.6303273010253906e+02, 1.1063794136047363e+01,
    1.7139923095703125e+02, 3.6068819463253021e-02, 14549505, -1,
    2.4839427185058594e+02, 1.6370397949218750e+02,
    9.4666948318481445e+00, 1.6917939758300781e+02,
    3.4612208604812622e-02, 3277313, -1, 1.8830867004394531e+02,
    1.6536495971679688e+02, 9.4719362258911133e+00,
    5.2380065917968750e+00, 3.3466622233390808e-02, 3277313, -1,
    3.4526589965820312e+02, 1.9150222778320312e+01,
    1.1616127014160156e+01, 3.4797933959960938e+02,
    3.7548784166574478e-02, 1311489, -1, 5.7844055175781250e+01,
    2.3563493728637695e+01, 1.3859265327453613e+01,
    3.4544400024414062e+02, 4.1208695620298386e-02, 14091009, -1,
    5.7844055175781250e+01, 2.3563493728637695e+01,
    1.3859265327453613e+01, 1.8678649902343750e+02,
    4.1208695620298386e-02, 14091009, -1, 9.4147460937500000e+01,
    2.2257984161376953e+01, 1.2488363265991211e+01,
    3.5466870117187500e+02, 4.1922129690647125e-02, 6554369, -1,
    9.4147460937500000e+01, 2.2257984161376953e+01,
    1.2488363265991211e+01, 1.8839042663574219e+02,
    4.1922129690647125e-02, 6554369, -1, 1.5796276855468750e+02,
    2.1770210266113281e+01, 1.2297656059265137e+01,
    3.4887176513671875e+02, 3.8831286132335663e-02, 5440257, -1,
    1.5796276855468750e+02, 2.1770210266113281e+01,
    1.2297656059265137e+01, 1.8286462402343750e+02,
    3.8831286132335663e-02, 5440257, -1, 2.0269350051879883e+01,
    2.3778493881225586e+01, 1.3197104454040527e+01,
    1.7340272521972656e+02, 4.3231379240751266e-02, 10552065, -1,
    2.7592312622070312e+02, 8.3498695373535156e+01,
    1.3246009826660156e+01, 2.2897474670410156e+02,
    3.4029837697744370e-02, 10814209, -1, 1.2270897674560547e+02,
    8.5878318786621094e+01, 1.3759892463684082e+01,
    2.2950463867187500e+02, 3.5461902618408203e-02, 13566721, -1,
    2.2980313110351562e+02, 8.9336624145507812e+01,
    1.1955501556396484e+01, 1.6491661071777344e+02,
    3.5773839801549911e-02, 3408641, -1, 2.2980313110351562e+02,
    8.9336624145507812e+01, 1.1955501556396484e+01,
    9.9220275878906250e+00, 3.5773839801549911e-02, 3408641, -1,
    3.3184680175781250e+02, 9.0882431030273438e+01,
    1.3466513633728027e+01, 1.7249128723144531e+02,
    3.4146271646022797e-02, 12059393, -1, 3.3184680175781250e+02,
    9.0882431030273438e+01, 1.3466513633728027e+01,
    2.2145721435546875e+01, 3.4146271646022797e-02, 12059393, -1,
    1.9941790771484375e+02, 9.0227539062500000e+01,
    1.2104933738708496e+01, 1.6130169677734375e+02,
    3.6629654467105865e-02, 4326145, -1, 1.9941790771484375e+02,
    9.0227539062500000e+01, 1.2104933738708496e+01,
    1.2685913085937500e+01, 3.6629654467105865e-02, 4326145, -1,
    2.7483114624023438e+02, 1.0615615844726562e+02,
    1.3330635070800781e+01, 2.2702386474609375e+02,
    2.5960607454180717e-02, 11272961, -1, 1.2008868408203125e+02,
    1.1087551116943359e+02, 1.3209274291992188e+01,
    2.2334959411621094e+02, 2.7284840121865273e-02, 10617601, -1,
    8.7207939147949219e+01, 1.6408087158203125e+02,
    1.2809783935546875e+01, 1.5724316406250000e+02,
    3.4972783178091049e-02, 8389377, -1, 8.7207939147949219e+01,
    1.6408087158203125e+02, 1.2809783935546875e+01,
    1.5439636230468750e+01, 3.4972783178091049e-02, 8389377, -1,
    4.9423149108886719e+01, 1.6454350280761719e+02,
    1.3761255264282227e+01, 1.5889291381835938e+02,
    3.7227187305688858e-02, 13566721, -1, 4.9423149108886719e+01,
    1.6454350280761719e+02, 1.3761255264282227e+01,
    6.3410949707031250e+00, 3.7227187305688858e-02, 13566721, -1,
    3.2718539428710938e+02, 3.8325458526611328e+01,
    1.6135345458984375e+01, 2.5589929199218750e+02,
    2.1487340331077576e-02, 8388866, -1, 3.2718539428710938e+02,
    3.8325458526611328e+01, 1.6135345458984375e+01,
    1.9770892333984375e+02, 2.1487340331077576e-02, 8388866, -1,
    2.7630642700195312e+02, 6.0396751403808594e+01,
    1.7440984725952148e+01, 2.8539111328125000e+02,
    3.8857974112033844e-02, 14024962, -1, 2.7630642700195312e+02,
    6.0396751403808594e+01, 1.7440984725952148e+01,
    2.4204476928710938e+02, 3.8857974112033844e-02, 14024962, -1,
    1.2395890808105469e+02, 6.2530162811279297e+01,
    1.6799051284790039e+01, 2.8629571533203125e+02,
    3.7547301501035690e-02, 11337986, -1, 2.3451396179199219e+02,
    6.2941890716552734e+01, 1.6085699081420898e+01,
