%YAML:1.0
tag: [ 2.1502226257324219e+02, 3.1737543106079102e+01,
    2.4984717369079590e+00, 3.4691998291015625e+02,
    5.3185489028692245e-02, 7144191, -1, 2.1502226257324219e+02,
    3.1737543106079102e+01, 2.4984717369079590e+00,
    2.3225833129882812e+02, 5.3185489028692245e-02, 7144191, -1,
    5.9573111534118652e+00, 1.4216544151306152e+01,
    3.3833854198455811e+00, 1.7003263854980469e+02,
    2.9962018132209778e-02, 12387327, -1, 2.1125186157226562e+02,
    2.9685295104980469e+01, 3.3044083118438721e+00,
    2.7654965209960938e+02, 4.8632938414812088e-02, 10683391, -1,
    4.0846572875976562e+02, 4.7986507415771484e+00,
    4.7087054252624512e+00, 2.6951922607421875e+02,
    3.0228998512029648e-02, 2884096, -1, 2.0582902526855469e+02,
    2.4798507690429688e+01, 4.5948967933654785e+00,
    2.7017663574218750e+02, 2.9968343675136566e-02, 1114624, -1,
    3.6997155761718750e+02, 3.0237739562988281e+01,
    4.1687588691711426e+00, 2.7549673461914062e+02,
    5.0091460347175598e-02, 10748160, -1, 2.9811077880859375e+02,
    3.7052013397216797e+01, 3.7873580455780029e+00,
    1.6485609436035156e+02, 2.6933195069432259e-02, 3801344, -1,
    3.9064257812500000e+02, 3.8845764160156250e+01,
    4.7409520149230957e+00, 7.6093627929687500e+01,
    5.3171455860137939e-02, 3342848, -1, 3.9064257812500000e+02,
    3.8845764160156250e+01, 4.7409520149230957e+00,
    8.0342102050781250e+00, 5.3171455860137939e-02, 3342848, -1,
    4.3303012084960938e+02, 8.1394203186035156e+01,
    4.1878991127014160e+00, 3.5936691284179688e+02,
    2.7325708419084549e-02, 11075840, -1, 1.7833454895019531e+02,
    4.7804145812988281e+00, 4.7463650703430176e+00,
    2.6970443725585938e+02, 3.0306261032819748e-02, 3473920, -1,
    2.4877003479003906e+02, 3.1759643554687500e+01,
    4.8741030693054199e+00, 3.0643783569335938e+02,
    5.1737219095230103e-02, 5374464, -1, 2.4877003479003906e+02,
    3.1759643554687500e+01, 4.8741030693054199e+00,
    2.3722447204589844e+02, 5.1737219095230103e-02, 5374464, -1,
    4.3385556030273438e+02, 3.4310958862304688e+01,
    4.7119646072387695e+00, 3.5973660278320312e+02,
    2.9065523296594620e-02, 2949632, -1, 1.4304812622070312e+02,
    8.6181015014648438e+01, 4.6753849983215332e+00,
    1.1922746276855469e+02, 4.8236459493637085e-02, 2359808, -1,
    1.4304812622070312e+02, 8.6181015014648438e+01,
    4.6753849983215332e+00, 6.8431152343750000e+01,
    4.8236459493637085e-02, 2359808, -1, 3.3112985229492188e+02,
    8.6139167785644531e+01, 4.6340823173522949e+00,
    1.1875805664062500e+02, 4.8288557678461075e-02, 1704448, -1,
    3.3112985229492188e+02, 8.6139167785644531e+01,
    4.6340823173522949e+00, 6.4604827880859375e+01,
    4.8288557678461075e-02, 1704448, -1, 4.2095962524414062e+02,
    2.2126283645629883e+01, 6.7333831787109375e+00,
    3.5284197998046875e+02, 5.3262248635292053e-02, 12059392, -1,
    4.2095962524414062e+02, 2.2126283645629883e+01,
    6.7333831787109375e+00, 2.8477539062500000e+02,
    5.3262248635292053e-02, 12059392, -1, 1.0727277374267578e+02,
    3.6348667144775391e+01, 6.8128533363342285e+00,
    1.7913391113281250e+01, 5.1507409662008286e-02, 12845824, -1,
    4.2095458984375000e+02, 4.6378101348876953e+01,
    6.7235679626464844e+00, 7.4844909667968750e+01,
    5.3611043840646744e-02, 11928320, -1, 4.2095458984375000e+02,
    4.6378101348876953e+01, 6.7235679626464844e+00,
    5.6583862304687500e+00, 5.3611043840646744e-02, 11928320, -1,
    1.1268246459960938e+02, 2.3519563674926758e+01,
    9.2544298171997070e+00, 7.6329956054687500e+00,
    5.1223769783973694e-02, 1638913, -1, 1.1876685333251953e+02,
    3.4519512176513672e+01, 8.4983501434326172e+00,
    2.5127166748046875e+02, 7.6967172324657440e-02, 12124417, -1,
    1.1876685333251953e+02, 3.4519512176513672e+01,
    8.4983501434326172e+00, 8.6093566894531250e+01,
    7.6967172324657440e-02, 12124417, -1, 3.0671771240234375e+02,
    3.4448589324951172e+01, 8.9190769195556641e+00,
    2.5024118041992188e+02, 7.9034753143787384e-02, 15663361, -1,
    1.3456808471679688e+02, 4.3562606811523438e+01,
    8.0629053115844727e+00, 2.5578456115722656e+02,
    7.4746742844581604e-02, 8323329, -1, 3.2263922119140625e+02,
    4.3558959960937500e+01, 8.0650157928466797e+00,
    2.5578906250000000e+02, 7.4698515236377716e-02, 8388865, -1,
    1.5394322204589844e+02, 8.3196792602539062e+01,
    8.3362483978271484e+00, 1.0488281250000000e+02,
    6.3567034900188446e-02, 10748161, -1, 3.4201135253906250e+02,
    8.3194549560546875e+01, 8.3492088317871094e+00,
    1.0486410522460938e+02, 6.3559189438819885e-02, 10879233, -1,
    4.0847540283203125e+02, 1.4942483901977539e+01,
    1.1170155525207520e+01, 3.3821716308593750e+02,
    7.5294852256774902e-02, 15204865, -1, 4.0847540283203125e+02,
    1.4942483901977539e+01, 1.1170155525207520e+01,
    1.9158071899414062e+02, 7.5294852256774902e-02, 15204865, -1,
    3.6453454589843750e+02, 3.3807056427001953e+01,
    9.5617685317993164e+00, 2.7715310668945312e+02,
    6.2653303146362305e-02, 3998209, -1, 3.6453454589843750e+02,
    3.3807056427001953e+01, 9.5617685317993164e+00,
    1.9005265808105469e+02, 6.2653303146362305e-02, 3998209, -1,
    3.8634017944335938e+02, 3.4393035888671875e+01,
    9.6743431091308594e+00, 2.6071801757812500e+02,
    7.2293378412723541e-02, 4850177, -1, 4.2511199951171875e+02,
    3.4307487487792969e+01, 9.5428590774536133e+00,
    3.0697924804687500e+02, 6.7698471248149872e-02, 3801601, -1,
    4.2511199951171875e+02, 3.4307487487792969e+01,
    9.5428590774536133e+00, 5.3247436523437500e+01,
    6.7698471248149872e-02, 3801601, -1, 1.3315563964843750e+02,
    6.8251411437988281e+01, 1.1061589241027832e+01,
    2.0023704528808594e+02, 9.1524727642536163e-02, 14483969, -1,
    1.3315563964843750e+02, 6.8251411437988281e+01,
    1.1061589241027832e+01, 7.0127685546875000e+01,
    9.1524727642536163e-02, 14483969, -1, 3.2125128173828125e+02,
    6.8245086669921875e+01, 1.1054657936096191e+01,
    2.0063336181640625e+02, 9.1485649347305298e-02, 14483969, -1,
    3.2125128173828125e+02, 6.8245086669921875e+01,
    1.1054657936096191e+01, 7.2549255371093750e+01,
    9.1485649347305298e-02, 14483969, -1, 1.7859362792968750e+02,
    7.9879165649414062e+01, 1.1279149055480957e+01,
    4.2097167968750000e+00, 7.5318098068237305e-02, 15925761, -1,
    1.7859362792968750e+02, 7.9879165649414062e+01,
    1.1279149055480957e+01, 1.7599197387695312e+02,
    7.5318098068237305e-02, 15925761, -1, 2.7941738891601562e+02,
    7.9760658264160156e+01, 1.1481329917907715e+01,
    1.7242858886718750e+02, 7.4499204754829407e-02, 525057, -1,
    4.2233206176757812e+02, 8.2288894653320312e+01,
    1.0907752990722656e+01, 3.1430725097656250e+02,
    7.2605893015861511e-02, 13500929, -1, 9.9847587585449219e+01,
    1.6324565887451172e+01, 1.2271616935729980e+01,
    3.5838403320312500e+02, 7.8944884240627289e-02, 5309185, -1,
    9.9847587585449219e+01, 1.6324565887451172e+01,
    1.2271616935729980e+01, 2.0167315673828125e+02,
    7.8944884240627289e-02, 5309185, -1, 1.7837284851074219e+02,
    1.6903612136840820e+01, 1.2719466209411621e+01,
    3.4918612670898438e+02, 7.9923264682292938e-02, 7930625, -1,
    1.7837284851074219e+02, 1.6903612136840820e+01,
    1.2719466209411621e+01, 1.8739926147460938e+02,
    7.9923264682292938e-02, 7930625, -1, 1.7609027862548828e+01,
    1.7326120376586914e+01, 1.3314167976379395e+01,
    3.4150064086914062e+02, 7.9809509217739105e-02, 11207425, -1,
    1.7609027862548828e+01, 1.7326120376586914e+01,
    1.3314167976379395e+01, 1.7134970092773438e+02,
    7.9809509217739105e-02, 11207425, -1, 2.3207009887695312e+02,
    3.3531101226806641e+01, 1.1905370712280273e+01,
    2.7599804687500000e+02, 6.0648437589406967e-02, 3146497, -1,
    2.0811639404296875e+02, 3.8890129089355469e+01,
    1.4059878349304199e+01, 2.6713824462890625e+02,
    6.6400237381458282e-02, 15139585, -1, 1.0877371978759766e+02,
    4.8498695373535156e+01, 1.3035638809204102e+01,
