%YAML:1.0
tag: [ 3.8641735839843750e+02, 4.3337398529052734e+01,
    2.5506114959716797e+00, 1.6066772460937500e+01,
    3.6371972411870956e-02, 8651519, -1, 4.5061245727539062e+02,
    3.3807945251464844e+01, 3.9678752422332764e+00,
    3.5989236450195312e+02, 3.5470906645059586e-02, 7209216, -1,
    4.9791308593750000e+02, 1.2251031875610352e+01,
    5.4152717590332031e+00, 2.6562799072265625e+02,
    6.6201165318489075e-02, 12976640, -1, 5.5895977783203125e+02,
    1.9529079437255859e+01, 5.1127700805664062e+00,
    3.0179138183593750e+00, 4.9623902887105942e-02, 8847872, -1,
    2.4405119323730469e+02, 2.7203304290771484e+01,
    5.7313623428344727e+00, 3.3115615844726562e+02,
    7.8002154827117920e-02, 393984, -1, 2.4405119323730469e+02,
    2.7203304290771484e+01, 5.7313623428344727e+00,
    2.0846067810058594e+02, 7.8002154827117920e-02, 393984, -1,
    4.9893353271484375e+02, 2.5686452865600586e+01,
    5.1813378334045410e+00, 9.1840118408203125e+01,
    5.1532763987779617e-02, 9765376, -1, 2.5994900512695312e+02,
    3.8860656738281250e+01, 5.6103191375732422e+00,
    2.7476284790039062e+02, 7.7777847647666931e-02, 15532544, -1,
    2.5994900512695312e+02, 3.8860656738281250e+01,
    5.6103191375732422e+00, 4.7364196777343750e+01,
    7.7777847647666931e-02, 15532544, -1, 2.3409429931640625e+02,
    5.7678867340087891e+01, 5.6933393478393555e+00,
    1.9312025451660156e+02, 7.8238889575004578e-02, 16581120, -1,
    2.3409429931640625e+02, 5.7678867340087891e+01,
    5.6933393478393555e+00, 6.0532775878906250e+01,
    7.8238889575004578e-02, 16581120, -1, 2.5401496887207031e+02,
    5.7767177581787109e+01, 5.6415362358093262e+00,
    3.4832931518554688e+02, 7.8168734908103943e-02, 15925760, -1,
    2.5401496887207031e+02, 5.7767177581787109e+01,
    5.6415362358093262e+00, 1.1888610839843750e+02,
    7.8168734908103943e-02, 15925760, -1, 9.2860420227050781e+01,
    7.9646911621093750e+01, 5.2460489273071289e+00,
    8.3996826171875000e+01, 6.0966994613409042e-02, 10682880, -1,
    1.0569419860839844e+02, 7.9724113464355469e+01,
    5.1442184448242188e+00, 9.4105194091796875e+01,
    6.8971306085586548e-02, 9241088, -1, 1.6983332824707031e+02,
    7.9643371582031250e+01, 5.2713589668273926e+00,
    8.6218841552734375e+01, 6.5506644546985626e-02, 11010560, -1,
    1.8141348266601562e+02, 7.9669769287109375e+01,
    5.0567111968994141e+00, 9.5161071777343750e+01,
    6.1985496431589127e-02, 7995904, -1, 3.5163598632812500e+02,
    7.9595718383789062e+01, 5.3422417640686035e+00,
    8.6087585449218750e+01, 5.7339686900377274e-02, 11993600, -1,
    3.6300332641601562e+02, 7.9587997436523438e+01,
    5.3390541076660156e+00, 9.3137878417968750e+01,
    6.1151899397373199e-02, 11928064, -1, 4.2580047607421875e+02,
    7.9615493774414062e+01, 5.2798857688903809e+00,
    8.5807861328125000e+01, 6.3997760415077209e-02, 11141632, -1,
    4.3739279174804688e+02, 7.9662307739257812e+01,
    5.1538100242614746e+00, 9.5701782226562500e+01,
    6.0173030942678452e-02, 9372160, -1, 2.3486103820800781e+02,
    3.1575317382812500e+01, 6.1158394813537598e+00,
    2.5591131591796875e+02, 6.0822058469057083e-02, 5047040, -1,
    2.3486103820800781e+02, 3.1575317382812500e+01,
    6.1158394813537598e+00, 2.1213938903808594e+02,
    6.0822058469057083e-02, 5047040, -1, 2.5320649719238281e+02,
    3.1579900741577148e+01, 6.0899753570556641e+00,
    3.2778021240234375e+02, 6.1136148869991302e-02, 4784896, -1,
    2.5320649719238281e+02, 3.1579900741577148e+01,
    6.0899753570556641e+00, 2.8455828857421875e+02,
    6.1136148869991302e-02, 4784896, -1, 2.2822329711914062e+02,
    3.8921577453613281e+01, 5.7228899002075195e+00,
    2.5903594970703125e+02, 7.7412165701389313e-02, 262912, -1,
    2.2822329711914062e+02, 3.8921577453613281e+01,
    5.7228899002075195e+00, 1.3719558715820312e+02,
    7.7412165701389313e-02, 262912, -1, 2.2938523864746094e+02,
    4.8816726684570312e+01, 6.1117262840270996e+00,
    1.8547192382812500e+02, 6.0375507920980453e-02, 5047040, -1,
    2.2938523864746094e+02, 4.8816726684570312e+01,
    6.1117262840270996e+00, 1.4004119873046875e+02,
    6.0375507920980453e-02, 5047040, -1, 2.5896032714843750e+02,
    4.8929313659667969e+01, 6.4628672599792480e+00,
    3.5488513183593750e+02, 6.0136437416076660e-02, 9044736, -1,
    2.5896032714843750e+02, 4.8929313659667969e+01,
    6.4628672599792480e+00, 3.9879150390625000e+01,
    6.0136437416076660e-02, 9044736, -1, 2.4399775695800781e+02,
    5.9369041442871094e+01, 6.0263204574584961e+00,
    1.1078189086914062e+02, 6.0333788394927979e-02, 3998464, -1,
    2.4399775695800781e+02, 5.9369041442871094e+01,
    6.0263204574584961e+00, 6.8855316162109375e+01,
    6.0333788394927979e-02, 3998464, -1, 2.2726426696777344e+02,
    7.1384140014648438e+01, 6.4135179519653320e+00,
    5.1254272460937500e-01, 4.2501490563154221e-02, 8520448, -1,
    5.4082049560546875e+02, 3.4683685302734375e+01,
    8.5255470275878906e+00, 7.8893768310546875e+01,
    6.9453634321689606e-02, 12386561, -1, 5.4082049560546875e+02,
    3.4683685302734375e+01, 8.5255470275878906e+00,
    6.3146362304687500e+00, 6.9453634321689606e-02, 12386561, -1,
    3.9393695068359375e+02, 4.3125663757324219e+01,
    9.0381078720092773e+00, 1.6377517700195312e+02,
    1.0895486921072006e-01, 16580865, -1, 3.9393695068359375e+02,
    4.3125663757324219e+01, 9.0381078720092773e+00,
    1.2945739746093750e+01, 1.0895486921072006e-01, 16580865, -1,
    4.5797335815429688e+02, 6.9837379455566406e+01,
    7.7718710899353027e+00, 1.4155828857421875e+02,
    7.9945862293243408e-02, 5701889, -1, 4.5797335815429688e+02,
    6.9837379455566406e+01, 7.7718710899353027e+00,
    9.0121765136718750e+00, 7.9945862293243408e-02, 5701889, -1,
    1.2988269042968750e+02, 7.2679695129394531e+01,
    8.4004735946655273e+00, 8.4054687500000000e+01,
    6.4081802964210510e-02, 11337985, -1, 1.2988269042968750e+02,
    7.2679695129394531e+01, 8.4004735946655273e+00,
    2.7671051025390625e+01, 6.4081802964210510e-02, 11337985, -1,
    1.4570037841796875e+02, 7.2651008605957031e+01,
    8.2456426620483398e+00, 1.5124414062500000e+02,
    6.3682913780212402e-02, 9961729, -1, 1.4570037841796875e+02,
    7.2651008605957031e+01, 8.2456426620483398e+00,
    9.7962005615234375e+01, 6.3682913780212402e-02, 9961729, -1,
    2.2812034606933594e+02, 7.1908096313476562e+01,
    7.3425850868225098e+00, 3.8291931152343750e+00,
    4.1858572512865067e-02, 1573121, -1, 3.8641650390625000e+02,
    7.2705307006835938e+01, 8.3138837814331055e+00,
    8.1632659912109375e+01, 6.3060499727725983e-02, 10551553, -1,
    3.8641650390625000e+02, 7.2705307006835938e+01,
    8.3138837814331055e+00, 3.0879760742187500e+01,
    6.3060499727725983e-02, 10551553, -1, 4.0161785888671875e+02,
    7.2772613525390625e+01, 8.5484609603881836e+00,
    1.4875033569335938e+02, 6.2500379979610443e-02, 12583169, -1,
    4.0161785888671875e+02, 7.2772613525390625e+01,
    8.5484609603881836e+00, 9.6541534423828125e+01,
    6.2500379979610443e-02, 12583169, -1, 1.8445915222167969e+02,
    7.7564994812011719e+01, 8.5680799484252930e+00,
    9.3629943847656250e+01, 5.9347998350858688e-02, 12714241, -1,
    4.6183700561523438e+02, 3.3785427093505859e+01,
    1.0642249107360840e+01, 2.7000732421875000e+02,
    1.1710088700056076e-01, 11731457, -1, 1.2415435791015625e+02,
    3.5425247192382812e+01, 1.0893404960632324e+01,
    2.0003405761718750e+02, 5.2991412580013275e-02, 13369857, -1,
    1.3737391662597656e+02, 4.3078762054443359e+01,
    9.1614685058593750e+00, 1.6949021911621094e+02,
    1.0894265025854111e-01, 852481, -1, 1.3737391662597656e+02,
    4.3078762054443359e+01, 9.1614685058593750e+00,
    1.2184509277343750e+01, 1.0894265025854111e-01, 852481, -1,
    1.3762704467773438e+02, 5.9588603973388672e+01,
    1.1104968070983887e+01, 9.0191741943359375e+01,
    4.9866195768117905e-02, 14811649, -1, 3.9400939941406250e+02,
    5.9478076934814453e+01, 1.1206078529357910e+01,
