%YAML:1.0
tag: [ 5.7617272949218750e+02, 4.7407806396484375e+02,
    4.0325155258178711e+00, 1.9656872558593750e+02,
    3.1733810901641846e-02, 8388864, -1, 3.1445010375976562e+02,
    6.3211663818359375e+02, 4.1064968109130859e+00,
    2.8865447998046875e+02, 3.4878291189670563e-02, 9699584, -1,
    2.9737265014648438e+02, 2.2615957641601562e+02,
    4.1530094146728516e+00, 3.5394653320312500e+02,
    3.8099382072687149e-02, 10486016, -1, 3.2528930664062500e+02,
    2.1508592224121094e+02, 4.2580043792724609e+01,
    3.4726254272460938e+02, 8.6906522512435913e-02, 11731459, -1,
    3.2528930664062500e+02, 2.1508592224121094e+02,
    4.2580043792724609e+01, 1.9278985595703125e+02,
    8.6906522512435913e-02, 11731459, -1, 2.1722230529785156e+02,
    2.8008502197265625e+02, 4.3622684478759766e+01,
    2.8883731079101562e+02, 9.0198948979377747e-02, 13500931, -1,
    2.1722230529785156e+02, 2.8008502197265625e+02,
    4.3622684478759766e+01, 1.3249031066894531e+02,
    9.0198948979377747e-02, 13500931, -1, 4.3368798828125000e+02,
    2.7840679931640625e+02, 4.2919277191162109e+01,
    2.5232583618164062e+02, 8.4151796996593475e-02, 12321283, -1,
    4.3368798828125000e+02, 2.7840679931640625e+02,
    4.2919277191162109e+01, 4.5888671875000000e+01,
    8.4151796996593475e-02, 12321283, -1, 2.1881213378906250e+02,
    4.0989956665039062e+02, 4.3807857513427734e+01,
    2.2735484313964844e+02, 9.0348318219184875e-02, 13763075, -1,
    2.1881213378906250e+02, 4.0989956665039062e+02,
    4.3807857513427734e+01, 6.8988372802734375e+01,
    9.0348318219184875e-02, 13763075, -1, 4.3554470825195312e+02,
    4.0717019653320312e+02, 4.3349987030029297e+01,
    3.1335836791992188e+02, 8.7496206164360046e-02, 13042179, -1,
    3.2812322998046875e+02, 4.7310568237304688e+02,
    4.2905479431152344e+01, 1.6695861816406250e+02,
    9.0528316795825958e-02, 12255747, -1, 3.2812322998046875e+02,
    4.7310568237304688e+02, 4.2905479431152344e+01,
    1.0700714111328125e+01, 9.0528316795825958e-02, 12255747, -1,
    2.3669261169433594e+02, 1.9365312194824219e+02,
    7.0272338867187500e+01, 3.5187066650390625e+02,
    5.0199497491121292e-02, 14549252, -1, 2.3669261169433594e+02,
    1.9365312194824219e+02, 7.0272338867187500e+01,
    1.2344573974609375e+02, 5.0199497491121292e-02, 14549252, -1,
    1.2630561828613281e+02, 2.2667704772949219e+02,
    6.0527557373046875e+01, 3.0192694091796875e+02,
    9.6393451094627380e-02, 3735812, -1, 1.2630561828613281e+02,
    2.2667704772949219e+02, 6.0527557373046875e+01,
    1.1833139038085938e+02, 9.6393451094627380e-02, 3735812, -1,
    5.2298297119140625e+02, 2.2278942871093750e+02,
    6.1187477111816406e+01, 2.3913642883300781e+02,
    8.2595735788345337e-02, 4522244, -1, 5.2298297119140625e+02,
    2.2278942871093750e+02, 6.1187477111816406e+01,
    5.4966400146484375e+01, 8.2595735788345337e-02, 4522244, -1,
    4.8567166137695312e+02, 3.4168319702148438e+02,
    6.5848625183105469e+01, 2.4993225097656250e+02,
    4.5045379549264908e-02, 9830660, -1, 1.2921423339843750e+02,
    4.6540478515625000e+02, 6.0724567413330078e+01,
    2.3882414245605469e+02, 9.6544682979583740e-02, 3997956, -1,
    1.2921423339843750e+02, 4.6540478515625000e+02,
    6.0724567413330078e+01, 5.6735961914062500e+01,
    9.6544682979583740e-02, 3997956, -1, 5.2666699218750000e+02,
    4.6096749877929688e+02, 6.0450603485107422e+01,
    2.9885211181640625e+02, 8.9949853718280792e-02, 3670276, -1,
    4.1460446166992188e+02, 4.9524789428710938e+02,
    7.0411819458007812e+01, 3.0414425659179688e+02,
    5.0287768244743347e-02, 14680324, -1, 4.1460446166992188e+02,
    4.9524789428710938e+02, 7.0411819458007812e+01,
    1.7550392150878906e+02, 5.0287768244743347e-02, 14680324, -1,
    2.4286328125000000e+02, 4.9608111572265625e+02,
    6.9713676452636719e+01, 1.8692626953125000e+00,
    5.0141934305429459e-02, 13959428, -1, 2.4286328125000000e+02,
    4.9608111572265625e+02, 6.9713676452636719e+01,
    2.3352468872070312e+02, 5.0141934305429459e-02, 13959428, -1 ]
