%YAML:1.0
tag: [ 3.7516693115234375e+02, 1.8939794540405273e+01,
    2.0388741493225098e+00, 4.6675445556640625e+01,
    1.3623141683638096e-02, 9175551, -1, 3.5351882934570312e+02,
    1.5879957199096680e+01, 3.1423738002777100e+00,
    1.8139947509765625e+02, 2.0880693569779396e-02, 7013375, -1,
    6.7425544738769531e+01, 1.6986892700195312e+01,
    3.1282386779785156e+00, 9.0497131347656250e+00,
    2.7030184864997864e-02, 6685695, -1, 2.6608074951171875e+02,
    3.1166692733764648e+01, 3.4457275867462158e+00,
    1.5909506225585938e+02, 5.8385275304317474e-02, 13698047, -1,
    2.6608074951171875e+02, 3.1166692733764648e+01,
    3.4457275867462158e+00, 1.8966003417968750e+01,
    5.8385275304317474e-02, 13698047, -1, 3.3712841796875000e+02,
    3.7793567657470703e+01, 3.2025532722473145e+00,
    3.5689697265625000e+01, 2.6182312518358231e-02, 8389631, -1,
    2.8550802612304688e+02, 5.7127655029296875e+01,
    3.0545582771301270e+00, 3.4720025634765625e+02,
    2.8489243239164352e-02, 4981759, -1, 2.4607241821289062e+02,
    5.7167716979980469e+01, 3.2365453243255615e+00,
    1.9311631774902344e+02, 2.7967169880867004e-02, 9176063, -1,
    1.7067872619628906e+02, 5.9090984344482422e+01,
    3.2259910106658936e+00, 1.7947387695312500e-01,
    2.1716317161917686e-02, 8913919, -1, 3.8187091064453125e+02,
    1.5862209320068359e+01, 5.6639175415039062e+00,
    2.7435614013671875e+02, 7.1725711226463318e-02, 16253440, -1,
    3.8187091064453125e+02, 1.5862209320068359e+01,
    5.6639175415039062e+00, 6.2089965820312500e+01,
    7.1725711226463318e-02, 16253440, -1, 3.6473590087890625e+02,
    2.3451923370361328e+01, 5.1608867645263672e+00,
    1.7249899291992188e+02, 5.2609626203775406e-02, 9503232, -1,
    3.6473590087890625e+02, 2.3451923370361328e+01,
    5.1608867645263672e+00, 1.0202395629882812e+02,
    5.2609626203775406e-02, 9503232, -1, 3.7990954589843750e+02,
    2.3341535568237305e+01, 4.7641291618347168e+00,
    6.2894531250000000e+01, 4.7585651278495789e-02, 3736064, -1,
    3.7990954589843750e+02, 2.3341535568237305e+01,
    4.7641291618347168e+00, 9.6619262695312500e+00,
    4.7585651278495789e-02, 3736064, -1, 3.1860986328125000e+02,
    3.8811504364013672e+01, 5.3339896202087402e+00,
    2.7041903686523438e+02, 4.5976210385560989e-02, 11862528, -1,
    3.3362667846679688e+02, 4.2812286376953125e+01,
    4.9103827476501465e+00, 3.3934326171875000e+02,
    4.7816284000873566e-02, 5898752, -1, 3.3362667846679688e+02,
    4.2812286376953125e+01, 4.9103827476501465e+00,
    3.4755737304687500e+01, 4.7816284000873566e-02, 5898752, -1,
    1.0163131713867188e+02, 4.8553970336914062e+01,
    5.4430088996887207e+00, 9.0178497314453125e+01,
    5.0382133573293686e-02, 13369856, -1, 2.6609564208984375e+02,
    4.8575080871582031e+01, 5.4465708732604980e+00,
    8.9978698730468750e+01, 4.9479559063911438e-02, 13369856, -1,
    3.5985452270507812e+02, 1.6020566940307617e+01,
    6.1104512214660645e+00, 2.6374163818359375e+02,
    7.6215051114559174e-02, 4981504, -1, 3.5985452270507812e+02,
    1.6020566940307617e+01, 6.1104512214660645e+00,
    1.0903115844726562e+02, 7.6215051114559174e-02, 4981504, -1,
    1.9358139038085938e+01, 1.7231161117553711e+01,
    7.1317915916442871e+00, 1.7303582763671875e+02,
    7.6337479054927826e-02, 16188160, -1, 6.0800716400146484e+01,
    1.7148807525634766e+01, 7.0584497451782227e+00,
    7.3303833007812500e+00, 7.7826306223869324e-02, 15467264, -1,
    1.4424333190917969e+02, 1.7313772201538086e+01,
    7.1388564109802246e+00, 3.5623324584960938e+02,
    7.7305294573307037e-02, 16253696, -1, 1.4424333190917969e+02,
    1.7313772201538086e+01, 7.1388564109802246e+00,
    1.8378323364257812e+02, 7.7305294573307037e-02, 16253696, -1,
    1.0163236236572266e+02, 3.9790134429931641e+01,
    6.0998568534851074e+00, 1.6721069335937500e+02,
    8.2107506692409515e-02, 4850432, -1, 1.0163236236572266e+02,
    3.9790134429931641e+01, 6.0998568534851074e+00,
    6.8469543457031250e+00, 8.2107506692409515e-02, 4850432, -1,
    2.6613650512695312e+02, 3.9735652923583984e+01,
    6.1313395500183105e+00, 1.7078291320800781e+02,
    8.1442318856716156e-02, 5243648, -1, 2.6613650512695312e+02,
    3.9735652923583984e+01, 6.1313395500183105e+00,
    8.7087402343750000e+00, 8.1442318856716156e-02, 5243648, -1,
    3.1804183959960938e+02, 4.8147918701171875e+01,
    6.9950728416442871e+00, 1.4714079284667969e+02,
    6.8312212824821472e-02, 14811904, -1, 3.1804183959960938e+02,
    4.8147918701171875e+01, 6.9950728416442871e+00,
    5.7202758789062500e+00, 6.8312212824821472e-02, 14811904, -1,
    1.5274215698242188e+02, 5.0919685363769531e+01,
    6.2647814750671387e+00, 3.5392062377929688e+02,
    5.1981750875711441e-02, 6816512, -1, 1.5274215698242188e+02,
    5.0919685363769531e+01, 6.2647814750671387e+00,
    2.7686779785156250e+02, 5.1981750875711441e-02, 6816512, -1,
    2.6978298950195312e+02, 5.6358768463134766e+01,
    6.3107748031616211e+00, 1.4170082092285156e+02,
    4.8216205090284348e-02, 7340800, -1, 2.6978298950195312e+02,
    5.6358768463134766e+01, 6.3107748031616211e+00,
    1.0087527465820312e+02, 4.8216205090284348e-02, 7340800, -1,
    8.7537467956542969e+01, 5.8626888275146484e+01,
    6.6416902542114258e+00, 1.8973884582519531e+02,
    7.5408130884170532e-02, 11010816, -1, 8.7537467956542969e+01,
    5.8626888275146484e+01, 6.6416902542114258e+00,
    3.6400756835937500e+01, 7.5408130884170532e-02, 11010816, -1,
    1.1526374053955078e+02, 5.8749240875244141e+01,
    6.5637688636779785e+00, 3.5009451293945312e+02,
    7.5263425707817078e-02, 10158848, -1, 1.1526374053955078e+02,
    5.8749240875244141e+01, 6.5637688636779785e+00,
    1.4331851196289062e+02, 7.5263425707817078e-02, 10158848, -1,
    1.6363052368164062e+02, 5.9174049377441406e+01,
    6.6276307106018066e+00, 2.7595944213867188e+02,
    7.7951900660991669e-02, 10879744, -1, 1.6363052368164062e+02,
    5.9174049377441406e+01, 6.6276307106018066e+00,
    8.5694580078125000e+01, 7.7951900660991669e-02, 10879744, -1,
    1.9175735473632812e+02, 5.8696067810058594e+01,
    6.3688669204711914e+00, 1.7317425537109375e+02,
    7.5539626181125641e-02, 7996160, -1, 2.0797839355468750e+02,
    5.8337928771972656e+01, 6.9451646804809570e+00,
    1.5813220214843750e+02, 6.6977329552173615e-02, 14287616, -1,
    2.0797839355468750e+02, 5.8337928771972656e+01,
    6.9451646804809570e+00, 2.1840087890625000e+01,
    6.6977329552173615e-02, 14287616, -1, 2.2409825134277344e+02,
    5.8664886474609375e+01, 6.4285645484924316e+00,
    7.1259155273437500e+00, 7.4755914509296417e-02, 8651520, -1,
    2.5202917480468750e+02, 5.8806922912597656e+01,
    6.5204987525939941e+00, 1.9033749389648438e+02,
    7.6454669237136841e-02, 9700096, -1, 2.5202917480468750e+02,
    5.8806922912597656e+01, 6.5204987525939941e+00,
    3.5472656250000000e+01, 7.6454669237136841e-02, 9700096, -1,
    2.7981915283203125e+02, 5.8682868957519531e+01,
    6.6153841018676758e+00, 3.5165521240234375e+02,
    7.4336938560009003e-02, 10748672, -1, 2.7981915283203125e+02,
    5.8682868957519531e+01, 6.6153841018676758e+00,
    1.4313336181640625e+02, 7.4336938560009003e-02, 10748672, -1,
    3.0890899658203125e+02, 5.8047054290771484e+01,
    7.0181093215942383e+00, 1.7512145996093750e+02,
    7.7358067035675049e-02, 15008512, -1, 3.0890899658203125e+02,
    5.8047054290771484e+01, 7.0181093215942383e+00,
    5.8255004882812500e+00, 7.7358067035675049e-02, 15008512, -1,
    1.9405681610107422e+01, 1.7740669250488281e+01,
    7.3185663223266602e+00, 1.7335502624511719e+02,
    7.5581073760986328e-02, 1376513, -1, 3.9977649688720703e+01,
    1.8302196502685547e+01, 8.4109249114990234e+00,
    3.3668435668945312e+02, 7.1826040744781494e-02, 11403521, -1,
    3.9977649688720703e+01, 1.8302196502685547e+01,
    8.4109249114990234e+00, 2.0326055908203125e+02,
    7.1826040744781494e-02, 11403521, -1, 6.0733646392822266e+01,
    1.7697237014770508e+01, 7.2806458473205566e+00,
