%YAML:1.0
tag: [ 3.1469815063476562e+02, 5.1715587615966797e+01,
    3.2545278072357178e+00, 1.4939184570312500e+02,
    3.5665556788444519e-02, 9569279, -1, 1.3100790977478027e+01,
    1.4405293464660645e+01, 4.2613210678100586e+00,
    2.6679006958007812e+02, 6.4907319843769073e-02, 12386560, -1,
    3.3974319458007812e+02, 1.4234546661376953e+01,
    3.8382740020751953e+00, 2.6544137573242188e+02,
    5.8030068874359131e-02, 4784384, -1, 3.4120870971679688e+02,
    2.2712484359741211e+01, 4.4562602043151855e+00,
    9.0308319091796875e+01, 4.1848935186862946e-02, 15597824, -1,
    3.7492349243164062e+02, 2.2785856246948242e+01,
    4.3604307174682617e+00, 3.6248474121093750e+00,
    6.2308195978403091e-02, 14024960, -1, 3.7492349243164062e+02,
    2.2785856246948242e+01, 4.3604307174682617e+00,
    8.1269714355468750e+01, 6.2308195978403091e-02, 14024960, -1,
    3.1289245605468750e+02, 3.6947906494140625e+01,
    4.0184516906738281e+00, 2.6955432128906250e+02,
    3.1090229749679565e-02, 8126720, -1, 1.5338070678710938e+02,
    4.2130390167236328e+01, 3.8672733306884766e+00,
    1.7538784790039062e+02, 6.2072008848190308e-02, 5374208, -1,
    1.6972111511230469e+02, 4.2229568481445312e+01,
    3.8134701251983643e+00, 8.1970611572265625e+01,
    5.9175439178943634e-02, 4325632, -1, 1.6972111511230469e+02,
    4.2229568481445312e+01, 3.8134701251983643e+00,
    6.1782836914062500e+00, 5.9175439178943634e-02, 4325632, -1,
    7.8874847412109375e+01, 6.2437332153320312e+01,
    4.6436209678649902e+00, 9.5171508789062500e+01,
    5.8654583990573883e-02, 1835520, -1, 6.7968467712402344e+01,
    6.2735195159912109e+01, 4.2553920745849609e+00,
    8.4814910888671875e+01, 5.2009124308824539e-02, 12255488, -1,
    7.8263572692871094e+01, 6.2778221130371094e+01,
    3.9890606403350830e+00, 9.4558044433593750e+01,
    6.0912597924470901e-02, 7602432, -1, 1.2400559234619141e+02,
    6.2641098022460938e+01, 4.1261639595031738e+00,
    8.7163024902343750e+01, 5.4086025804281235e-02, 10027264, -1,
    2.4279736328125000e+02, 6.2678043365478516e+01,
    4.2114119529724121e+00, 9.3069976806640625e+01,
    5.5709868669509888e-02, 11534592, -1, 8.3589073181152344e+01,
    6.7828712463378906e+01, 3.9197196960449219e+00,
    8.9066284179687500e+01, 3.2837368547916412e-02, 6291712, -1,
    5.2719295501708984e+01, 1.5135521888732910e+01,
    4.9574575424194336e+00, 3.4299160766601562e+02,
    5.9774503111839294e-02, 6619648, -1, 5.2719295501708984e+01,
    1.5135521888732910e+01, 4.9574575424194336e+00,
    2.7610919189453125e+02, 5.9774503111839294e-02, 6619648, -1,
    9.2998168945312500e+01, 1.5329295158386230e+01,
    5.3994693756103516e+00, 2.6485513305664062e+02,
    5.5620267987251282e-02, 12780032, -1, 1.9672552490234375e+02,
    1.5098337173461914e+01, 5.0526080131530762e+00,
    3.4225958251953125e+02, 5.8726556599140167e-02, 7995904, -1,
    1.9672552490234375e+02, 1.5098337173461914e+01,
    5.0526080131530762e+00, 2.7583645629882812e+02,
    5.8726556599140167e-02, 7995904, -1, 2.1737542724609375e+02,
    1.5317377090454102e+01, 5.4594874382019043e+00,
    2.6414862060546875e+02, 5.8633275330066681e-02, 13566464, -1,
    2.1737542724609375e+02, 1.5317377090454102e+01,
    5.4594874382019043e+00, 1.9652124023437500e+02,
    5.8633275330066681e-02, 13566464, -1, 2.9642327880859375e+02,
    1.5259906768798828e+01, 5.3644266128540039e+00,
    2.6473413085937500e+02, 6.0970604419708252e-02, 12321280, -1,
    2.9642327880859375e+02, 1.5259906768798828e+01,
    5.3644266128540039e+00, 1.8533807373046875e+02,
    6.0970604419708252e-02, 12321280, -1, 3.7009609985351562e+02,
    2.9455129623413086e+01, 5.4496321678161621e+00,
    7.3745697021484375e+01, 5.5972564965486526e-02, 13435392, -1,
    3.7009609985351562e+02, 2.9455129623413086e+01,
    5.4496321678161621e+00, 6.7113037109375000e+00,
    5.5972564965486526e-02, 13435392, -1, 3.1092483520507812e+02,
    5.5752506256103516e+01, 5.8698792457580566e+00,
    1.4142036437988281e+02, 6.6115804016590118e-02, 2097920, -1,
    3.1092483520507812e+02, 5.5752506256103516e+01,
    5.8698792457580566e+00, 1.1850097656250000e+01,
    6.6115804016590118e-02, 2097920, -1, 1.0099980163574219e+02,
    3.6280975341796875e+01, 6.8962907791137695e+00,
    1.6489851379394531e+02, 9.2072062194347382e-02, 13763328, -1,
    1.0099980163574219e+02, 3.6280975341796875e+01,
    6.8962907791137695e+00, 1.5918884277343750e+01,
    9.2072062194347382e-02, 13763328, -1, 2.6493484497070312e+02,
    3.6226955413818359e+01, 6.7710928916931152e+00,
    1.6260052490234375e+02, 9.2809319496154785e-02, 12452608, -1,
    2.6493484497070312e+02, 3.6226955413818359e+01,
    6.7710928916931152e+00, 1.3816497802734375e+01,
    9.2809319496154785e-02, 12452608, -1, 3.2772802734375000e+02,
    4.4465808868408203e+01, 5.1909623146057129e+00,
    3.3327066040039062e+02, 5.8368802070617676e-02, 9896448, -1,
    3.2772802734375000e+02, 4.4465808868408203e+01,
    5.1909623146057129e+00, 4.7206512451171875e+01,
    5.8368802070617676e-02, 9896448, -1, 1.4848019409179688e+02,
    4.6919696807861328e+01, 6.6960000991821289e+00,
    3.5579217529296875e+02, 7.4516110122203827e-02, 11600640, -1,
    1.4848019409179688e+02, 4.6919696807861328e+01,
    6.6960000991821289e+00, 2.7687628173828125e+02,
    7.4516110122203827e-02, 11600640, -1, 9.5188949584960938e+01,
    5.7871353149414062e+01, 6.0301485061645508e+00,
    8.1361511230468750e+01, 5.4549943655729294e-02, 4064000, -1,
    9.5188949584960938e+01, 5.7871353149414062e+01,
    6.0301485061645508e+00, 3.0211059570312500e+01,
    5.4549943655729294e-02, 4064000, -1, 1.0696714019775391e+02,
    5.8068183898925781e+01, 6.4308114051818848e+00,
    1.4724516296386719e+02, 5.2989881485700607e-02, 8717056, -1,
    1.0696714019775391e+02, 5.8068183898925781e+01,
    6.4308114051818848e+00, 9.7151824951171875e+01,
    5.2989881485700607e-02, 8717056, -1, 2.5940197753906250e+02,
    5.8204849243164062e+01, 6.4405665397644043e+00,
    8.1014770507812500e+01, 5.2286226302385330e-02, 8782592, -1,
    2.5940197753906250e+02, 5.8204849243164062e+01,
    6.4405665397644043e+00, 3.4839599609375000e+01,
    5.2286226302385330e-02, 8782592, -1, 2.7059811401367188e+02,
    5.8163932800292969e+01, 6.5406188964843750e+00,
    1.4538967895507812e+02, 5.2426319569349289e-02, 9896704, -1,
    2.7059811401367188e+02, 5.8163932800292969e+01,
    6.5406188964843750e+00, 9.8446868896484375e+01,
    5.2426319569349289e-02, 9896704, -1, 7.4593025207519531e+01,
    1.8009296417236328e+01, 9.0145740509033203e+00,
    1.9773449707031250e+02, 7.8256338834762573e-02, 16449793, -1,
    3.1368380737304688e+02, 2.9392684936523438e+01,
    7.8759865760803223e+00, 2.6979119873046875e+02,
    9.8790563642978668e-02, 6684929, -1, 3.2807287597656250e+02,
    3.2467830657958984e+01, 9.0094814300537109e+00,
    3.5186431884765625e+01, 5.2579466253519058e-02, 16384257, -1,
    1.0110634613037109e+02, 4.8458545684814453e+01,
    8.1332302093505859e+00, 9.0743957519531250e+01,
    4.3523356318473816e-02, 8978689, -1, 2.6486209106445312e+02,
    4.8297893524169922e+01, 8.2291631698608398e+00,
    8.7731903076171875e+01, 4.1834466159343719e-02, 9830657, -1,
    8.3712913513183594e+01, 5.9902427673339844e+01,
    8.5718507766723633e+00, 7.9043304443359375e+01,
    6.8004146218299866e-02, 12779777, -1, 8.3712913513183594e+01,
    5.9902427673339844e+01, 8.5718507766723633e+00,
    4.1606323242187500e+01, 6.8004146218299866e-02, 12779777, -1,
    2.2924276733398438e+02, 5.9573860168457031e+01,
    8.6035957336425781e+00, 9.0342956542968750e+01,
    6.7530915141105652e-02, 13041921, -1, 2.4765374755859375e+02,
    5.9669822692871094e+01, 8.6538925170898438e+00,
    8.1926239013671875e+01, 6.7666903138160706e-02, 13435137, -1,
    2.4765374755859375e+02, 5.9669822692871094e+01,
    8.6538925170898438e+00, 4.2476104736328125e+01,
    6.7666903138160706e-02, 13435137, -1, 2.8248156738281250e+02,
    5.9629371643066406e+01, 8.7111663818359375e+00,
