%YAML:1.0
tag: [ 1.6669030761718750e+02, 6.9061653137207031e+01,
    2.4109609127044678e+00, 1.5982458496093750e+02,
    1.6261825338006020e-02, 4588287, -1, 7.4938484191894531e+01,
    1.2070786285400391e+02, 2.1860148906707764e+00,
    1.4748742675781250e+02, 1.6320208087563515e-02, 14221823, -1,
    1.8184949874877930e+01, 5.7904968261718750e+00,
    3.0204370021820068e+00, 2.7059207153320312e+02,
    1.5936695039272308e-02, 4195327, -1, 2.6126222610473633e+01,
    1.1072003364562988e+01, 3.2034821510314941e+00,
    3.4587237548828125e+02, 1.4378648251295090e-02, 8455167, -1,
    5.7273452758789062e+01, 8.3806442260742188e+01,
    3.3856046199798584e+00, 3.4745138549804688e+02,
    1.9711975008249283e-02, 12452863, -1, 5.7273452758789062e+01,
    8.3806442260742188e+01, 3.3856046199798584e+00,
    1.9112174987792969e+02, 1.9711975008249283e-02, 12452863, -1,
    1.3539106750488281e+02, 4.5414493560791016e+01,
    4.7821178436279297e+00, 2.8661633300781250e+02,
    2.2152233868837357e-02, 3998208, -1, 1.3539106750488281e+02,
    4.5414493560791016e+01, 4.7821178436279297e+00,
    2.4786621093750000e+02, 2.2152233868837357e-02, 3998208, -1,
    1.2797242736816406e+02, 4.9144454956054688e+01,
    5.4018454551696777e+00, 2.8611578369140625e+02,
    3.5698127001523972e-02, 12780032, -1, 1.2797242736816406e+02,
    4.9144454956054688e+01, 5.4018454551696777e+00,
    1.8660147094726562e+02, 3.5698127001523972e-02, 12780032, -1,
    2.1911769104003906e+02, 5.5705684661865234e+01,
    5.5851802825927734e+00, 1.8915586853027344e+02,
    4.0974002331495285e-02, 15204864, -1, 2.3228102111816406e+02,
    5.5222332000732422e+01, 4.7359347343444824e+00,
    2.4070692443847656e+02, 3.3850982785224915e-02, 3277312, -1,
    2.5111395263671875e+02, 7.7138389587402344e+01,
    5.3858528137207031e+00, 6.1130950927734375e+01,
    2.9605872929096222e-02, 12583424, -1, 2.5111395263671875e+02,
    7.7138389587402344e+01, 5.3858528137207031e+00,
    1.0809478759765625e+01, 2.9605872929096222e-02, 12583424, -1,
    9.8878349304199219e+01, 1.2149761962890625e+02,
    4.8578600883483887e+00, 1.2234312438964844e+02,
    3.8777559995651245e-02, 5112320, -1, 9.2143867492675781e+01,
    1.2250324249267578e+02, 4.5737295150756836e+00,
    1.2122315979003906e+02, 2.6712773367762566e-02, 786944, -1,
    9.2143867492675781e+01, 1.2250324249267578e+02,
    4.5737295150756836e+00, 6.3218566894531250e+01,
    2.6712773367762566e-02, 786944, -1, 2.0456307983398438e+02,
    1.2822758483886719e+02, 4.6477198600769043e+00,
    1.1903434753417969e+02, 3.8733173161745071e-02, 1901056, -1,
    1.9806071472167969e+02, 1.2998817443847656e+02,
    4.8426547050476074e+00, 1.1749575805664062e+02,
    2.7001330628991127e-02, 4915712, -1, 1.9806071472167969e+02,
    1.2998817443847656e+02, 4.8426547050476074e+00,
    6.3243316650390625e+01, 2.7001330628991127e-02, 4915712, -1,
    2.5295840454101562e+02, 4.7818881988525391e+01,
    5.9231677055358887e+00, 3.5017788696289062e+02,
    2.9997123405337334e-02, 2753280, -1, 2.5295840454101562e+02,
    4.7818881988525391e+01, 5.9231677055358887e+00,
    3.1994903564453125e+02, 2.9997123405337334e-02, 2753280, -1,
    1.5409767150878906e+02, 4.9780590057373047e+01,
    6.0522217750549316e+00, 3.1225952148437500e+02,
    3.2075330615043640e-02, 4326144, -1, 1.5409767150878906e+02,
    4.9780590057373047e+01, 6.0522217750549316e+00,
    2.3476545715332031e+02, 3.2075330615043640e-02, 4326144, -1,
    1.7885908508300781e+02, 6.0625572204589844e+01,
    6.4839920997619629e+00, 3.4868161010742188e+02,
    3.4448191523551941e-02, 9306880, -1, 2.3002709960937500e+02,
    6.6951332092285156e+01, 6.5303354263305664e+00,
    4.7944763183593750e+01, 2.6595046743750572e-02, 9831168, -1,
    2.5065237426757812e+02, 1.1155792999267578e+02,
    6.3632349967956543e+00, 3.3243795776367188e+02,
    2.7441851794719696e-02, 7930624, -1, 1.1238890075683594e+02,
    1.2056633758544922e+02, 6.2113800048828125e+00,
    9.9564208984375000e+01, 4.1799690574407578e-02, 6161152, -1,
    1.1238890075683594e+02, 1.2056633758544922e+02,
    6.2113800048828125e+00, 8.2520141601562500e+00,
    4.1799690574407578e-02, 6161152, -1, 1.2774923706054688e+02,
    1.2132444000244141e+02, 6.8510437011718750e+00,
    6.8362121582031250e+00, 4.3752517551183701e-02, 13304576, -1,
    1.6995932006835938e+02, 1.2415504455566406e+02,
    6.5847826004028320e+00, 1.7405487060546875e+02,
    4.6503383666276932e-02, 10420992, -1, 2.1769203186035156e+02,
    1.2667037200927734e+02, 6.6399126052856445e+00,
    7.3254394531250000e+00, 4.6869263052940369e-02, 11010816, -1,
    2.1122018432617188e+02, 1.3409352111816406e+02,
    6.1372065544128418e+00, 9.2842803955078125e+01,
    1.6007348895072937e-02, 5309184, -1, 1.9155555725097656e+01,
    1.4692296981811523e+01, 8.8524971008300781e+00,
    3.4644430541992188e+02, 5.5995397269725800e-02, 15139073, -1,
    1.9155555725097656e+01, 1.4692296981811523e+01,
    8.8524971008300781e+00, 1.7848539733886719e+02,
    5.5995397269725800e-02, 15139073, -1, 6.9430870056152344e+01,
    1.9339679718017578e+01, 8.5502767562866211e+00,
    3.5945373535156250e+02, 5.3639970719814301e-02, 12583169, -1,
    6.9430870056152344e+01, 1.9339679718017578e+01,
    8.5502767562866211e+00, 1.9284057617187500e+02,
    5.3639970719814301e-02, 12583169, -1, 1.1379535675048828e+02,
    2.3413141250610352e+01, 8.5201911926269531e+00,
    3.5584048461914062e+02, 5.0900738686323166e-02, 12321025, -1,
    1.1379535675048828e+02, 2.3413141250610352e+01,
    8.5201911926269531e+00, 1.8599081420898438e+02,
    5.0900738686323166e-02, 12321025, -1, 2.4537577819824219e+02,
    3.2658618927001953e+01, 7.7481012344360352e+00,
    3.5366848754882812e+02, 5.2015073597431183e-02, 5439745, -1,
    2.4537577819824219e+02, 3.2658618927001953e+01,
    7.7481012344360352e+00, 1.9142794799804688e+02,
    5.2015073597431183e-02, 5439745, -1, 7.8270492553710938e+01,
    3.6302616119384766e+01, 8.5996322631835938e+00,
    2.6216430664062500e+00, 3.3943593502044678e-02, 13041921, -1,
    1.4386944580078125e+02, 5.0424167633056641e+01,
    7.8216133117675781e+00, 3.0018374633789062e+02,
    3.5429198294878006e-02, 6160641, -1, 1.4386944580078125e+02,
    5.0424167633056641e+01, 7.8216133117675781e+00,
    2.6162554931640625e+02, 3.5429198294878006e-02, 6160641, -1,
    1.3927598571777344e+02, 7.2128829956054688e+01,
    8.3424644470214844e+00, 1.6511018371582031e+02,
    4.7437448054552078e-02, 10813697, -1, 1.3927598571777344e+02,
    7.2128829956054688e+01, 8.3424644470214844e+00,
    1.6642211914062500e+01, 4.7437448054552078e-02, 10813697, -1,
    1.6072074890136719e+02, 7.3027709960937500e+01,
    8.2098960876464844e+00, 1.6896025085449219e+02,
    4.6732954680919647e-02, 9634049, -1, 1.6072074890136719e+02,
    7.3027709960937500e+01, 8.2098960876464844e+00,
    1.5107696533203125e+01, 4.6732954680919647e-02, 9634049, -1,
    1.9357412719726562e+02, 7.1912925720214844e+01,
    8.9046382904052734e+00, 2.3569641113281250e+02,
    4.5119915157556534e-02, 15532289, -1, 1.9233032226562500e+02,
    8.6625556945800781e+01, 9.3451738357543945e+00,
    2.3176127624511719e+02, 3.3861618489027023e-02, 2294273, -1,
    2.5155935668945312e+02, 1.1049254608154297e+02,
    7.5937743186950684e+00, 3.4169064331054688e+02,
    2.6742583140730858e-02, 3997953, -1, 5.6967758178710938e+01,
    1.1460980987548828e+02, 8.8560256958007812e+00,
    1.6126855468750000e+02, 4.6442676335573196e-02, 15139073, -1,
    1.4889244079589844e+02, 1.2162416839599609e+02,
    7.6171870231628418e+00, 1.7310998535156250e+02,
    4.8117067664861679e-02, 4260097, -1, 1.4889244079589844e+02,
    1.2162416839599609e+02, 7.6171870231628418e+00,
    8.9757080078125000e+00, 4.8117067664861679e-02, 4260097, -1,
    4.4581996917724609e+01, 1.8049459457397461e+01,
    9.6144170761108398e+00, 3.4425689697265625e+02,
    5.2939884364604950e-02, 4391425, -1, 4.4581996917724609e+01,
    1.8049459457397461e+01, 9.6144170761108398e+00,
