%YAML:1.0
tag: [ 1.0433079528808594e+02, 1.2538266181945801e+01,
    1.9971035718917847e+00, 2.6076422119140625e+02,
    5.9594016522169113e-02, 7668223, -1, 1.0433079528808594e+02,
    1.2538266181945801e+01, 1.9971035718917847e+00,
    6.2399414062500000e+01, 5.9594016522169113e-02, 7668223, -1,
    8.3398254394531250e+01, 1.9146753311157227e+01,
    2.4353904724121094e+00, 2.3517970275878906e+02,
    5.2003476768732071e-02, 5309183, -1, 4.9566154479980469e+01,
    3.3039901256561279e+00, 2.7028024196624756e+00,
    2.4324493408203125e+02, 2.4522969499230385e-02, 12845823, -1,
    4.9566154479980469e+01, 3.3039901256561279e+00,
    2.7028024196624756e+00, 9.1024505615234375e+01,
    2.4522969499230385e-02, 12845823, -1, 1.0962051391601562e+02,
    7.3738236427307129e+00, 2.8466637134552002e+00,
    3.3458224487304688e+02, 7.6243400573730469e-02, 16581375, -1,
    1.0962051391601562e+02, 7.3738236427307129e+00,
    2.8466637134552002e+00, 1.9067172241210938e+02,
    7.6243400573730469e-02, 16581375, -1, 7.9622322082519531e+01,
    1.2284137725830078e+01, 2.7850940227508545e+00,
    3.3086260986328125e+02, 3.8591980934143066e-02, 15008511, -1,
    3.5454483032226562e+01, 1.9165410995483398e+01,
    2.6914153099060059e+00, 2.3052336120605469e+02,
    5.2394784986972809e-02, 12518143, -1, 3.9445522308349609e+01,
    2.0920539855957031e+01, 2.6090385913848877e+00,
    2.0327818298339844e+02, 7.7664472162723541e-02, 10289919, -1,
    3.9445522308349609e+01, 2.0920539855957031e+01,
    2.6090385913848877e+00, 6.9086181640625000e+01,
    7.7664472162723541e-02, 10289919, -1, 3.9445522308349609e+01,
    2.0920539855957031e+01, 2.6090385913848877e+00,
    5.2851135253906250e+01, 7.7664472162723541e-02, 10289919, -1,
    8.7466224670410156e+01, 2.0879535675048828e+01,
    2.5492231845855713e+00, 2.2804791259765625e+02,
    7.8550361096858978e-02, 8651519, -1, 8.7466224670410156e+01,
    2.0879535675048828e+01, 2.5492231845855713e+00,
    1.9783537292480469e+02, 7.8550361096858978e-02, 8651519, -1,
    8.7466224670410156e+01, 2.0879535675048828e+01,
    2.5492231845855713e+00, 7.0745086669921875e+01,
    7.8550361096858978e-02, 8651519, -1, 5.0735382080078125e+01,
    2.4036138534545898e+01, 2.6226594448089600e+00,
    1.7580258178710938e+02, 6.6879034042358398e-02, 10683135, -1,
    5.0735382080078125e+01, 2.4036138534545898e+01,
    2.6226594448089600e+00, 5.3396606445312500e+00,
    6.6879034042358398e-02, 10683135, -1, 8.9481483459472656e+01,
    2.7249359130859375e+01, 2.5730621814727783e+00,
    8.8162872314453125e+01, 4.3646700680255890e-02, 9306879, -1,
    5.2345516204833984e+01, 3.4724259376525879e+00,
    2.8503694534301758e+00, 2.9647796630859375e+02,
    2.3740760982036591e-02, 16712447, -1, 5.2345516204833984e+01,
    3.4724259376525879e+00, 2.8503694534301758e+00,
    8.9080413818359375e+01, 2.3740760982036591e-02, 16712447, -1,
    1.3831690979003906e+02, 7.6744866371154785e+00,
    3.1339137554168701e+00, 1.6795700073242188e+02,
    3.1199203804135323e-02, 6816767, -1, 1.3831690979003906e+02,
    7.6744866371154785e+00, 3.1339137554168701e+00,
    1.2247497558593750e+01, 3.1199203804135323e-02, 6816767, -1,
    9.6881952285766602e+00, 8.0612211227416992e+00,
    3.5014786720275879e+00, 1.7179318237304688e+02,
    8.0458395183086395e-02, 14877695, -1, 3.0641052246093750e+01,
    7.6909546852111816e+00, 3.1647307872772217e+00,
    2.0100942993164062e+02, 7.3972821235656738e-02, 7537663, -1,
    5.0711654663085938e+01, 7.9194860458374023e+00,
    3.3732559680938721e+00, 1.8817596435546875e+02,
    7.3468059301376343e-02, 12190719, -1, 6.0671535491943359e+01,
    8.9980926513671875e+00, 2.9089941978454590e+00,
    2.6635617065429688e+02, 3.1423892825841904e-02, 1442815, -1,
    2.5820106506347656e+01, 1.0431571006774902e+01,
    3.1699035167694092e+00, 3.4484545898437500e+02,
    6.3654288649559021e-02, 7668735, -1, 2.5820106506347656e+01,
    1.0431571006774902e+01, 3.1699035167694092e+00,
    1.9552532958984375e+02, 6.3654288649559021e-02, 7668735, -1,
    4.6246917724609375e+01, 1.1083365440368652e+01,
    3.2890801429748535e+00, 1.8515821838378906e+02,
    4.9156446009874344e-02, 10355711, -1, 6.4387260437011719e+01,
    1.2146550178527832e+01, 3.1967368125915527e+00,
    2.7489990234375000e+02, 5.6150458753108978e-02, 8258559, -1,
    1.3062431335449219e+02, 1.2235423088073730e+01,
    3.1207044124603271e+00, 3.1069082641601562e+02,
    3.1067293137311935e-02, 6554623, -1, 1.3062431335449219e+02,
    1.2235423088073730e+01, 3.1207044124603271e+00,
    1.0890731811523438e+02, 3.1067293137311935e-02, 6554623, -1,
    1.4589274597167969e+02, 1.2247776031494141e+01,
    3.1464507579803467e+00, 2.3117904663085938e+02,
    3.2005250453948975e-02, 7144447, -1, 1.4589274597167969e+02,
    1.2247776031494141e+01, 3.1464507579803467e+00,
    6.8132904052734375e+01, 3.2005250453948975e-02, 7144447, -1,
    9.1256324768066406e+01, 1.4040949821472168e+01,
    3.2330188751220703e+00, 3.1060974121093750e+02,
    5.1912955939769745e-02, 9110527, -1, 3.3247962951660156e+01,
    1.5769049644470215e+01, 3.2984883785247803e+00,
    1.7439300537109375e+01, 6.1081774532794952e-02, 10552319, -1,
    8.1180564880371094e+01, 1.6030889511108398e+01,
    3.2209293842315674e+00, 3.4306951904296875e+02,
    5.6534200906753540e-02, 8848383, -1, 7.1860473632812500e+01,
    1.7137998580932617e+01, 3.3999791145324707e+00,
    1.7058067321777344e+02, 7.4161209166049957e-02, 12715007, -1,
    7.1860473632812500e+01, 1.7137998580932617e+01,
    3.3999791145324707e+00, 7.0130920410156250e+00,
    7.4161209166049957e-02, 12715007, -1, 1.3039564514160156e+02,
    2.1209661483764648e+01, 3.2702958583831787e+00,
    2.5003863525390625e+02, 3.0481798574328423e-02, 9896959, -1,
    1.3039564514160156e+02, 2.1209661483764648e+01,
    3.2702958583831787e+00, 4.9994750976562500e+01,
    3.0481798574328423e-02, 9896959, -1, 1.4604643249511719e+02,
    2.1048171997070312e+01, 3.1748473644256592e+00,
    2.9163757324218750e+02, 3.1213536858558655e-02, 7799807, -1,
    1.4604643249511719e+02, 2.1048171997070312e+01,
    3.1748473644256592e+00, 1.3166415405273438e+02,
    3.1213536858558655e-02, 7799807, -1, 4.3461158752441406e+01,
    2.3416200637817383e+01, 3.2781116962432861e+00,
    8.6509277343750000e+01, 6.3251510262489319e-02, 10093567, -1,
    5.7938796997070312e+01, 2.3693716049194336e+01,
    3.0997228622436523e+00, 5.4168090820312500e+00,
    7.7874779701232910e-02, 6030335, -1, 6.7356155395507812e+01,
    2.3531213760375977e+01, 3.3954446315765381e+00,
    1.7487121582031250e+02, 7.7435351908206940e-02, 12649471, -1,
    6.7356155395507812e+01, 2.3531213760375977e+01,
    3.3954446315765381e+00, 5.3748168945312500e+00,
    7.7435351908206940e-02, 12649471, -1, 9.1496910095214844e+01,
    2.3429683685302734e+01, 3.2642459869384766e+00,
    8.7334655761718750e+01, 6.3299484550952911e-02, 9765887, -1,
    9.8992774963378906e+01, 2.3650648117065430e+01,
    3.2945249080657959e+00, 5.9756164550781250e+00,
    6.9054983556270599e-02, 10486783, -1, 7.6409240722656250e+01,
    2.3874578475952148e+01, 2.9798095226287842e+00,
    1.7222280883789062e+02, 6.5834589302539825e-02, 3212287, -1,
    8.3892852783203125e+01, 2.4039770126342773e+01,
    3.1006171703338623e+00, 1.0604203796386719e+02,
    5.6588947772979736e-02, 6095871, -1, 1.3828479003906250e+02,
    2.5561220169067383e+01, 3.1946353912353516e+00,
    3.4746560668945312e+02, 3.0095472931861877e-02, 8258559, -1,
    1.3828479003906250e+02, 2.5561220169067383e+01,
    3.1946353912353516e+00, 1.9027291870117188e+02,
    3.0095472931861877e-02, 8258559, -1, 2.0370969772338867e+01,
    8.4879150390625000e+00, 4.0574636459350586e+00,
    2.1124098205566406e+02, 7.5863465666770935e-02, 8847616, -1,
    1.5098564147949219e+02, 9.3317241668701172e+00,
    3.6694130897521973e+00, 2.4042861938476562e+02,
    3.6527063697576523e-02, 1573120, -1, 1.5098564147949219e+02,
    9.3317241668701172e+00, 3.6694130897521973e+00,
