%YAML:1.0
tag: [ 2.8115648269653320e+01, 1.8741479873657227e+01,
    1.8697735071182251e+00, 3.5409893798828125e+02,
    1.4168638736009598e-02, 2884095, -1, 1.3751130676269531e+02,
    6.5590019226074219e+01, 2.2180764675140381e+00,
    3.3766571044921875e+02, 1.5138103626668453e-02, 15270399, -1,
    6.9859283447265625e+01, 7.1518402099609375e+01,
    2.5547480583190918e+00, 3.5406091308593750e+02,
    1.6618324443697929e-02, 8782591, -1, 2.0112804412841797e+01,
    7.8091499328613281e+01, 2.0450401306152344e+00,
    1.7393235778808594e+02, 1.6351077705621719e-02, 9372159, -1,
    2.8194030761718750e+01, 2.3177774429321289e+01,
    2.0168910026550293e+00, 3.5463052368164062e+02,
    1.4284258708357811e-02, 8389119, -1, 4.8677284240722656e+01,
    2.5613506317138672e+01, 2.4073042869567871e+00,
    1.9169754028320312e+02, 1.3542185537517071e-02, 4457215, -1,
    1.3897029113769531e+02, 6.2527614593505859e+01,
    2.4357366561889648e+00, 3.3394104003906250e+02,
    1.4236702583730221e-02, 5309183, -1, 2.0364463806152344e+01,
    8.2783660888671875e+01, 2.2653269767761230e+00,
    1.7196977233886719e+02, 1.5637977048754692e-02, 66303, -1,
    7.1644218444824219e+01, 8.7717430114746094e+01,
    2.1499423980712891e+00, 3.5549304199218750e+02,
    1.6247561201453209e-02, 13042175, -1, 2.1622201919555664e+01,
    8.7692581176757812e+01, 2.8339228630065918e+00,
    1.7240112304687500e+02, 1.4778234064579010e-02, 16253695, -1,
    5.1439598083496094e+01, 9.6930130004882812e+01,
    2.8388648033142090e+00, 5.7761840820312500e+00,
    1.4868067577481270e-02, 16384767, -1, 6.1517974853515625e+01,
    1.0394159698486328e+02, 2.4431779384613037e+00,
    1.7487091064453125e+02, 1.3596079312264919e-02, 5571327, -1,
    6.4060714721679688e+01, 1.0743124389648438e+02,
    2.3642613887786865e+00, 1.7032606506347656e+02,
    1.5231892466545105e-02, 3146495, -1, 1.4450888061523438e+02,
    1.4554376220703125e+02, 2.5382053852081299e+00,
    3.5844042968750000e+02, 1.5001188032329082e-02, 8323839, -1,
    1.5236456298828125e+02, 3.8758113861083984e+01,
    2.5576670169830322e+00, 1.7941938781738281e+02,
    1.5745073556900024e-02, 8848127, -1, 6.9374450683593750e+01,
    7.0895469665527344e+01, 3.5389041900634766e+00,
    3.5209948730468750e+02, 1.6900902613997459e-02, 15664127, -1,
    2.1711738586425781e+02, 9.7686012268066406e+01,
    3.2523071765899658e+00, 5.4058837890625000e-01,
    1.5222273766994476e-02, 9503743, -1, 3.4374789428710938e+02,
    1.0388851928710938e+02, 3.5796115398406982e+00,
    1.7780429077148438e+02, 1.5308483503758907e-02, 16450559, -1,
    3.7654483795166016e+01, 1.2468831634521484e+02,
    3.1165251731872559e+00, 3.4743756103515625e+02,
    1.3675082474946976e-02, 6423551, -1, 3.5543746948242188e+02,
    1.3962306213378906e+02, 3.1950647830963135e+00,
    3.4014514160156250e+02, 1.4102231711149216e-02, 8258559, -1,
    2.3714978027343750e+02, 1.5372241210937500e+02,
    3.4083354473114014e+00, 1.7593487548828125e+02,
    1.5727804973721504e-02, 12911615, -1, 3.4637338256835938e+02,
    1.6150975036621094e+02, 3.3772556781768799e+00,
    1.5821907043457031e+02, 1.5177261084318161e-02, 12256255, -1,
    1.0736707305908203e+02, 1.7014299011230469e+02,
    3.2824528217315674e+00, 1.3645343017578125e+02,
    1.3446449302136898e-02, 10224639, -1, 1.5302033996582031e+02,
    3.8926200866699219e+01, 4.0122928619384766e+00,
    1.7997488403320312e+02, 1.5386951155960560e-02, 7995648, -1,
    1.6173324584960938e+02, 4.3388076782226562e+01,
    4.2880468368530273e+00, 3.5850885009765625e+02,
    1.5907116234302521e-02, 12845312, -1, 1.8895542907714844e+02,
    5.9746635437011719e+01, 3.8812203407287598e+00,
    3.3768859863281250e+02, 2.0957244560122490e-02, 5636352, -1,
    1.8895542907714844e+02, 5.9746635437011719e+01,
    3.8812203407287598e+00, 2.1643078613281250e+02,
    2.0957244560122490e-02, 5636352, -1, 6.8934318542480469e+01,
    7.0989517211914062e+01, 4.2989201545715332e+00,
    3.5170504760742188e+02, 1.6713542863726616e-02, 12976384, -1,
    3.4314505004882812e+02, 7.6079231262207031e+01,
    4.5063395500183105e+00, 1.7929335021972656e+02,
    1.3519472442567348e-02, 16384256, -1, 2.4688960266113281e+02,
    8.6612480163574219e+01, 4.3247213363647461e+00,
    3.5081253051757812e+02, 1.6361812129616737e-02, 13435136, -1,
    2.9711871337890625e+02, 1.1335712432861328e+02,
    4.2442831993103027e+00, 1.6400146484375000e-01,
    1.5900146216154099e-02, 12058880, -1, 3.3971258544921875e+02,
    1.2693885803222656e+02, 4.4554610252380371e+00,
    1.7801098632812500e+02, 1.4519949443638325e-02, 15597824, -1,
    3.4495440673828125e+02, 1.3049568176269531e+02,
    3.9980354309082031e+00, 1.7742822265625000e+02,
    1.4993705786764622e-02, 7733504, -1, 2.3696788024902344e+02,
    1.5372537231445312e+02, 3.6066949367523193e+00,
    1.7693788146972656e+02, 1.5632549300789833e-02, 327936, -1,
    3.4919952392578125e+02, 1.5673554992675781e+02,
    4.4747591018676758e+00, 1.6241731262207031e+02,
    1.6480876132845879e-02, 15925504, -1, 3.4607095336914062e+02,
    1.6155195617675781e+02, 3.7237598896026611e+00,
    1.5849923706054688e+02, 1.4924710616469383e-02, 2621696, -1,
    3.5228671264648438e+02, 1.6370423889160156e+02,
    4.8191971778869629e+00, 1.4730332946777344e+02,
    1.9537936896085739e-02, 4522496, -1, 3.0187984466552734e+01,
    1.6767140197753906e+02, 3.6659939289093018e+00,
    1.4917939758300781e+02, 1.3925800099968910e-02, 1507584, -1,
    1.6693742370605469e+02, 2.7035793304443359e+01,
    5.3394408226013184e+00, 3.5903128051757812e+02,
    1.3508758507668972e-02, 11993600, -1, 3.1869610595703125e+02,
    6.1734584808349609e+01, 5.1792478561401367e+00,
    2.1366712951660156e+02, 2.2569486871361732e-02, 9765376, -1,
    2.6371615600585938e+02, 7.5693634033203125e+01,
    5.1599063873291016e+00, 1.6605134582519531e+02,
    2.5763405486941338e-02, 9503232, -1, 2.6371615600585938e+02,
    7.5693634033203125e+01, 5.1599063873291016e+00,
    6.8331237792968750e+01, 2.5763405486941338e-02, 9503232, -1,
    3.0890213012695312e+02, 8.4974128723144531e+01,
    5.4435467720031738e+00, 1.8010820007324219e+02,
    1.4176932163536549e-02, 13369856, -1, 1.4088230895996094e+02,
    9.8928298950195312e+01, 5.5373721122741699e+00,
    3.5860507202148438e+02, 1.7255948856472969e-02, 14615040, -1,
    2.3590141296386719e+02, 1.4630729675292969e+02,
    5.5067610740661621e+00, 1.7961917114257812e+02,
    1.5946675091981888e-02, 14221824, -1, 6.5136535644531250e+01,
    1.4844421386718750e+02, 4.8781547546386719e+00,
    1.7018705749511719e+02, 1.5576265752315521e-02, 5440000, -1,
    3.5536837768554688e+02, 4.7998973846435547e+01,
    6.7078547477722168e+00, 3.4864712524414062e+02,
    2.2854950278997421e-02, 11731712, -1, 1.8972831726074219e+02,
    5.5180904388427734e+01, 6.1270084381103516e+00,
    2.3575543212890625e+02, 1.9359419122338295e-02, 5178112, -1,
    3.5925143432617188e+02, 5.7974628448486328e+01,
    6.4304881095886230e+00, 3.5041238403320312e+02,
    2.3392152041196823e-02, 8717056, -1, 3.5925143432617188e+02,
    5.7974628448486328e+01, 6.4304881095886230e+00,
    2.9656536865234375e+02, 2.3392152041196823e-02, 8717056, -1,
    3.2850546264648438e+02, 5.9361312866210938e+01,
    6.7748589515686035e+00, 2.2317272949218750e+02,
    2.7587018907070160e-02, 12452608, -1, 2.1662899780273438e+02,
    6.1524280548095703e+01, 6.7626605033874512e+00,
    3.2564083862304688e+02, 2.6482362300157547e-02, 12321536, -1,
    2.1662899780273438e+02, 6.1524280548095703e+01,
    6.7626605033874512e+00, 2.1378150939941406e+02,
    2.6482362300157547e-02, 12321536, -1, 9.9316413879394531e+01,
    7.1360740661621094e+01, 6.1850829124450684e+00,
    1.0396697998046875e+01, 2.8294388204813004e-02, 5899008, -1,
    3.6034811401367188e+02, 7.6064506530761719e+01,
    6.6577086448669434e+00, 3.0646972656250000e+00,
    2.2593071684241295e-02, 11207424, -1, 3.2993627929687500e+02,
    7.7590438842773438e+01, 5.9960341453552246e+00,
