%YAML:1.0
tag: [ 3.8642327880859375e+02, 4.9119506835937500e+01,
    2.9206111431121826e+00, 3.0312615966796875e+02,
    1.3487630523741245e-02, 1770495, -1, 2.9634393310546875e+02,
    5.5598541259765625e+01, 2.8281180858612061e+00,
    2.2700282287597656e+02, 4.4439066201448441e-02, 16122623, -1,
    2.2336706161499023e+01, 8.8364242553710938e+01,
    2.7747852802276611e+00, 1.6697746276855469e+02,
    2.9556160792708397e-02, 14746367, -1, 1.4114105224609375e+02,
    1.2832394409179688e+02, 2.7154934406280518e+00,
    2.4639047241210938e+02, 4.1954282671213150e-02, 13173503, -1,
    2.0654861450195312e+01, 3.4057067871093750e+01,
    3.0047328472137451e+00, 2.7057708740234375e+02,
    3.1938944011926651e-02, 3802111, -1, 3.7503027343750000e+02,
    4.1360649108886719e+01, 3.3777592182159424e+00,
    3.0614007568359375e+02, 1.5908412635326385e-02, 12256255, -1,
    1.6916355895996094e+02, 5.3533798217773438e+01,
    3.1712534427642822e+00, 2.7500610351562500e+02,
    4.4685307890176773e-02, 7734271, -1, 1.9942938232421875e+02,
    5.5375156402587891e+01, 3.3567986488342285e+00,
    3.0974017333984375e+02, 4.9510627985000610e-02, 11797503, -1,
    1.9942938232421875e+02, 5.5375156402587891e+01,
    3.3567986488342285e+00, 2.3397148132324219e+02,
    4.9510627985000610e-02, 11797503, -1, 7.7727371215820312e+01,
    5.7574825286865234e+01, 3.4847161769866943e+00,
    1.9026155090332031e+02, 3.2376226037740707e-02, 14550015, -1,
    1.2082509613037109e+02, 8.1673553466796875e+01,
    3.1069025993347168e+00, 1.8086300659179688e+02,
    2.4035837501287460e-02, 6226943, -1, 4.4449719238281250e+02,
    9.2866294860839844e+01, 3.2883419990539551e+00,
    1.2188504028320312e+02, 1.3597902841866016e-02, 10355711, -1,
    3.4220065307617188e+02, 9.5000152587890625e+01,
    3.4250118732452393e+00, 2.7142333984375000e-01,
    2.4647576734423637e-02, 13239295, -1, 2.3995204162597656e+02,
    9.9614685058593750e+01, 3.0138275623321533e+00,
    1.2408175659179688e+02, 2.5217084214091301e-02, 3998719, -1,
    9.0390129089355469e+01, 1.2038034820556641e+02,
    3.0377621650695801e+00, 3.4688262939453125e+01,
    1.5244957059621811e-02, 4588543, -1, 1.3678854370117188e+02,
    1.2660334777832031e+02, 3.0939457416534424e+00,
    2.4860845947265625e+02, 3.5921745002269745e-02, 5899263, -1,
    1.8885568237304688e+02, 1.2674855041503906e+02,
    2.9855647087097168e+00, 2.4991165161132812e+02,
    3.5629943013191223e-02, 3343359, -1, 2.7250805664062500e+02,
    1.2667735290527344e+02, 3.2133960723876953e+00,
    2.4440719604492188e+02, 3.5452790558338165e-02, 8651775, -1,
    3.3511141967773438e+02, 1.2656333923339844e+02,
    3.1222016811370850e+00, 3.0798059082031250e+02,
    2.3834586143493652e-02, 6554623, -1, 1.4439082336425781e+02,
    1.2770298004150391e+02, 3.3395485877990723e+00,
    2.6909237670898438e+02, 4.5584425330162048e-02, 11469823, -1,
    1.9639472961425781e+02, 1.2769853210449219e+02,
    3.1564714908599854e+00, 2.6805603027343750e+02,
    4.6737238764762878e-02, 7341055, -1, 2.4634840393066406e+02,
    1.2774017333984375e+02, 3.0876829624176025e+00,
    2.6917864990234375e+02, 5.3702749311923981e-02, 5768191, -1,
    1.5349745178222656e+02, 1.2784278106689453e+02,
    3.1711947917938232e+00, 3.0581243896484375e+02,
    4.2128201574087143e-02, 7734271, -1, 1.5349745178222656e+02,
    1.2784278106689453e+02, 3.1711947917938232e+00,
    2.3678141784667969e+02, 4.2128201574087143e-02, 7734271, -1,
    2.0591236877441406e+02, 1.2801441955566406e+02,
    3.1026699542999268e+00, 3.0692584228515625e+02,
    4.0863301604986191e-02, 6095871, -1, 2.0591236877441406e+02,
    1.2801441955566406e+02, 3.1026699542999268e+00,
    2.3590286254882812e+02, 4.0863301604986191e-02, 6095871, -1,
    3.0528939819335938e+02, 1.2857540893554688e+02,
    3.1958355903625488e+00, 2.8584823608398438e+02,
    5.6811090558767319e-02, 8258559, -1, 2.6774530029296875e+02,
    1.2912454223632812e+02, 3.3928699493408203e+00,
    1.8917620849609375e+02, 6.3790328800678253e-02, 12583935, -1,
    6.4092208862304688e+01, 4.1696216583251953e+01,
    3.7566182613372803e+00, 3.4918182373046875e+02,
    3.1331956386566162e-02, 3211520, -1, 3.3271740722656250e+02,
    4.7042568206787109e+01, 5.4151906967163086e+00,
    3.5219308471679688e+02, 5.1211524754762650e-02, 12976640, -1,
    3.3271740722656250e+02, 4.7042568206787109e+01,
    5.4151906967163086e+00, 2.8537774658203125e+02,
    5.1211524754762650e-02, 12976640, -1, 3.4334039306640625e+02,
    5.6903846740722656e+01, 4.2265162467956543e+00,
    3.5992831420898438e+02, 2.5330867618322372e-02, 11796736, -1,
    3.3276818847656250e+02, 6.6941558837890625e+01,
    5.3779072761535645e+00, 7.4801177978515625e+01,
    5.1255866885185242e-02, 12452352, -1, 3.3276818847656250e+02,
    6.6941558837890625e+01, 5.3779072761535645e+00,
    6.6685180664062500e+00, 5.1255866885185242e-02, 12452352, -1,
    4.6748937988281250e+02, 9.7251121520996094e+01,
    4.1513776779174805e+00, 2.6564990234375000e+02,
    2.1233262494206429e-02, 10486016, -1, 4.6748937988281250e+02,
    9.7251121520996094e+01, 4.1513776779174805e+00,
    9.1121368408203125e+01, 2.1233262494206429e-02, 10486016, -1,
    1.1870957183837891e+02, 9.9048751831054688e+01,
    4.1917500495910645e+00, 1.1646020507812500e+02,
    4.4162105768918991e-02, 11141376, -1, 1.1870957183837891e+02,
    9.9048751831054688e+01, 4.1917500495910645e+00,
    6.9199310302734375e+01, 4.4162105768918991e-02, 11141376, -1,
    2.6378659057617188e+02, 9.8892868041992188e+01,
    4.0442142486572266e+00, 1.1775907897949219e+02,
    4.5278087258338928e-02, 8585472, -1, 2.6378659057617188e+02,
    9.8892868041992188e+01, 4.0442142486572266e+00,
    6.6821563720703125e+01, 4.5278087258338928e-02, 8585472, -1,
    1.4516862487792969e+02, 1.0201488494873047e+02,
    3.6739060878753662e+00, 9.0131561279296875e+01,
    2.9616137966513634e-02, 1638656, -1, 1.6568392944335938e+02,
    1.0199102020263672e+02, 3.6904866695404053e+00,
    8.9813507080078125e+01, 3.0397541821002960e-02, 1966336, -1,
    2.2408914184570312e+02, 1.0207240295410156e+02,
    3.7288193702697754e+00, 9.0226989746093750e+01,
    2.8691209852695465e-02, 2687232, -1, 2.8993429565429688e+02,
    1.0205149078369141e+02, 3.8107678890228271e+00,
    8.9879455566406250e+01, 2.9860613867640495e-02, 4260096, -1,
    8.5528503417968750e+01, 1.1724527740478516e+02,
    4.1790237426757812e+00, 2.8427435302734375e+02,
    7.2655990719795227e-02, 10944768, -1, 8.5528503417968750e+01,
    1.1724527740478516e+02, 4.1790237426757812e+00,
    9.2327514648437500e+01, 7.2655990719795227e-02, 10944768, -1,
    1.8905937194824219e+02, 1.2603035736083984e+02,
    3.6049180030822754e+00, 2.5459571838378906e+02,
    3.5621423274278641e-02, 262400, -1, 9.0900047302246094e+01,
    5.9473255157470703e+01, 4.9515728950500488e+00,
    1.8434631347656250e+01, 5.1183950155973434e-02, 6488576, -1,
    3.1290805053710938e+02, 4.8470832824707031e+01,
    5.9683690071105957e+00, 1.8269096374511719e+02,
    4.5254472643136978e-02, 3277568, -1, 9.4938888549804688e+01,
    4.9035633087158203e+01, 6.7491641044616699e+00,
    9.2357788085937500e+00, 5.0932817161083221e-02, 12190464, -1,
    9.9554351806640625e+01, 5.7285114288330078e+01,
    6.7537875175476074e+00, 2.5487933349609375e+02,
    7.2199553251266479e-02, 12256000, -1, 9.9554351806640625e+01,
    5.7285114288330078e+01, 6.7537875175476074e+00,
    8.5331054687500000e+01, 7.2199553251266479e-02, 12256000, -1,
    1.1164720153808594e+02, 6.4400650024414062e+01,
    6.4981927871704102e+00, 2.5659020996093750e+02,
    7.2121798992156982e-02, 9437952, -1, 1.1164720153808594e+02,
    6.4400650024414062e+01, 6.4981927871704102e+00,
    9.6820556640625000e+01, 7.2121798992156982e-02, 9437952, -1,
    2.5687924194335938e+02, 6.4440750122070312e+01,
    6.4301333427429199e+00, 2.5599757385253906e+02,
    7.1159638464450836e-02, 8717056, -1, 2.5687924194335938e+02,
    6.4440750122070312e+01, 6.4301333427429199e+00,
