%YAML:1.0
tag: [ 1.6675856018066406e+02, 9.3618476867675781e+01,
    2.4962131977081299e+00, 2.7237454223632812e+02,
    1.5370774082839489e-02, 7078655, -1, 3.8282272338867188e+02,
    9.3843307495117188e+01, 2.6516427993774414e+00,
    2.9118060302734375e+02, 1.4120670035481453e-02, 11469567, -1,
    1.1780766296386719e+02, 6.9343841552734375e+01,
    3.4754331111907959e+00, 5.2338378906250000e+01,
    1.9322164356708527e-02, 14353407, -1, 4.3518322753906250e+02,
    3.2161579132080078e+01, 3.7027499675750732e+00,
    1.1446823120117188e+02, 2.9300980269908905e-02, 2228480, -1,
    4.1563601684570312e+02, 4.0347492218017578e+01,
    4.2935156822204590e+00, 3.5929516601562500e+02,
    2.9624039307236671e-02, 12910848, -1, 2.6978900146484375e+02,
    5.7822360992431641e+01, 4.3960862159729004e+00,
    4.3981933593750000e-01, 2.9859183356165886e-02, 14614784, -1,
    3.6500588989257812e+02, 5.8031757354736328e+01,
    4.4195342063903809e+00, 2.7111981201171875e+02,
    3.0611850321292877e-02, 15008000, -1, 3.9631046295166016e+01,
    5.9630447387695312e+01, 3.8579392433166504e+00,
    3.4828216552734375e+02, 3.3114500343799591e-02, 5177600, -1,
    3.9901815795898438e+02, 7.7784759521484375e+01,
    4.3330125808715820e+00, 3.4368774414062500e+02,
    6.3563451170921326e-02, 13566208, -1, 3.9901815795898438e+02,
    7.7784759521484375e+01, 4.3330125808715820e+00,
    1.8056964111328125e+02, 6.3563451170921326e-02, 13566208, -1,
    1.5972004699707031e+02, 8.2593887329101562e+01,
    4.7151060104370117e+00, 8.5437866210937500e+01,
    6.5038695931434631e-02, 2949632, -1, 2.4969797134399414e+01,
    1.2708222389221191e+01, 5.5834546089172363e+00,
    2.6982662963867188e+02, 3.2489612698554993e-02, 15204864, -1,
    9.8989471435546875e+01, 1.3111308097839355e+01,
    5.2187910079956055e+00, 2.6981201171875000e+02,
    3.2459616661071777e-02, 10289664, -1, 4.2718353271484375e+02,
    3.0891872406005859e+01, 4.8715224266052246e+00,
    9.0471221923828125e+01, 3.3528655767440796e-02, 5308928, -1,
    4.9130566406250000e+02, 4.3198162078857422e+01,
    5.0490560531616211e+00, 1.0060119628906250e+00,
    3.6469135433435440e-02, 7930368, -1, 2.1412208557128906e+02,
    4.4887573242187500e+01, 5.5950970649719238e+00,
    2.6058224487304688e+02, 6.5614245831966400e-02, 15335936, -1,
    2.1412208557128906e+02, 4.4887573242187500e+01,
    5.5950970649719238e+00, 1.3373977661132812e+02,
    6.5614245831966400e-02, 15335936, -1, 2.4245451354980469e+02,
    4.4609733581542969e+01, 5.2052664756774902e+00,
    2.7835012817382812e+02, 6.8388029932975769e-02, 10093056, -1,
    2.4245451354980469e+02, 4.4609733581542969e+01,
    5.2052664756774902e+00, 4.4866912841796875e+01,
    6.8388029932975769e-02, 10093056, -1, 1.3906430053710938e+02,
    4.5704608917236328e+01, 5.4475255012512207e+00,
    1.6345063781738281e+02, 3.3711835741996765e-02, 13435392, -1,
    4.2665371704101562e+02, 4.9871246337890625e+01,
    4.9351963996887207e+00, 2.6799090576171875e+02,
    3.2561056315898895e-02, 6291968, -1, 2.1983386230468750e+02,
    6.1246562957763672e+01, 5.4793639183044434e+00,
    1.8766339111328125e+02, 6.7551083862781525e-02, 13828608, -1,
    2.1983386230468750e+02, 6.1246562957763672e+01,
    5.4793639183044434e+00, 6.2845062255859375e+01,
    6.7551083862781525e-02, 13828608, -1, 2.3660324096679688e+02,
    6.1403419494628906e+01, 5.3155722618103027e+00,
    3.5191308593750000e+02, 6.5654858946800232e-02, 11665920, -1,
    4.3997976684570312e+02, 6.5048027038574219e+01,
    4.7264904975891113e+00, 3.2987606811523438e+02,
    3.5649653524160385e-02, 3146240, -1, 4.2923281860351562e+02,
    6.8401809692382812e+01, 4.7018923759460449e+00,
    1.4871591186523438e+02, 3.6538053303956985e-02, 2753024, -1,
    9.1821563720703125e+01, 7.1913314819335938e+01,
    5.2943415641784668e+00, 1.0204223632812500e+01,
    3.3552274107933044e-02, 11338240, -1, 8.9518714904785156e+01,
    8.2022163391113281e+01, 5.3037157058715820e+00,
    8.0185729980468750e+01, 5.5294834077358246e-02, 11469312, -1,
    1.0219175720214844e+02, 8.2732276916503906e+01,
    4.7395558357238770e+00, 9.5152648925781250e+01,
    6.4295783638954163e-02, 3342848, -1, 6.2811149597167969e+01,
    1.2737146377563477e+01, 6.6750383377075195e+00,
    2.6975396728515625e+02, 3.3420003950595856e-02, 11404032, -1,
    4.6204058837890625e+02, 2.0487783432006836e+01,
    6.4566612243652344e+00, 2.6577856445312500e+02,
    6.0056075453758240e-02, 8979200, -1, 2.2824017333984375e+02,
    3.5230098724365234e+01, 5.8815255165100098e+00,
    3.2437576293945312e+02, 6.3734427094459534e-02, 2228992, -1,
    2.2824017333984375e+02, 3.5230098724365234e+01,
    5.8815255165100098e+00, 2.1471008300781250e+02,
    6.3734427094459534e-02, 2228992, -1, 2.1961871337890625e+02,
    3.7220474243164062e+01, 6.2420864105224609e+00,
    2.4891981506347656e+02, 5.0905968993902206e-02, 6554368, -1,
    2.1961871337890625e+02, 3.7220474243164062e+01,
    6.2420864105224609e+00, 2.1706304931640625e+02,
    5.0905968993902206e-02, 6554368, -1, 2.3708856201171875e+02,
    3.7607601165771484e+01, 6.0536484718322754e+00,
    3.1847558593750000e+02, 5.2600085735321045e-02, 4326144, -1,
    2.3708856201171875e+02, 3.7607601165771484e+01,
    6.0536484718322754e+00, 2.9061614990234375e+02,
    5.2600085735321045e-02, 4326144, -1, 2.1406468200683594e+02,
    5.4267711639404297e+01, 6.3703804016113281e+00,
    1.7824865722656250e+02, 5.4026916623115540e-02, 7996160, -1,
    2.1406468200683594e+02, 5.4267711639404297e+01,
    6.3703804016113281e+00, 1.4278063964843750e+02,
    5.4026916623115540e-02, 7996160, -1, 2.2809663391113281e+02,
    6.4246459960937500e+01, 6.0447883605957031e+00,
    1.0606546020507812e+02, 5.3053237497806549e-02, 4195072, -1,
    2.2809663391113281e+02, 6.4246459960937500e+01,
    6.0447883605957031e+00, 7.3223114013671875e+01,
    5.3053237497806549e-02, 4195072, -1, 1.7261027526855469e+02,
    8.1688293457031250e+01, 6.3345470428466797e+00,
    9.4076049804687500e+01, 5.6091055274009705e-02, 7602944, -1,
    2.9315222167968750e+02, 9.0139549255371094e+01,
    6.5737953186035156e+00, 8.9735351562500000e+01,
    3.9518088102340698e-02, 10289920, -1, 3.9919595336914062e+02,
    8.9559707641601562e+01, 6.4253401756286621e+00,
    8.9862365722656250e+01, 4.5496437698602676e-02, 8651520, -1,
    4.8601239013671875e+02, 9.0051948547363281e+01,
    6.0947456359863281e+00, 8.9047424316406250e+01,
    3.2410688698291779e-02, 4850432, -1, 6.2749553680419922e+01,
    1.2123201370239258e+01, 7.3307776451110840e+00,
    2.6872680664062500e+02, 3.3194664865732193e-02, 1442049, -1,
    5.2538146972656250e+02, 2.5652671813964844e+01,
    7.6186509132385254e+00, 3.3267660522460938e+02,
    4.4648732990026474e-02, 4260097, -1, 5.2538146972656250e+02,
    2.5652671813964844e+01, 7.6186509132385254e+00,
    2.7265612792968750e+02, 4.4648732990026474e-02, 4260097, -1,
    5.2538146972656250e+02, 2.5652671813964844e+01,
    7.6186509132385254e+00, 8.5597351074218750e+01,
    4.4648732990026474e-02, 4260097, -1, 5.2538146972656250e+02,
    2.5652671813964844e+01, 7.6186509132385254e+00,
    4.6798797607421875e+01, 4.4648732990026474e-02, 4260097, -1,
    5.2538146972656250e+02, 2.5652671813964844e+01,
    7.6186509132385254e+00, 1.6147308349609375e+01,
    4.4648732990026474e-02, 4260097, -1, 3.6527993774414062e+02,
    4.8823207855224609e+01, 8.5832700729370117e+00,
    1.6374795532226562e+02, 9.8128736019134521e-02, 12845313, -1,
    4.2415954589843750e+02, 7.4667564392089844e+01,
    7.6808047294616699e+00, 1.4116950988769531e+02,
    7.1004740893840790e-02, 4849921, -1, 4.2415954589843750e+02,
    7.4667564392089844e+01, 7.6808047294616699e+00,
    1.2128021240234375e+01, 7.1004740893840790e-02, 4849921, -1,
    9.7451759338378906e+01, 2.4302278518676758e+01,
    1.1392313957214355e+01, 1.9927857971191406e+02,
    8.7075427174568176e-02, 16646657, -1, 4.2721588134765625e+02,
    4.0028236389160156e+01, 9.9913167953491211e+00,
