%YAML:1.0
tag: [ 7.0138839721679688e+01, 1.6396835327148438e+01,
    2.4617824554443359e+00, 2.6170404052734375e+02,
    2.5113828480243683e-02, 6095615, -1, 2.4383288574218750e+02,
    3.2722019195556641e+01, 2.6434295177459717e+00,
    2.3750314331054688e+02, 3.8024283945560455e-02, 11272959, -1,
    1.0103662109375000e+02, 5.3562675476074219e+01,
    2.5486056804656982e+00, 1.6772993469238281e+02,
    1.8279723823070526e-02, 8585983, -1, 1.1940386962890625e+02,
    1.5886995315551758e+01, 3.1258788108825684e+00,
    2.6939929199218750e+02, 2.3446908220648766e-02, 6685695, -1,
    6.4300178527832031e+01, 2.1548265457153320e+01,
    2.9643096923828125e+00, 1.9797561645507812e+02,
    2.5158643722534180e-02, 2819071, -1, 1.0025642395019531e+01,
    2.4896997451782227e+01, 3.5634982585906982e+00,
    1.6943208312988281e+02, 2.7693700045347214e-02, 16122879, -1,
    1.6502481079101562e+02, 3.3467754364013672e+01,
    3.4202866554260254e+00, 3.0832785034179688e+02,
    4.5819588005542755e-02, 13173759, -1, 1.6502481079101562e+02,
    3.3467754364013672e+01, 3.4202866554260254e+00,
    2.3458500671386719e+02, 4.5819588005542755e-02, 13173759, -1,
    4.4216228485107422e+01, 3.8941101074218750e+01,
    3.0816559791564941e+00, 1.6527778625488281e+02,
    5.8606587350368500e-02, 5637119, -1, 4.4216228485107422e+01,
    3.8941101074218750e+01, 3.0816559791564941e+00,
    2.1460266113281250e+01, 5.8606587350368500e-02, 5637119, -1,
    1.0262718200683594e+02, 6.7974792480468750e+01,
    3.2609596252441406e+00, 9.3857666015625000e+01,
    4.8208046704530716e-02, 9700351, -1, 2.1432864379882812e+02,
    6.8686340332031250e+01, 3.2504971027374268e+00,
    6.3605438232421875e+01, 3.9678771048784256e-02, 9503743, -1,
    2.3683378601074219e+02, 7.1175193786621094e+01,
    3.2472279071807861e+00, 8.9778961181640625e+01,
    2.7274362742900848e-02, 9438207, -1, 1.3591107177734375e+02,
    7.1415412902832031e+01, 3.0874469280242920e+00,
    9.0860229492187500e+01, 2.8594553470611572e-02, 5768191, -1,
    1.6029739379882812e+02, 7.1785980224609375e+01,
    3.5523338317871094e+00, 9.0335815429687500e+01,
    2.6653066277503967e-02, 15926271, -1, 1.8387567138671875e+02,
    7.1397537231445312e+01, 3.0965371131896973e+00,
    8.9872253417968750e+01, 2.8836438432335854e-02, 5964799, -1,
    4.4914573669433594e+01, 1.5658742904663086e+01,
    4.1978168487548828e+00, 2.6925244140625000e+02,
    2.3624772205948830e-02, 11272448, -1, 2.3666470336914062e+02,
    2.7843255996704102e+01, 3.9334301948547363e+00,
    2.7021954345703125e+02, 2.5283439084887505e-02, 6553856, -1,
    2.7225888061523438e+02, 2.7870677947998047e+01,
    4.1781377792358398e+00, 3.5297277832031250e+02,
    5.1807407289743423e-02, 10944768, -1, 1.3668324279785156e+02,
    2.8577919006347656e+01, 3.9295251369476318e+00,
    2.7006396484375000e+02, 2.5215482339262962e-02, 6488320, -1,
    2.0206932067871094e+02, 2.8884891510009766e+01,
    4.2508659362792969e+00, 2.5642318725585938e+02,
    2.8155313804745674e-02, 12189952, -1, 2.4496923828125000e+02,
    3.0228738784790039e+01, 4.1349077224731445e+00,
    2.4955311584472656e+02, 3.7251487374305725e-02, 10158336, -1,
    1.4441659545898438e+02, 3.1491584777832031e+01,
    3.9717450141906738e+00, 2.9319015502929688e+02,
    4.0344867855310440e-02, 7274752, -1, 1.4441659545898438e+02,
    3.1491584777832031e+01, 3.9717450141906738e+00,
    2.4804122924804688e+02, 4.0344867855310440e-02, 7274752, -1,
    2.6166183471679688e+02, 3.3848922729492188e+01,
    4.0624198913574219e+00, 1.8062246704101562e+02,
    2.6576122269034386e-02, 8913152, -1, 2.5817739868164062e+02,
    6.6939773559570312e+01, 3.7477524280548096e+00,
    1.4626452636718750e+02, 2.4027043953537941e-02, 3080448, -1,
    2.1423196411132812e+02, 6.9072540283203125e+01,
    3.6473100185394287e+00, 6.9027252197265625e+01,
    3.9794728159904480e-02, 1114368, -1, 9.6819580078125000e+01,
    7.0146263122558594e+01, 4.2850708961486816e+00,
    1.1072369384765625e+02, 3.9247676730155945e-02, 12779776, -1,
    9.6819580078125000e+01, 7.0146263122558594e+01,
    4.2850708961486816e+00, 6.7530548095703125e+01,
    3.9247676730155945e-02, 12779776, -1, 1.6027218627929688e+02,
    7.2027000427246094e+01, 3.7238500118255615e+00,
    9.0933959960937500e+01, 2.6709783822298050e-02, 2621696, -1,
    1.1943750000000000e+02, 7.3324478149414062e+01,
    3.8938076496124268e+00, 9.2340698242187500e+01,
    2.2881958633661270e-02, 5832960, -1, 2.5503120422363281e+02,
    2.6950469970703125e+01, 5.5171704292297363e+00,
    1.8505621337890625e+02, 4.2882546782493591e-02, 14352896, -1,
    2.7469567871093750e+02, 3.5595340728759766e+01,
    5.3581457138061523e+00, 6.3471343994140625e+01,
    7.2105400264263153e-02, 12190208, -1, 8.3931510925292969e+01,
    3.6526031494140625e+01, 5.8521919250488281e+00,
    2.5191862487792969e+02, 7.3333688080310822e-02, 1901312, -1,
    8.3931510925292969e+01, 3.6526031494140625e+01,
    5.8521919250488281e+00, 8.8111389160156250e+01,
    7.3333688080310822e-02, 1901312, -1, 9.3139282226562500e+01,
    4.2500617980957031e+01, 5.4461469650268555e+00,
    2.5685894775390625e+02, 7.2401911020278931e-02, 13369856, -1,
    9.0223510742187500e+01, 4.9585250854492188e+01,
    4.9669055938720703e+00, 2.5779797363281250e+02,
    5.4828073829412460e-02, 6750720, -1, 2.7286596679687500e+02,
    5.6806407928466797e+01, 4.9442133903503418e+00,
    3.5032461547851562e+02, 4.9378983676433563e-02, 6423040, -1,
    2.7286596679687500e+02, 5.6806407928466797e+01,
    4.9442133903503418e+00, 3.0742510986328125e+02,
    4.9378983676433563e-02, 6423040, -1, 7.9256187438964844e+01,
    2.9413476943969727e+01, 6.3388628959655762e+00,
    9.9515380859375000e+00, 5.0263546407222748e-02, 7668480, -1,
    2.5017855834960938e+02, 3.5351905822753906e+01,
    6.1911759376525879e+00, 2.6205422973632812e+02,
    6.3866399228572845e-02, 5964544, -1, 2.0112222290039062e+02,
    3.5847576141357422e+01, 5.9771094322204590e+00,
    2.4962396240234375e+02, 7.7020838856697083e-02, 3408640, -1,
    2.0036628723144531e+02, 5.2613510131835938e+01,
    6.5578341484069824e+00, 2.3527842712402344e+02,
    5.5422149598598480e-02, 10093312, -1, 2.0949526977539062e+02,
    5.7088645935058594e+01, 6.5490775108337402e+00,
    3.5709133911132812e+02, 8.6797267198562622e-02, 10027776, -1,
    2.0949526977539062e+02, 5.7088645935058594e+01,
    6.5490775108337402e+00, 2.5329046630859375e+02,
    8.6797267198562622e-02, 10027776, -1, 2.0949526977539062e+02,
    5.7088645935058594e+01, 6.5490775108337402e+00,
    2.0566392517089844e+02, 8.6797267198562622e-02, 10027776, -1,
    2.0949526977539062e+02, 5.7088645935058594e+01,
    6.5490775108337402e+00, 7.0736389160156250e+01,
    8.6797267198562622e-02, 10027776, -1, 2.0949526977539062e+02,
    5.7088645935058594e+01, 6.5490775108337402e+00,
    2.6806945800781250e+01, 8.6797267198562622e-02, 10027776, -1,
    9.2260665893554688e+01, 5.7463703155517578e+01,
    6.5224885940551758e+00, 2.5813085937500000e+02,
    8.6447052657604218e-02, 9700096, -1, 9.2260665893554688e+01,
    5.7463703155517578e+01, 6.5224885940551758e+00,
    2.0394116210937500e+02, 8.6447052657604218e-02, 9700096, -1,
    9.2260665893554688e+01, 5.7463703155517578e+01,
    6.5224885940551758e+00, 6.3395111083984375e+01,
    8.6447052657604218e-02, 9700096, -1, 1.1970009613037109e+02,
    6.5817642211914062e+01, 6.6989321708679199e+00,
    1.7553099060058594e+02, 7.0571139454841614e-02, 11666176, -1,
    1.1970009613037109e+02, 6.5817642211914062e+01,
    6.6989321708679199e+00, 5.6937255859375000e+00,
    7.0571139454841614e-02, 11666176, -1, 7.1305702209472656e+01,
    2.3902856826782227e+01, 8.2282094955444336e+00,
    2.0005690002441406e+02, 7.8549332916736603e-02, 9830657, -1,
    7.1305702209472656e+01, 2.3902856826782227e+01,
    8.2282094955444336e+00, 5.0298461914062500e+00,
    7.8549332916736603e-02, 9830657, -1, 1.1966921997070312e+02,
    2.4258867263793945e+01, 8.0869474411010742e+00,
