%YAML:1.0
tag: [ 4.7642266845703125e+02, 9.3944908142089844e+01,
    2.5638668537139893e+00, 2.4145512390136719e+02,
    1.4487059786915779e-02, 9044735, -1, 1.9301007080078125e+02,
    3.7812522888183594e+01, 3.5249924659729004e+00,
    6.2228881835937500e+01, 2.5521427392959595e-02, 15336447, -1,
    3.1912460327148438e+02, 4.4483867645263672e+01,
    3.1753799915313721e+00, 5.2139099121093750e+01,
    3.2199360430240631e-02, 7799807, -1, 2.5926239013671875e+02,
    4.8036651611328125e+01, 3.2786068916320801e+00,
    3.3989837646484375e+02, 1.5071967616677284e-02, 10093567, -1,
    3.7919799804687500e+01, 5.5152610778808594e+01,
    3.0062935352325439e+00, 1.6919371032714844e+02,
    1.5884520485997200e-02, 3867647, -1, 1.0660808563232422e+02,
    8.1093811035156250e+01, 3.4409615993499756e+00,
    3.1115319824218750e+02, 1.4253969304263592e-02, 13632511, -1,
    1.3427897644042969e+02, 8.1189857482910156e+01,
    3.3626034259796143e+00, 3.0716275024414062e+02,
    2.7098374441266060e-02, 11928575, -1, 1.3427897644042969e+02,
    8.1189857482910156e+01, 3.3626034259796143e+00,
    2.4380737304687500e+02, 2.7098374441266060e-02, 11928575, -1,
    3.6664117431640625e+02, 8.4834030151367188e+01,
    3.2927074432373047e+00, 1.7416954040527344e+02,
    1.9037527963519096e-02, 10421247, -1, 4.8050140380859375e+02,
    8.7831047058105469e+01, 3.3066520690917969e+00,
    1.8027174377441406e+02, 1.4295234344899654e-02, 10748927, -1,
    4.8136010742187500e+02, 9.2904487609863281e+01,
    2.9657249450683594e+00, 2.6516699218750000e+02,
    2.5970611721277237e-02, 2884607, -1, 4.8136010742187500e+02,
    9.2904487609863281e+01, 2.9657249450683594e+00,
    1.9740104675292969e+02, 2.5970611721277237e-02, 2884607, -1,
    4.8136010742187500e+02, 9.2904487609863281e+01,
    2.9657249450683594e+00, 1.1846270751953125e+02,
    2.5970611721277237e-02, 2884607, -1, 2.1298847961425781e+02,
    1.1885330963134766e+02, 3.1460397243499756e+00,
    5.9343475341796875e+01, 1.6074821352958679e-02, 7144447, -1,
    1.8373974609375000e+02, 3.3642086029052734e+01,
    3.8760316371917725e+00, 9.0880981445312500e+01,
    1.6959868371486664e-02, 5505280, -1, 3.1125747680664062e+02,
    3.8909435272216797e+01, 3.9532337188720703e+00,
    9.1625488281250000e+01, 1.7920700833201408e-02, 6947072, -1,
    2.2000117492675781e+02, 4.0678787231445312e+01,
    4.0927114486694336e+00, 1.2734252929687500e+02,
    3.2189719378948212e-02, 9437440, -1, 2.2000117492675781e+02,
    4.0678787231445312e+01, 4.0927114486694336e+00,
    6.0695922851562500e+01, 3.2189719378948212e-02, 9437440, -1,
    3.6497073364257812e+02, 4.8922012329101562e+01,
    3.7238833904266357e+00, 1.7827371215820312e+02,
    2.1293789148330688e-02, 2621696, -1, 4.7082424926757812e+02,
    5.0356342315673828e+01, 3.9054031372070312e+00,
    2.3990832519531250e+02, 1.4460712671279907e-02, 6029568, -1,
    3.3081237792968750e+02, 5.0901054382324219e+01,
    4.1742253303527832e+00, 2.5767004394531250e+02,
    3.3872898668050766e-02, 10879232, -1, 4.1001553344726562e+02,
    8.2723587036132812e+01, 3.8646976947784424e+00,
    2.3015896606445312e+02, 1.3612074777483940e-02, 5308672, -1,
    2.8731246948242188e+02, 8.6752853393554688e+01,
    3.9411423206329346e+00, 2.4718017578125000e+02,
    2.8464062139391899e-02, 6684928, -1, 4.6486715698242188e+02,
    9.2849266052246094e+01, 3.8710472583770752e+00,
    2.9963513183593750e+02, 1.3850234448909760e-02, 5439744, -1,
    1.0134461212158203e+02, 1.0688520050048828e+02,
    4.5142307281494141e+00, 2.7634262084960938e+02,
    3.8082417100667953e-02, 16515328, -1, 3.5424691772460938e+02,
    3.9104160308837891e+01, 5.1930885314941406e+00,
    1.6701232910156250e+02, 3.6267917603254318e-02, 9961984, -1,
    3.5424691772460938e+02, 3.9104160308837891e+01,
    5.1930885314941406e+00, 1.0538146972656250e+02,
    3.6267917603254318e-02, 9961984, -1, 1.0371736145019531e+02,
    4.0167453765869141e+01, 5.2618408203125000e+00,
    1.9986511230468750e+02, 2.9474586248397827e-02, 10879488, -1,
    4.4914443969726562e+02, 4.1876197814941406e+01,
    4.6108551025390625e+00, 5.9002105712890625e+01,
    1.4263534918427467e-02, 1376768, -1, 3.5509500122070312e+02,
    5.7984474182128906e+01, 4.9862208366394043e+00,
    2.5774731445312500e+02, 3.8056645542383194e-02, 7012864, -1,
    3.5509500122070312e+02, 5.7984474182128906e+01,
    4.9862208366394043e+00, 1.8154754638671875e+02,
    3.8056645542383194e-02, 7012864, -1, 4.5734710693359375e+02,
    6.8895812988281250e+01, 4.6116781234741211e+00,
    1.1738569641113281e+02, 1.3744005002081394e-02, 1376768, -1,
    3.3393664550781250e+02, 3.8156177520751953e+01,
    6.2529196739196777e+00, 4.3898315429687500e+00,
    2.9822427779436111e-02, 6685440, -1, 1.1308472442626953e+02,
    3.8863933563232422e+01, 6.9050850868225098e+00,
    2.6578274536132812e+02, 4.2396273463964462e-02, 13828864, -1,
    1.1308472442626953e+02, 3.8863933563232422e+01,
    6.9050850868225098e+00, 7.5934051513671875e+01,
    4.2396273463964462e-02, 13828864, -1, 2.6624200439453125e+02,
    4.4956069946289062e+01, 7.1577425003051758e+00,
    2.6631115722656250e+02, 5.0129327923059464e-02, 16450304, -1,
    2.6624200439453125e+02, 4.4956069946289062e+01,
    7.1577425003051758e+00, 7.5911254882812500e+01,
    5.0129327923059464e-02, 16450304, -1, 3.1012915039062500e+02,
    4.5709335327148438e+01, 6.9825448989868164e+00,
    1.0760939025878906e+02, 4.1368491947650909e-02, 14680832, -1,
    3.1012915039062500e+02, 4.5709335327148438e+01,
    6.9825448989868164e+00, 5.8391723632812500e+00,
    4.1368491947650909e-02, 14680832, -1, 1.2767913818359375e+02,
    4.6811756134033203e+01, 6.1355891227722168e+00,
    7.8542358398437500e+01, 4.1927386075258255e-02, 5309184, -1,
    2.7868646240234375e+02, 5.2668720245361328e+01,
    6.4557566642761230e+00, 7.7807037353515625e+01,
    4.6257968991994858e-02, 8979200, -1, 3.5726196289062500e+02,
    7.5231872558593750e+01, 6.2445254325866699e+00,
    1.6392272949218750e+02, 3.1232532113790512e-02, 6554368, -1,
    1.4394570922851562e+02, 7.9565429687500000e+01,
    6.8473010063171387e+00, 2.8629028320312500e+02,
    3.4105103462934494e-02, 13239040, -1, 1.4394570922851562e+02,
    7.9565429687500000e+01, 6.8473010063171387e+00,
    1.8348880004882812e+02, 3.4105103462934494e-02, 13239040, -1,
    2.9658984375000000e+02, 8.4766342163085938e+01,
    6.2370634078979492e+00, 2.8536566162109375e+02,
    3.7240955978631973e-02, 6488832, -1, 1.0856865692138672e+02,
    2.9593912124633789e+01, 7.4602980613708496e+00,
    1.8870988464355469e+02, 2.8632516041398048e-02, 2752769, -1,
    3.4394332885742188e+02, 3.3593765258789062e+01,
    8.8852939605712891e+00, 1.5262622070312500e+02,
    4.9514777958393097e-02, 15401217, -1, 3.4394332885742188e+02,
    3.3593765258789062e+01, 8.8852939605712891e+00,
    1.1788574218750000e+01, 4.9514777958393097e-02, 15401217, -1,
    1.1391648101806641e+02, 3.8655807495117188e+01,
    7.2344980239868164e+00, 7.8679138183593750e+01,
    4.2141702026128769e-02, 524545, -1, 4.2869668579101562e+02,
    3.7654655456542969e+01, 8.7256326675415039e+00,
    3.4671191406250000e+02, 3.2004635781049728e-02, 14090497, -1,
    4.2869668579101562e+02, 3.7654655456542969e+01,
    8.7256326675415039e+00, 1.8404814147949219e+02,
    3.2004635781049728e-02, 14090497, -1, 3.2749679565429688e+02,
    4.7601104736328125e+01, 7.7164225578308105e+00,
    2.3988891601562500e+02, 4.5819919556379318e-02, 5177601, -1,
    3.2749679565429688e+02, 4.7601104736328125e+01,
    7.7164225578308105e+00, 8.3312164306640625e+01,
    4.5819919556379318e-02, 5177601, -1, 3.5788061523437500e+02,
    4.8716480255126953e+01, 7.4888453483581543e+00,
    1.2473359680175781e+02, 4.6452041715383530e-02, 3014913, -1,
    4.0942608642578125e+02, 4.9320014953613281e+01,
    7.8391366004943848e+00, 2.8903726196289062e+02,
    3.1487494707107544e-02, 6291713, -1, 4.0942608642578125e+02,
    4.9320014953613281e+01, 7.8391366004943848e+00,
