%YAML:1.0
tag: [ 3.0645025634765625e+02, 4.4544406890869141e+01,
    2.5992951393127441e+00, 3.4132971191406250e+02,
    3.8365136831998825e-02, 10027775, -1, 3.6403933715820312e+02,
    2.4494518280029297e+01, 3.3379585742950439e+00,
    9.2749359130859375e+01, 5.1728490740060806e-02, 11404287, -1,
    3.2862277221679688e+02, 3.0369506835937500e+01,
    3.2565944194793701e+00, 3.5976608276367188e+02,
    3.2415144145488739e-02, 9634815, -1, 9.9293891906738281e+01,
    4.4060081481933594e+01, 3.3388526439666748e+00,
    2.6982797241210938e+02, 3.4478764981031418e-02, 11404287, -1,
    7.1964721679687500e+01, 6.1488079071044922e+01,
    3.2789857387542725e+00, 1.1345886230468750e+01,
    7.2106696665287018e-02, 10093567, -1, 7.5549865722656250e+01,
    6.4382118225097656e+01, 3.1877162456512451e+00,
    9.5569946289062500e+01, 6.7679539322853088e-02, 8061951, -1,
    3.6412017822265625e+02, 1.4693388938903809e+01,
    4.2882266044616699e+00, 2.6507153320312500e+02,
    6.6108860075473785e-02, 12845312, -1, 4.1269824218750000e+02,
    1.4919958114624023e+01, 4.1171522140502930e+00,
    1.6289062500000000e+00, 5.9626810252666473e-02, 9896192, -1,
    4.1269824218750000e+02, 1.4919958114624023e+01,
    4.1171522140502930e+00, 2.6928216552734375e+02,
    5.9626810252666473e-02, 9896192, -1, 4.0874819946289062e+02,
    2.0254936218261719e+01, 3.9747836589813232e+00,
    5.6477661132812500e+00, 4.5795302838087082e-02, 7340288, -1,
    3.3697384643554688e+02, 2.3214181900024414e+01,
    3.9229142665863037e+00, 9.0289672851562500e+01,
    3.6060281097888947e-02, 6357248, -1, 3.6513748168945312e+02,
    2.3945318222045898e+01, 4.4589891433715820e+00,
    9.1951934814453125e+01, 5.0950378179550171e-02, 15663360, -1,
    1.7745564270019531e+02, 2.5432323455810547e+01,
    4.1274819374084473e+00, 2.0377455139160156e+02,
    7.7290438115596771e-02, 10027264, -1, 1.7060992431640625e+02,
    2.8573186874389648e+01, 4.6123061180114746e+00,
    2.5051803588867188e+02, 6.1369672417640686e-02, 1376768, -1,
    1.7060992431640625e+02, 2.8573186874389648e+01,
    4.6123061180114746e+00, 2.1471000671386719e+02,
    6.1369672417640686e-02, 1376768, -1, 1.8438949584960938e+02,
    2.8581773757934570e+01, 4.6481194496154785e+00,
    3.2260479736328125e+02, 6.1011675745248795e-02, 1966592, -1,
    1.8438949584960938e+02, 2.8581773757934570e+01,
    4.6481194496154785e+00, 2.9010552978515625e+02,
    6.1011675745248795e-02, 1966592, -1, 1.6566418457031250e+02,
    3.4153926849365234e+01, 4.2095332145690918e+00,
    2.6408996582031250e+02, 7.7009908854961395e-02, 11469056, -1,
    1.6566418457031250e+02, 3.4153926849365234e+01,
    4.2095332145690918e+00, 1.3315158081054688e+02,
    7.7009908854961395e-02, 11469056, -1, 1.8913934326171875e+02,
    3.4174160003662109e+01, 4.1510481834411621e+00,
    2.7632537841796875e+02, 7.7864274382591248e-02, 10486016, -1,
    1.8913934326171875e+02, 3.4174160003662109e+01,
    4.1510481834411621e+00, 4.7064910888671875e+01,
    7.7864274382591248e-02, 10486016, -1, 1.7019171142578125e+02,
    4.7996700286865234e+01, 4.1876425743103027e+00,
    1.9191612243652344e+02, 7.8088171780109406e-02, 11075840, -1,
    1.7019171142578125e+02, 4.7996700286865234e+01,
    4.1876425743103027e+00, 6.1827301025390625e+01,
    7.8088171780109406e-02, 11075840, -1, 1.8472103881835938e+02,
    4.7952468872070312e+01, 4.2442317008972168e+00,
    3.4948251342773438e+02, 7.7776506543159485e-02, 12058880, -1,
    1.8472103881835938e+02, 4.7952468872070312e+01,
    4.2442317008972168e+00, 1.1721292114257812e+02,
    7.7776506543159485e-02, 12058880, -1, 6.6165832519531250e+01,
    6.3814983367919922e+01, 4.3757653236389160e+00,
    8.4745361328125000e+01, 5.9924665838479996e-02, 14287104, -1,
    7.6318695068359375e+01, 6.3990150451660156e+01,
    3.9662387371063232e+00, 9.6591369628906250e+01,
    6.7662537097930908e-02, 7143680, -1, 1.2262081909179688e+02,
    6.3861667633056641e+01, 4.1813330650329590e+00,
    8.4650604248046875e+01, 6.4651377499103546e-02, 11010304, -1,
    1.3215396118164062e+02, 6.3858081817626953e+01,
    4.1816463470458984e+00, 9.5556518554687500e+01,
    6.1071872711181641e-02, 11010304, -1, 2.6537164306640625e+02,
    6.3773365020751953e+01, 4.4352302551269531e+00,
    9.3555023193359375e+01, 6.0503412038087845e-02, 15270144, -1,
    3.1052621459960938e+02, 6.3893661499023438e+01,
    4.1067276000976562e+00, 8.5668609619140625e+01,
    6.2996581196784973e-02, 9699584, -1, 3.2006753540039062e+02,
    6.3739242553710938e+01, 4.5125136375427246e+00,
    9.3513916015625000e+01, 5.8608740568161011e-02, 16515328, -1,
    4.0712280273437500e+02, 9.8158512115478516e+00,
    4.7974147796630859e+00, 2.8035931396484375e+02,
    2.8373172506690025e-02, 4194816, -1, 1.6656260681152344e+02,
    4.1654300689697266e+01, 4.6278638839721680e+00,
    1.8102201843261719e+02, 5.9687409549951553e-02, 1638912, -1,
    1.7748454284667969e+02, 4.9644115447998047e+01,
    4.8759679794311523e+00, 1.0955375671386719e+02,
    5.9784300625324249e-02, 5374464, -1, 1.7748454284667969e+02,
    4.9644115447998047e+01, 4.8759679794311523e+00,
    6.8283935546875000e+01, 5.9784300625324249e-02, 5374464, -1,
    1.6544157409667969e+02, 5.8137081146240234e+01,
    5.0229468345642090e+00, 1.1133422851562500e+00,
    4.1835244745016098e-02, 7537152, -1, 3.9544195556640625e+02,
    3.1353034973144531e+01, 6.6434669494628906e+00,
    7.7230865478515625e+01, 6.8418562412261963e-02, 11076352, -1,
    3.9544195556640625e+02, 3.1353034973144531e+01,
    6.6434669494628906e+00, 6.4418945312500000e+00,
    6.8418562412261963e-02, 11076352, -1, 2.8744897460937500e+02,
    3.7324943542480469e+01, 6.6508331298828125e+00,
    1.6339982604980469e+02, 1.0789691656827927e-01, 11141888, -1,
    2.8744897460937500e+02, 3.7324943542480469e+01,
    6.6508331298828125e+00, 1.3927337646484375e+01,
    1.0789691656827927e-01, 11141888, -1, 9.9260025024414062e+01,
    3.7464954376220703e+01, 6.8139452934265137e+00,
    1.6422152709960938e+02, 1.0824573785066605e-01, 12911360, -1,
    9.9260025024414062e+01, 3.7464954376220703e+01,
    6.8139452934265137e+00, 1.5702667236328125e+01,
    1.0824573785066605e-01, 12911360, -1, 3.5282608032226562e+02,
    4.5920917510986328e+01, 6.6742873191833496e+00,
    3.3298294067382812e+02, 6.6326834261417389e-02, 11404032, -1,
    3.5282608032226562e+02, 4.5920917510986328e+01,
    6.6742873191833496e+00, 4.1830657958984375e+01,
    6.6326834261417389e-02, 11404032, -1, 9.3653968811035156e+01,
    5.9167461395263672e+01, 6.2203216552734375e+00,
    8.2703186035156250e+01, 6.3617639243602753e-02, 6292224, -1,
    9.3653968811035156e+01, 5.9167461395263672e+01,
    6.2203216552734375e+00, 2.9492767333984375e+01,
    6.3617639243602753e-02, 6292224, -1, 1.0512536621093750e+02,
    5.9294281005859375e+01, 6.4482054710388184e+00,
    1.4919114685058594e+02, 6.2737330794334412e-02, 8913664, -1,
    1.0512536621093750e+02, 5.9294281005859375e+01,
    6.4482054710388184e+00, 9.7342376708984375e+01,
    6.2737330794334412e-02, 8913664, -1, 2.8218026733398438e+02,
    5.9355880737304688e+01, 6.5425539016723633e+00,
    8.2714111328125000e+01, 6.2328726053237915e-02, 9962240, -1,
    2.8218026733398438e+02, 5.9355880737304688e+01,
    6.5425539016723633e+00, 3.2867248535156250e+01,
    6.2328726053237915e-02, 9962240, -1, 2.9286978149414062e+02,
    5.9434150695800781e+01, 6.7284865379333496e+00,
    1.4630668640136719e+02, 6.2079533934593201e-02, 11993856, -1,
    2.9286978149414062e+02, 5.9434150695800781e+01,
    6.7284865379333496e+00, 9.7286987304687500e+01,
    6.2079533934593201e-02, 11993856, -1, 3.3736062622070312e+02,
    3.0364992141723633e+01, 7.7927131652832031e+00,
    2.6458670043945312e+02, 1.1619415134191513e-01, 5898497, -1,
    3.3736062622070312e+02, 3.0364992141723633e+01,
    7.7927131652832031e+00, 9.7250122070312500e+01,
    1.1619415134191513e-01, 5898497, -1, 3.9612023925781250e+02,
    3.2278606414794922e+01, 7.6189355850219727e+00,
