%YAML:1.0
tag: [ 3.5987766265869141e+01, 9.9489107131958008e+00,
    2.7350575923919678e+00, 8.0214904785156250e+01,
    2.0654346793889999e-02, 13697791, -1, 1.6595415115356445e+01,
    1.0813485145568848e+01, 2.5076320171356201e+00,
    8.8582122802734375e+01, 2.3322861641645432e-02, 7406335, -1,
    1.7668205261230469e+02, 1.4674159049987793e+01,
    2.4974429607391357e+00, 1.1969183349609375e+02,
    2.2694677114486694e-02, 7144191, -1, 1.8557040405273438e+02,
    3.1016159057617188e+01, 2.8233590126037598e+00,
    1.7080688476562500e+00, 2.6089869439601898e-02, 15991551, -1,
    3.0659365844726562e+02, 3.5075290679931641e+01,
    2.4084568023681641e+00, 1.9206962585449219e+02,
    1.7087170854210854e-02, 4522751, -1, 3.0093325805664062e+02,
    4.2358791351318359e+01, 2.6613349914550781e+00,
    2.5204838562011719e+02, 2.5987450033426285e-02, 11731711, -1,
    1.7613636779785156e+02, 4.6673160552978516e+01,
    2.3500430583953857e+00, 2.6425891113281250e+02,
    2.6231499388813972e-02, 2753279, -1, 7.5820877075195312e+01,
    4.7310985565185547e+01, 2.7332680225372314e+00,
    3.0286172485351562e+02, 4.4298280030488968e-02, 13697791, -1,
    7.5820877075195312e+01, 4.7310985565185547e+01,
    2.7332680225372314e+00, 2.4435922241210938e+02,
    4.4298280030488968e-02, 13697791, -1, 1.0550675964355469e+02,
    4.8493133544921875e+01, 2.6212542057037354e+00,
    2.6745193481445312e+02, 2.8927853330969810e-02, 10617599, -1,
    5.8559024810791016e+01, 8.5468263626098633e+00,
    2.9812362194061279e+00, 8.9401214599609375e+01,
    2.0408581942319870e-02, 3212287, -1, 2.7176443481445312e+02,
    1.2667660713195801e+01, 2.9215538501739502e+00,
    2.5710583496093750e+02, 2.1925207227468491e-02, 1770495, -1,
    1.2937245178222656e+02, 1.7676696777343750e+01,
    3.2822856903076172e+00, 1.1616889953613281e+02,
    3.4196425229310989e-02, 10224639, -1, 1.2937245178222656e+02,
    1.7676696777343750e+01, 3.2822856903076172e+00,
    6.3469787597656250e+01, 3.4196425229310989e-02, 10224639, -1,
    2.0506686401367188e+02, 1.8044496536254883e+01,
    2.9980323314666748e+00, 1.9406127929687500e-01,
    5.0054457038640976e-02, 3671039, -1, 1.6727661132812500e+02,
    2.3009790420532227e+01, 3.2772221565246582e+00,
    2.7832238769531250e+02, 6.1179030686616898e-02, 10093567, -1,
    1.6727661132812500e+02, 2.3009790420532227e+01,
    3.2772221565246582e+00, 7.8358795166015625e+01,
    6.1179030686616898e-02, 10093567, -1, 2.1733343505859375e+02,
    2.3124612808227539e+01, 3.2577512264251709e+00,
    2.6306665039062500e+02, 5.0457924604415894e-02, 9634815, -1,
    2.1733343505859375e+02, 2.3124612808227539e+01,
    3.2577512264251709e+00, 1.8336448669433594e+02,
    5.0457924604415894e-02, 9634815, -1, 6.0465724945068359e+01,
    2.4648017883300781e+01, 2.9925310611724854e+00,
    2.0175138854980469e+02, 4.5658130198717117e-02, 3539967, -1,
    2.9103854370117188e+02, 2.4772781372070312e+01,
    2.8131849765777588e+00, 1.1022061157226562e+02,
    1.4280378818511963e-02, 15729407, -1, 4.6949325561523438e+01,
    2.8507696151733398e+01, 3.5362865924835205e+00,
    1.6912171936035156e+02, 5.1912821829319000e-02, 15598591, -1,
    4.6949325561523438e+01, 2.8507696151733398e+01,
    3.5362865924835205e+00, 2.0935363769531250e+01,
    5.1912821829319000e-02, 15598591, -1, 1.7769009399414062e+02,
    3.0059429168701172e+01, 2.6625468730926514e+00,
    1.8270378112792969e+02, 2.8425550088286400e-02, 11797247, -1,
    2.0427137756347656e+02, 2.9555324554443359e+01,
    3.3150413036346436e+00, 6.2942504882812500e-01,
    2.3314377292990685e-02, 10879999, -1, 1.5136921691894531e+02,
    2.9898784637451172e+01, 3.4127089977264404e+00,
    1.7949613952636719e+02, 4.4761236757040024e-02, 13042687, -1,
    2.8367614746093750e+02, 3.4063396453857422e+01,
    3.2947270870208740e+00, 3.0004672241210938e+02,
    2.1687543019652367e-02, 10486783, -1, 2.5164190673828125e+02,
    3.7883499145507812e+01, 3.0151543617248535e+00,
    2.3935516357421875e+02, 3.0575621873140335e-02, 4064255, -1,
    1.5032786560058594e+02, 4.0347431182861328e+01,
    3.0397188663482666e+00, 3.3330950927734375e+02,
    4.5529693365097046e-02, 4654079, -1, 1.5032786560058594e+02,
    4.0347431182861328e+01, 3.0397188663482666e+00,
    1.8850625610351562e+02, 4.5529693365097046e-02, 4654079, -1,
    1.6958819580078125e+02, 4.4234340667724609e+01,
    2.7764863967895508e+00, 2.4449121093750000e+02,
    4.7965180128812790e-02, 14811903, -1, 1.8761196899414062e+02,
    4.5573001861572266e+01, 3.0752630233764648e+00,
    2.6931665039062500e+02, 3.0323909595608711e-02, 5506047, -1,
    1.2474445343017578e+02, 4.7780944824218750e+01,
    3.1190972328186035e+00, 2.6717111206054688e+02,
    3.1065979972481728e-02, 6489087, -1, 2.1798712158203125e+02,
    1.0422081947326660e+01, 3.6166846752166748e+00,
    1.6930894470214844e+02, 4.5870535075664520e-02, 524544, -1,
    1.0202526092529297e+02, 1.6394886016845703e+01,
    4.3421473503112793e+00, 1.7889254760742188e+02,
    3.8719721138477325e-02, 13697280, -1, 6.3664573669433594e+01,
    1.7669384002685547e+01, 3.6609630584716797e+00,
    1.9438214111328125e+02, 4.8956062644720078e-02, 1376512, -1,
    6.3664573669433594e+01, 1.7669384002685547e+01,
    3.6609630584716797e+00, 7.0956176757812500e+01,
    4.8956062644720078e-02, 1376512, -1, 1.5899531555175781e+02,
    1.8818862915039062e+01, 4.2824149131774902e+00,
    2.6596575927734375e+02, 5.7213328778743744e-02, 12714240, -1,
    1.5899531555175781e+02, 1.8818862915039062e+01,
    4.2824149131774902e+00, 7.0567565917968750e+01,
    5.7213328778743744e-02, 12714240, -1, 6.5730850219726562e+01,
    2.3052574157714844e+01, 3.9697120189666748e+00,
    6.9998138427734375e+01, 5.8524958789348602e-02, 7209216, -1,
    1.9684735107421875e+02, 2.5035232543945312e+01,
    4.0341525077819824e+00, 2.4432403564453125e+02,
    4.5453403145074844e-02, 8388864, -1, 1.6495132446289062e+02,
    2.8106653213500977e+01, 3.9740109443664551e+00,
    7.7853363037109375e+01, 4.6803873032331467e-02, 7340288, -1,
    2.1723074340820312e+02, 3.3221847534179688e+01,
    3.7627964019775391e+00, 1.6875679016113281e+02,
    4.1413076221942902e-02, 3342592, -1, 2.1869345092773438e+02,
    3.9952312469482422e+01, 4.6402359008789062e+00,
    2.5543725585937500e+02, 5.6529238820075989e-02, 1835520, -1,
    2.1869345092773438e+02, 3.9952312469482422e+01,
    4.6402359008789062e+00, 1.3088072204589844e+02,
    5.6529238820075989e-02, 1835520, -1, 1.6456481933593750e+02,
    4.1584911346435547e+01, 4.2841763496398926e+00,
    2.5290521240234375e+02, 4.6291019767522812e-02, 12779776, -1,
    1.7585485839843750e+02, 4.1925731658935547e+01,
    3.9355895519256592e+00, 2.9167041015625000e+02,
    4.9608718603849411e-02, 6619392, -1, 1.7585485839843750e+02,
    4.1925731658935547e+01, 3.9355895519256592e+00,
    1.8749499511718750e+02, 4.9608718603849411e-02, 6619392, -1,
    8.1187103271484375e+01, 4.5212295532226562e+01,
    4.0408339500427246e+00, 2.8531405639648438e+02,
    4.5977201312780380e-02, 8519936, -1, 2.7086032104492188e+02,
    6.1409692764282227e+00, 5.3244929313659668e+00,
    3.5150177001953125e+02, 3.2583091408014297e-02, 11731456, -1,
    2.7086032104492188e+02, 6.1409692764282227e+00,
    5.3244929313659668e+00, 1.9055931091308594e+02,
    3.2583091408014297e-02, 11731456, -1, 2.5621356201171875e+02,
    1.4401923179626465e+01, 4.8659410476684570e+00,
    2.8071566772460938e+02, 3.2089095562696457e-02, 5243392, -1,
    2.5621356201171875e+02, 1.4401923179626465e+01,
    4.8659410476684570e+00, 1.2737911987304688e+02,
    3.2089095562696457e-02, 5243392, -1, 2.8509594726562500e+02,
    1.3888611793518066e+01, 4.8226976394653320e+00,
    2.5185031127929688e+02, 3.3677000552415848e-02, 4588032, -1,
    2.2000068664550781e+02, 1.7018339157104492e+01,
    4.8430233001708984e+00, 2.4211106872558594e+02,
    5.5779617279767990e-02, 4915712, -1, 2.2000068664550781e+02,
    1.7018339157104492e+01, 4.8430233001708984e+00,
