%YAML:1.0
tag: [ 3.0744046020507812e+02, 2.8506326675415039e+01,
    2.3154492378234863e+00, 2.6938757324218750e+02,
    2.9134489595890045e-02, 1639167, -1, 1.6208955383300781e+02,
    4.7242694854736328e+01, 2.8521151542663574e+00,
    2.7730206298828125e+02, 4.3950121849775314e-02, 1023, -1,
    1.6650547790527344e+02, 4.7386764526367188e+01,
    2.6277315616607666e+00, 2.3624740600585938e+02,
    3.6648962646722794e-02, 10814207, -1, 3.2717089843750000e+02,
    8.6543144226074219e+01, 2.5897688865661621e+00,
    6.7687988281250000e-02, 2.5199890136718750e-02, 9765631, -1,
    8.5371307373046875e+01, 2.8084018707275391e+01,
    3.0657098293304443e+00, 2.7098837280273438e+02,
    2.8592433780431747e-02, 5243903, -1, 8.4075393676757812e+01,
    4.6107173919677734e+01, 3.1912484169006348e+00,
    1.4114532470703125e+01, 3.2212652266025543e-02, 8127487, -1,
    2.7995477294921875e+02, 4.7356132507324219e+01,
    2.9820630550384521e+00, 2.7688040161132812e+02,
    4.8957016319036484e-02, 3277823, -1, 2.9542593383789062e+02,
    5.3823657989501953e+01, 3.5578370094299316e+00,
    7.8112274169921875e+01, 5.2021995186805725e-02, 15991807, -1,
    2.5493275451660156e+02, 7.4456695556640625e+01,
    3.3496348857879639e+00, 1.8577014160156250e+02,
    2.4820121005177498e-02, 11666431, -1, 3.1364401245117188e+02,
    7.8376502990722656e+01, 3.4654045104980469e+00,
    3.4204516601562500e+02, 2.4557176977396011e-02, 14091263, -1,
    4.3707416534423828e+01, 8.6092506408691406e+01,
    3.3079812526702881e+00, 1.2711975097656250e+01,
    2.9883142560720444e-02, 10748927, -1, 1.8745836257934570e+01,
    2.7694086074829102e+01, 3.8126370906829834e+00,
    2.7009106445312500e+02, 2.9722834005951881e-02, 4325632, -1,
    2.7695663452148438e+02, 4.2594936370849609e+01,
    3.9244477748870850e+00, 2.7077929687500000e+02,
    2.4753443896770477e-02, 6422784, -1, 3.0044274902343750e+02,
    5.0319541931152344e+01, 4.2764430046081543e+00,
    1.8009341430664062e+02, 5.5478792637586594e-02, 12648704, -1,
    3.2869692993164062e+02, 5.0272857666015625e+01,
    4.0211386680603027e+00, 3.5942520141601562e+02,
    2.5460492819547653e-02, 8192256, -1, 2.5276048278808594e+02,
    9.0422966003417969e+01, 4.0352697372436523e+00,
    1.1568057250976562e+02, 4.4422864913940430e-02, 8388864, -1,
    2.5276048278808594e+02, 9.0422966003417969e+01,
    4.0352697372436523e+00, 7.0693267822265625e+01,
    4.4422864913940430e-02, 8388864, -1, 1.3962506103515625e+02,
    9.3752624511718750e+01, 4.1541004180908203e+00,
    8.9713165283203125e+01, 2.7050130069255829e-02, 10486016, -1,
    1.5893403625488281e+02, 9.3723419189453125e+01,
    4.1699051856994629e+00, 9.0025390625000000e+01,
    2.7591276913881302e-02, 10813696, -1, 2.1473782348632812e+02,
    9.3719261169433594e+01, 4.0721807479858398e+00,
    8.9792114257812500e+01, 2.7126627042889595e-02, 9109760, -1,
    5.1887519836425781e+01, 2.7159801483154297e+01,
    4.6084685325622559e+00, 2.7042050170898438e+02,
    2.7973089367151260e-02, 1311232, -1, 3.6879199218750000e+02,
    2.8616823196411133e+01, 5.0083923339843750e+00,
    3.0403158569335938e+02, 1.3489646837115288e-02, 7340544, -1,
    3.1875653076171875e+02, 4.0692760467529297e+01,
    5.4613280296325684e+00, 3.5062384033203125e+02,
    5.1104731857776642e-02, 13566464, -1, 3.1875653076171875e+02,
    4.0692760467529297e+01, 5.4613280296325684e+00,
    2.8638510131835938e+02, 5.1104731857776642e-02, 13566464, -1,
    1.9134114074707031e+02, 4.7209640502929688e+01,
    4.7134327888488770e+00, 2.9778302001953125e+02,
    4.7806590795516968e-02, 2949632, -1, 8.7556938171386719e+01,
    5.3138366699218750e+01, 5.0045218467712402e+00,
    1.8041229248046875e+01, 4.9642819911241531e-02, 7275008, -1,
    3.1875354003906250e+02, 6.0085716247558594e+01,
    5.4852557182312012e+00, 7.3024963378906250e+01,
    5.1274418830871582e-02, 13894144, -1, 3.1875354003906250e+02,
    6.0085716247558594e+01, 5.4852557182312012e+00,
    5.7673339843750000e+00, 5.1274418830871582e-02, 13894144, -1,
    1.1412201690673828e+02, 9.0956489562988281e+01,
    4.6212644577026367e+00, 1.0658773803710938e+02,
    4.3822888284921646e-02, 1507840, -1, 1.1412201690673828e+02,
    9.0956489562988281e+01, 4.6212644577026367e+00,
    7.4776245117187500e+01, 4.3822888284921646e-02, 1507840, -1,
    2.9923098754882812e+02, 4.1317790985107422e+01,
    6.2979989051818848e+00, 1.8458480834960938e+02,
    4.4659331440925598e-02, 7209728, -1, 9.1926757812500000e+01,
    4.2071212768554688e+01, 6.7555413246154785e+00,
    8.4876708984375000e+00, 5.1373470574617386e-02, 12256000, -1,
    1.6731460571289062e+02, 4.4164680480957031e+01,
    5.2610316276550293e+00, 2.5639947509765625e+02,
    3.7120405584573746e-02, 10879488, -1, 2.7570812988281250e+02,
    4.9305362701416016e+01, 6.7318749427795410e+00,
    2.8190652465820312e+02, 6.1645116657018661e-02, 11993856, -1,
    2.7570812988281250e+02, 4.9305362701416016e+01,
    6.7318749427795410e+00, 1.8895779418945312e+02,
    6.1645116657018661e-02, 11993856, -1, 9.6073822021484375e+01,
    5.0422908782958984e+01, 6.5028481483459473e+00,
    2.5476402282714844e+02, 7.3434114456176758e-02, 9503488, -1,
    2.3429751586914062e+02, 5.0379390716552734e+01,
    6.8066163063049316e+00, 2.5171180725097656e+02,
    7.8184455633163452e-02, 12780288, -1, 1.0707817840576172e+02,
    5.7268802642822266e+01, 6.2900362014770508e+00,
    2.5514839172363281e+02, 7.1844473481178284e-02, 7078656, -1,
    1.0707817840576172e+02, 5.7268802642822266e+01,
    6.2900362014770508e+00, 9.3214111328125000e+01,
    7.1844473481178284e-02, 7078656, -1, 2.4564001464843750e+02,
    5.7264736175537109e+01, 6.3008928298950195e+00,
    2.5519628906250000e+02, 7.1952611207962036e-02, 7209728, -1,
    2.4564001464843750e+02, 5.7264736175537109e+01,
    6.3008928298950195e+00, 9.4333160400390625e+01,
    7.1952611207962036e-02, 7209728, -1, 3.1959576416015625e+02,
    7.6177490234375000e+01, 6.3789544105529785e+00,
    3.4958306884765625e+02, 4.7860834747552872e-02, 8127232, -1,
    3.1959576416015625e+02, 7.6177490234375000e+01,
    6.3789544105529785e+00, 3.0649691772460938e+02,
    4.7860834747552872e-02, 8127232, -1, 1.2248996734619141e+02,
    8.7707878112792969e+01, 6.2080397605895996e+00,
    1.0468179321289062e+02, 6.1296988278627396e-02, 6161152, -1,
    2.6099395751953125e+02, 8.7815834045410156e+01,
    5.9843621253967285e+00, 1.0204583740234375e+02,
    5.9483632445335388e-02, 3474176, -1, 3.8921987915039062e+02,
    2.6158426284790039e+01, 8.6157178878784180e+00,
    1.6803984069824219e+02, 3.2142061740159988e-02, 13172993, -1,
    3.8921987915039062e+02, 2.6158426284790039e+01,
    8.6157178878784180e+00, 1.0729614257812500e+01,
    3.2142061740159988e-02, 13172993, -1, 3.6837603759765625e+02,
    3.8430366516113281e+01, 8.5835466384887695e+00,
    3.1153802490234375e+02, 3.2157525420188904e-02, 12845313, -1,
    3.6837603759765625e+02, 3.8430366516113281e+01,
    8.5835466384887695e+00, 1.0957705688476562e+02,
    3.2157525420188904e-02, 12845313, -1, 4.1008721923828125e+02,
    3.8373966217041016e+01, 8.5490131378173828e+00,
    2.2858856201171875e+02, 3.1927801668643951e-02, 12583169, -1,
    4.1008721923828125e+02, 3.8373966217041016e+01,
    8.5490131378173828e+00, 7.1195068359375000e+01,
    3.1927801668643951e-02, 12583169, -1, 2.9221249389648438e+02,
    5.0391105651855469e+01, 7.3826308250427246e+00,
    2.6338940429687500e+02, 6.9039158523082733e-02, 1966337, -1,
    3.2166900634765625e+02, 5.0385978698730469e+01,
    7.3496384620666504e+00, 3.1073513793945312e+02,
    6.6874846816062927e-02, 1638657, -1, 3.2166900634765625e+02,
    5.0385978698730469e+01, 7.3496384620666504e+00,
    4.9695922851562500e+01, 6.6874846816062927e-02, 1638657, -1,
    3.6821249389648438e+02, 6.2525520324707031e+01,
    8.6462793350219727e+00, 2.5117372131347656e+02,
    3.2168425619602203e-02, 13435137, -1, 3.6821249389648438e+02,
    6.2525520324707031e+01, 8.6462793350219727e+00,
