%YAML:1.0
tag: [ 4.2008708953857422e+01, 3.6196758270263672e+01,
    2.6569654941558838e+00, 1.8978659057617188e+02,
    4.2612262070178986e-02, 11600639, -1, 2.2606507873535156e+02,
    5.3650707244873047e+01, 2.6887612342834473e+00,
    1.6913803100585938e+02, 4.1211608797311783e-02, 12452607, -1,
    7.1401351928710938e+01, 4.1619873046875000e+01,
    3.5904915332794189e+00, 1.9012062072753906e+02,
    3.9094891399145126e-02, 16712703, -1, 1.0516572570800781e+02,
    4.6820289611816406e+01, 3.2224800586700439e+00,
    2.7060791015625000e+02, 4.1478198021650314e-02, 8848383, -1,
    7.5917861938476562e+01, 5.7663417816162109e+01,
    3.2494869232177734e+00, 1.0087036132812500e+01,
    3.6393877118825912e-02, 9438207, -1, 2.6618460083007812e+02,
    6.2948284149169922e+01, 2.9994952678680420e+00,
    3.5832516479492188e+02, 7.5537055730819702e-02, 3671039, -1,
    2.6618460083007812e+02, 6.2948284149169922e+01,
    2.9994952678680420e+00, 2.0069255065917969e+02,
    7.5537055730819702e-02, 3671039, -1, 3.7038128662109375e+02,
    2.6599519729614258e+01, 4.9862647056579590e+00,
    9.2556701660156250e+01, 5.5039606988430023e-02, 7012864, -1,
    1.8321023559570312e+02, 2.8630571365356445e+01,
    4.3254704475402832e+00, 3.3331549072265625e+02,
    8.3054214715957642e-02, 13435136, -1, 1.8321023559570312e+02,
    2.8630571365356445e+01, 4.3254704475402832e+00,
    2.0517594909667969e+02, 8.3054214715957642e-02, 13435136, -1,
    9.9802940368652344e+01, 3.6599521636962891e+01,
    4.0376758575439453e+00, 1.9004058837890625e+01,
    4.1656266897916794e-02, 8454400, -1, 2.9804733276367188e+02,
    3.6443603515625000e+01, 3.9676063060760498e+00,
    1.6048815917968750e+02, 4.0363740175962448e-02, 7209216, -1,
    1.7122926330566406e+02, 3.6929374694824219e+01,
    4.1856331825256348e+00, 2.6265063476562500e+02,
    8.1957988440990448e-02, 11075840, -1, 1.7122926330566406e+02,
    3.6929374694824219e+01, 4.1856331825256348e+00,
    1.3354763793945312e+02, 8.1957988440990448e-02, 11075840, -1,
    1.9468952941894531e+02, 3.7068611145019531e+01,
    4.2425241470336914e+00, 2.7671414184570312e+02,
    8.2513026893138885e-02, 12058880, -1, 1.9468952941894531e+02,
    3.7068611145019531e+01, 4.2425241470336914e+00,
    4.6822509765625000e+01, 8.2513026893138885e-02, 12058880, -1,
    1.7619496154785156e+02, 5.0582794189453125e+01,
    4.3485255241394043e+00, 1.9163633728027344e+02,
    8.2647882401943207e-02, 13828352, -1, 1.7619496154785156e+02,
    5.0582794189453125e+01, 4.3485255241394043e+00,
    6.1267120361328125e+01, 8.2647882401943207e-02, 13828352, -1,
    1.9077188110351562e+02, 5.1222438812255859e+01,
    3.8326938152313232e+00, 3.4759848022460938e+02,
    8.6679346859455109e-02, 4718848, -1, 1.9077188110351562e+02,
    5.1222438812255859e+01, 3.8326938152313232e+00,
    1.1851194763183594e+02, 8.6679346859455109e-02, 4718848, -1,
    8.6997032165527344e+01, 7.2318878173828125e+01,
    4.7053260803222656e+00, 8.9900848388671875e+01,
    3.8437902927398682e-02, 2818560, -1, 1.2507192993164062e+02,
    7.2254310607910156e+01, 4.7173361778259277e+00,
    8.9901824951171875e+01, 3.8749799132347107e-02, 3015168, -1,
    2.3462629699707031e+02, 7.2255676269531250e+01,
    4.6441798210144043e+00, 8.9575622558593750e+01,
    3.7946838885545731e-02, 1901056, -1, 2.5771377563476562e+02,
    7.2298377990722656e+01, 4.6626715660095215e+00,
    8.9642486572265625e+01, 3.7232846021652222e-02, 2163200, -1,
    3.1166696166992188e+02, 7.2282096862792969e+01,
    4.6876788139343262e+00, 8.9712097167968750e+01,
    3.8276281207799911e-02, 2556416, -1, 3.2835205078125000e+02,
    7.2310722351074219e+01, 4.7381319999694824e+00,
    9.0531372070312500e+01, 3.8241371512413025e-02, 3342848, -1,
    2.2227565765380859e+01, 1.1984891891479492e+01,
    4.6435942649841309e+00, 2.7004974365234375e+02,
    4.0420737117528915e-02, 1835520, -1, 8.0289482116699219e+01,
    1.1997653007507324e+01, 4.5379428863525391e+00,
    2.6923477172851562e+02, 3.9280556142330170e-02, 197120, -1,
    1.4194898986816406e+02, 1.2114329338073730e+01,
    4.5546975135803223e+00, 2.6980029296875000e+02,
    4.0640193969011307e-02, 459264, -1, 3.6930276489257812e+02,
    1.8008867263793945e+01, 4.9546041488647461e+00,
    2.6463024902343750e+02, 6.9301098585128784e-02, 6554112, -1,
    1.7624909973144531e+02, 3.1024475097656250e+01,
    5.0575199127197266e+00, 2.5417797851562500e+02,
    6.2944620847702026e-02, 8061440, -1, 1.7624909973144531e+02,
    3.1024475097656250e+01, 5.0575199127197266e+00,
    2.1531117248535156e+02, 6.2944620847702026e-02, 8061440, -1,
    1.9030966186523438e+02, 3.0977018356323242e+01,
    5.0675110816955566e+00, 3.2609072875976562e+02,
    6.3937127590179443e-02, 8192512, -1, 1.9030966186523438e+02,
    3.0977018356323242e+01, 5.0675110816955566e+00,
    2.8941943359375000e+02, 6.3937127590179443e-02, 8192512, -1,
    1.7195550537109375e+02, 4.4415454864501953e+01,
    4.9780535697937012e+00, 1.7870547485351562e+02,
    6.4481899142265320e-02, 6881792, -1, 1.7195550537109375e+02,
    4.4415454864501953e+01, 4.9780535697937012e+00,
    1.4179457092285156e+02, 6.4481899142265320e-02, 6881792, -1,
    1.8319921875000000e+02, 5.2391689300537109e+01,
    4.6783590316772461e+00, 1.0674044799804688e+02,
    6.4878910779953003e-02, 2425344, -1, 1.8319921875000000e+02,
    5.2391689300537109e+01, 4.6783590316772461e+00,
    6.8576049804687500e+01, 6.4878910779953003e-02, 2425344, -1,
    3.3937921142578125e+02, 6.0281402587890625e+01,
    5.8222441673278809e+00, 1.3984432983398438e+02,
    8.2787089049816132e-02, 1508096, -1, 3.3937921142578125e+02,
    6.0281402587890625e+01, 5.8222441673278809e+00,
    1.1536743164062500e+01, 8.2787089049816132e-02, 1508096, -1,
    1.7149279785156250e+02, 6.0710926055908203e+01,
    5.0583782196044922e+00, 1.3251953125000000e+00,
    4.5430071651935577e-02, 8061440, -1, 7.2032379150390625e+01,
    6.5871231079101562e+01, 5.3298082351684570e+00,
    8.5144866943359375e+01, 6.1637151986360550e-02, 11862528, -1,
    8.3182914733886719e+01, 6.6454383850097656e+01,
    4.3309650421142578e+00, 9.3599273681640625e+01,
    7.0982336997985840e-02, 13566208, -1, 1.3912322998046875e+02,
    6.5746673583984375e+01, 5.4694190025329590e+00,
    9.3511047363281250e+01, 6.3192702829837799e-02, 13697536, -1,
    3.9985977172851562e+02, 3.4332820892333984e+01,
    6.7139763832092285e+00, 7.6677459716796875e+01,
    7.3432907462120056e-02, 11797248, -1, 3.9985977172851562e+02,
    3.4332820892333984e+01, 6.7139763832092285e+00,
    5.3436889648437500e+00, 7.3432907462120056e-02, 11797248, -1,
    1.0559757232666016e+02, 4.0178138732910156e+01,
    6.7117700576782227e+00, 1.6465573120117188e+02,
    1.1514745652675629e-01, 11797248, -1, 1.0559757232666016e+02,
    4.0178138732910156e+01, 6.7117700576782227e+00,
    1.5330383300781250e+01, 1.1514745652675629e-01, 11797248, -1,
    2.9251663208007812e+02, 4.0099529266357422e+01,
    6.5755257606506348e+00, 1.6312147521972656e+02,
    1.1608818173408508e-01, 10289920, -1, 2.9251663208007812e+02,
    4.0099529266357422e+01, 6.5755257606506348e+00,
    1.5959716796875000e+01, 1.1608818173408508e-01, 10289920, -1,
    3.5726818847656250e+02, 4.8679206848144531e+01,
    6.4251885414123535e+00, 3.3352728271484375e+02,
    7.1638107299804688e-02, 8651520, -1, 1.0030835723876953e+02,
    6.2209003448486328e+01, 6.5716338157653809e+00,
    8.3090301513671875e+01, 6.7366071045398712e-02, 10289920, -1,
    1.0030835723876953e+02, 6.2209003448486328e+01,
    6.5716338157653809e+00, 3.2216308593750000e+01,
    6.7366071045398712e-02, 10289920, -1, 3.6608089447021484e+01,
    7.2906883239746094e+01, 5.7676043510437012e+00,
    8.9505554199218750e+01, 3.9596565067768097e-02, 852736, -1,
    2.9295086669921875e+02, 1.0501881599426270e+01,
    7.2120471000671387e+00, 2.6964602661132812e+02,
    4.2102571576833725e-02, 262401, -1, 3.4200332641601562e+02,
    3.3279300689697266e+01, 7.6837830543518066e+00,
