%YAML:1.0
tag: [ 2.7797937393188477e+01, 9.1619300842285156e+01,
    2.6403124332427979e+00, 2.9090466308593750e+02,
    1.3818631879985332e-02, 11141887, -1, 7.1375755310058594e+01,
    2.6443605422973633e+01, 3.4156448841094971e+00,
    2.7005395507812500e+02, 2.1503183990716934e-02, 13042687, -1,
    2.6492947387695312e+02, 2.6495754241943359e+01,
    3.4162087440490723e+00, 2.7003204345703125e+02,
    2.1512102335691452e-02, 13108223, -1, 7.7640380859375000e+01,
    3.4631523132324219e+01, 3.2677574157714844e+00,
    1.1609039306640625e+01, 2.6216667145490646e-02, 9896959, -1,
    9.5412702560424805e+00, 3.5223152160644531e+01,
    3.3836860656738281e+00, 1.6997718811035156e+02,
    2.6135833933949471e-02, 12387327, -1, 2.3757534790039062e+02,
    3.9590141296386719e+01, 3.2827613353729248e+00,
    2.7005767822265625e+02, 2.0228536799550056e-02, 10224639, -1,
    2.5050427246093750e+02, 3.9509025573730469e+01,
    3.0335202217102051e+00, 2.5897894287109375e+02,
    2.0486293360590935e-02, 4523007, -1, 1.4265063476562500e+02,
    4.2884357452392578e+01, 3.1180381774902344e+00,
    2.4267466735839844e+02, 3.7706017494201660e-02, 6489087, -1,
    2.8102087402343750e+02, 4.6027584075927734e+01,
    2.9970366954803467e+00, 4.6691894531250000e-01,
    2.0704286172986031e-02, 3605503, -1, 2.8101007080078125e+02,
    7.6693588256835938e+01, 2.9097344875335693e+00,
    3.5839630126953125e+02, 1.8852179870009422e-02, 1508351, -1,
    2.6165353393554688e+02, 8.0018661499023438e+01,
    3.5425012111663818e+00, 1.3782035827636719e+02,
    2.1054180338978767e-02, 15729663, -1, 2.6434133911132812e+02,
    8.1986259460449219e+01, 3.1861388683319092e+00,
    1.1955984497070312e+02, 2.1528765559196472e-02, 8061951, -1,
    1.1978112030029297e+02, 8.3037155151367188e+01,
    3.2587678432464600e+00, 8.9554901123046875e+01,
    2.0805593580007553e-02, 9700351, -1, 1.3575968933105469e+02,
    8.2921577453613281e+01, 3.0015895366668701e+00,
    8.9877441406250000e+01, 2.1715996786952019e-02, 3736575, -1,
    1.5982286071777344e+02, 8.3055152893066406e+01,
    3.2321441173553467e+00, 9.0671905517578125e+01,
    2.1825417876243591e-02, 9110527, -1, 1.8355043029785156e+02,
    8.2864356994628906e+01, 2.8805792331695557e+00,
    9.0740997314453125e+01, 2.3104541003704071e-02, 721919, -1,
    2.7437719726562500e+02, 8.3607795715332031e+01,
    3.0558192729949951e+00, 8.4958831787109375e+01,
    2.4585578590631485e-02, 5047295, -1, 1.6008489608764648e+01,
    2.6188640594482422e+01, 3.8137569427490234e+00,
    2.7034112548828125e+02, 2.1980572491884232e-02, 4325632, -1,
    4.4255195617675781e+01, 2.6152463912963867e+01,
    3.9472806453704834e+00, 2.7020989990234375e+02,
    2.2616915404796600e-02, 6816000, -1, 7.1346893310546875e+01,
    2.6207021713256836e+01, 3.6747443675994873e+00,
    2.6922744750976562e+02, 2.1501105278730392e-02, 1638656, -1,
    1.1919650268554688e+02, 2.6188425064086914e+01,
    3.7500722408294678e+00, 2.6933074951171875e+02,
    2.1300081163644791e-02, 3145984, -1, 2.6490539550781250e+02,
    2.6271833419799805e+01, 3.6510975360870361e+00,
    2.7033935546875000e+02, 2.1471319720149040e-02, 1179904, -1,
    2.0718925476074219e+02, 3.8960166931152344e+01,
    3.9913692474365234e+00, 2.6774057006835938e+02,
    2.6422375813126564e-02, 7602432, -1, 2.0032286071777344e+02,
    4.0027080535888672e+01, 3.9000167846679688e+00,
    2.5070233154296875e+02, 2.1907413378357887e-02, 5964032, -1,
    1.6384568786621094e+02, 4.3952114105224609e+01,
    3.7905757427215576e+00, 2.9942852783203125e+02,
    4.3347235769033432e-02, 3866880, -1, 1.6384568786621094e+02,
    4.3952114105224609e+01, 3.7905757427215576e+00,
    2.4065428161621094e+02, 4.3347235769033432e-02, 3866880, -1,
    7.4724365234375000e+01, 4.7324100494384766e+01,
    4.3082437515258789e+00, 1.6665405273437500e+01,
    4.3605867773294449e-02, 13172992, -1, 2.1658361816406250e+02,
    8.0589996337890625e+01, 3.9604816436767578e+00,
    1.1116452026367188e+02, 3.8482517004013062e-02, 7078144, -1,
    8.8848487854003906e+01, 8.3977073669433594e+01,
    3.8162930011749268e+00, 8.2496948242187500e+01,
    2.3849060758948326e-02, 4391168, -1, 2.7289157104492188e+02,
    3.7893650054931641e+01, 4.7012453079223633e+00,
    3.4613787841796875e+02, 4.4994760304689407e-02, 2753024, -1,
    2.7289157104492188e+02, 3.7893650054931641e+01,
    4.7012453079223633e+00, 2.9418328857421875e+02,
    4.4994760304689407e-02, 2753024, -1, 7.8088943481445312e+01,
    3.9347949981689453e+01, 5.9108414649963379e+00,
    7.6457519531250000e+00, 4.2791381478309631e-02, 2622208, -1,
    8.2021453857421875e+01, 4.6242851257324219e+01,
    5.3314018249511719e+00, 2.5283236694335938e+02,
    6.5468750894069672e-02, 11862528, -1, 8.2021453857421875e+01,
    4.6242851257324219e+01, 5.3314018249511719e+00,
    8.3103729248046875e+01, 6.5468750894069672e-02, 11862528, -1,
    2.0089022827148438e+02, 4.6182178497314453e+01,
    5.5193405151367188e+00, 2.5082550048828125e+02,
    6.6418960690498352e-02, 14352896, -1, 2.0089022827148438e+02,
    4.6182178497314453e+01, 5.5193405151367188e+00,
    8.4372802734375000e+01, 6.6418960690498352e-02, 14352896, -1,
    9.2215774536132812e+01, 5.2134468078613281e+01,
    5.5356993675231934e+00, 2.5722857666015625e+02,
    6.3123598694801331e-02, 14549504, -1, 2.1114067077636719e+02,
    5.2047992706298828e+01, 5.4437999725341797e+00,
    2.5600839233398438e+02, 6.2777929008007050e-02, 13369856, -1,
    2.7293475341796875e+02, 5.4370605468750000e+01,
    4.8429198265075684e+00, 6.5517517089843750e+01,
    4.5079685747623444e-02, 4915712, -1, 2.7293475341796875e+02,
    5.4370605468750000e+01, 4.8429198265075684e+00,
    9.3199462890625000e+00, 4.5079685747623444e-02, 4915712, -1,
    2.7346041870117188e+02, 6.8574180603027344e+01,
    5.1010670661926270e+00, 3.4724215698242188e+02,
    4.2196739464998245e-02, 8651264, -1, 2.7346041870117188e+02,
    6.8574180603027344e+01, 5.1010670661926270e+00,
    3.0993075561523438e+02, 4.2196739464998245e-02, 8651264, -1,
    1.0472108459472656e+02, 7.8026329040527344e+01,
    4.9461107254028320e+00, 1.0419805908203125e+02,
    5.4180826991796494e-02, 6423040, -1, 1.0472108459472656e+02,
    7.8026329040527344e+01, 4.9461107254028320e+00,
    7.7008056640625000e+00, 5.4180826991796494e-02, 6423040, -1,
    2.2329733276367188e+02, 7.7714584350585938e+01,
    5.4145569801330566e+00, 1.0436598205566406e+02,
    5.1728371530771255e-02, 12976640, -1, 3.3372116088867188e+02,
    2.5889183044433594e+01, 6.3357944488525391e+00,
    1.6664733886718750e+02, 2.3476986214518547e-02, 7602944, -1,
    3.3372116088867188e+02, 2.5889183044433594e+01,
    6.3357944488525391e+00, 1.3145446777343750e+01,
    2.3476986214518547e-02, 7602944, -1, 2.6484628295898438e+02,
    3.3484954833984375e+01, 7.1444830894470215e+00,
    3.3956716918945312e+02, 6.5824300050735474e-02, 16319232, -1,
    2.6484628295898438e+02, 3.3484954833984375e+01,
    7.1444830894470215e+00, 1.8960778808593750e+02,
    6.5824300050735474e-02, 16319232, -1, 3.1598684692382812e+02,
    3.5852176666259766e+01, 6.6472697257995605e+00,
    3.1191702270507812e+02, 2.3045886307954788e-02, 11076352, -1,
    3.1598684692382812e+02, 3.5852176666259766e+01,
    6.6472697257995605e+00, 1.0869137573242188e+02,
    2.3045886307954788e-02, 11076352, -1, 3.5137280273437500e+02,
    3.5883235931396484e+01, 6.6286263465881348e+00,
    2.2844731140136719e+02, 2.3040203377604485e-02, 10879744, -1,
    3.5137280273437500e+02, 3.5883235931396484e+01,
    6.6286263465881348e+00, 7.2992065429687500e+01,
    2.3040203377604485e-02, 10879744, -1, 2.5066059875488281e+02,
    4.6052955627441406e+01, 6.0318489074707031e+00,
    2.5818884277343750e+02, 6.4352162182331085e-02, 4064000, -1,
    2.5066059875488281e+02, 4.6052955627441406e+01,
    6.0318489074707031e+00, 6.0055938720703125e+01,
    6.4352162182331085e-02, 4064000, -1, 2.7532540893554688e+02,
    4.5985149383544922e+01, 6.0824937820434570e+00,
