%YAML:1.0
tag: [ 3.2045840454101562e+02, 5.0686748504638672e+01,
    2.0120673179626465e+00, 3.5503738403320312e+02,
    1.6609124839305878e-02, 8192511, -1, 3.2045840454101562e+02,
    5.0686748504638672e+01, 2.0120673179626465e+00,
    9.7769744873046875e+01, 1.6609124839305878e-02, 8192511, -1,
    4.0090322875976562e+02, 1.0079446411132812e+02,
    1.9878187179565430e+00, 1.8662384033203125e+02,
    1.6186926513910294e-02, 7340543, -1, 4.2301446533203125e+02,
    3.0090366363525391e+01, 2.5504777431488037e+00,
    2.3260989379882812e+02, 2.7802530676126480e-02, 8651519, -1,
    3.7738287353515625e+02, 4.3817733764648438e+01,
    2.9589889049530029e+00, 2.0066630554199219e+02,
    2.4552719667553902e-02, 2687999, -1, 3.7470614624023438e+02,
    4.8006721496582031e+01, 2.1524171829223633e+00,
    2.2206779479980469e+02, 1.6608051955699921e-02, 13107711, -1,
    2.0992930603027344e+02, 5.8523807525634766e+01,
    2.5352017879486084e+00, 8.8505371093750000e+01,
    2.3567028343677521e-02, 8192767, -1, 2.5168399047851562e+02,
    5.9022193908691406e+01, 2.3329927921295166e+00,
    8.0497772216796875e+01, 1.4755410142242908e-02, 2228991, -1,
    2.5168399047851562e+02, 5.9022193908691406e+01,
    2.3329927921295166e+00, 2.6096862792968750e+01,
    1.4755410142242908e-02, 2228991, -1, 2.0089636230468750e+02,
    6.9936965942382812e+01, 2.4121515750885010e+00,
    6.7658142089843750e+01, 1.3640090823173523e-02, 4653823, -1,
    2.0089636230468750e+02, 6.9936965942382812e+01,
    2.4121515750885010e+00, 1.2115234375000000e+01,
    1.3640090823173523e-02, 4653823, -1, 3.7444345092773438e+02,
    7.1497238159179688e+01, 2.7940964698791504e+00,
    2.2011334228515625e+02, 2.6074990630149841e-02, 15270655, -1,
    2.6324737548828125e+01, 7.2647033691406250e+01,
    2.1004800796508789e+00, 8.9072265625000000e+01,
    2.3060597479343414e-02, 11338239, -1, 4.0063650512695312e+02,
    7.6209983825683594e+01, 2.3974790573120117e+00,
    1.2782341003417969e+02, 1.3627209700644016e-02, 4195071, -1,
    2.0392297363281250e+02, 8.2402885437011719e+01,
    2.5108699798583984e+00, 1.3380401611328125e+01,
    1.4173218980431557e-02, 7537407, -1, 1.7030044555664062e+02,
    8.3533393859863281e+01, 2.7866113185882568e+00,
    2.0144630432128906e+02, 2.3748811334371567e-02, 15074047, -1,
    3.1919717407226562e+02, 9.2816261291503906e+01,
    2.4436950683593750e+00, 1.9771270751953125e+02,
    1.4395725913345814e-02, 5571327, -1, 3.1919717407226562e+02,
    9.2816261291503906e+01, 2.4436950683593750e+00,
    8.6853363037109375e+01, 1.4395725913345814e-02, 5571327, -1,
    3.1919717407226562e+02, 9.2816261291503906e+01,
    2.4436950683593750e+00, 3.6602966308593750e+01,
    1.4395725913345814e-02, 5571327, -1, 3.0766549682617188e+02,
    1.0311625671386719e+02, 2.7240235805511475e+00,
    3.1974798583984375e+02, 4.2527597397565842e-02, 13435647, -1,
    3.0448471069335938e+02, 1.0504813385009766e+02,
    2.3111164569854736e+00, 1.3045251464843750e+02,
    1.4051342383027077e-02, 1508095, -1, 3.7929125976562500e+02,
    1.1321530914306641e+02, 2.7761240005493164e+00,
    3.1913360595703125e+02, 3.0738936737179756e-02, 14811903, -1,
    2.5478218078613281e+02, 1.2130862426757812e+02,
    2.4572224617004395e+00, 1.4607788085937500e+01,
    1.8160408362746239e-02, 5964543, -1, 2.0348019409179688e+02,
    1.3604743957519531e+02, 2.7287392616271973e+00,
    3.5773306274414062e+02, 1.3557289727032185e-02, 13566719, -1,
    3.9342892456054688e+02, 1.0870139122009277e+01,
    3.0050573348999023e+00, 1.8563302612304688e+02,
    3.1131945550441742e-02, 3802111, -1, 4.1629217529296875e+02,
    1.3678299903869629e+01, 3.5443165302276611e+00,
    4.3229919433593750e+01, 2.5778226554393768e-02, 15729663, -1,
    3.4932485961914062e+02, 1.7793991088867188e+01,
    3.4932956695556641e+00, 1.0397833251953125e+02,
    2.1272918209433556e-02, 14681087, -1, 4.1101602172851562e+02,
    1.8673099517822266e+01, 3.0594723224639893e+00,
    4.5303771972656250e+01, 2.5129582732915878e-02, 5112831, -1,
    4.1628887939453125e+02, 1.9043668746948242e+01,
    3.3249313831329346e+00, 4.8358123779296875e+01,
    2.2719383239746094e-02, 11142143, -1, 3.1503463745117188e+02,
    2.0497646331787109e+01, 3.1537158489227295e+00,
    8.6449523925781250e+01, 2.3199915885925293e-02, 7275519, -1,
    3.7884942626953125e+02, 2.0440023422241211e+01,
    2.9422392845153809e+00, 3.5583859252929688e+02,
    2.9064070433378220e-02, 2294783, -1, 3.5399972534179688e+02,
    2.1005970001220703e+01, 3.2926933765411377e+00,
    1.2042311096191406e+02, 2.3531658574938774e-02, 10421247, -1,
    3.8965829467773438e+02, 2.5911369323730469e+01,
    3.3878788948059082e+00, 1.8353483581542969e+02,
    3.6512590944766998e-02, 12452863, -1, 3.9209988403320312e+02,
    2.9926408767700195e+01, 3.1369979381561279e+00,
    2.1293743896484375e+02, 2.1309340372681618e-02, 6947839, -1,
    4.3968395996093750e+02, 3.2190402984619141e+01,
    3.3704609870910645e+00, 3.3032263183593750e+02,
    1.3745537027716637e-02, 12125183, -1, 3.9488693237304688e+02,
    4.0217239379882812e+01, 2.9585788249969482e+00,
    3.4357608032226562e+02, 1.9417999312281609e-02, 2687999, -1,
    1.9950900268554688e+02, 6.4085319519042969e+01,
    3.0408089160919189e+00, 2.4723663330078125e+01,
    2.8996126726269722e-02, 4654079, -1, 4.2492156982421875e+02,
    6.4443885803222656e+01, 3.1244072914123535e+00,
    1.1360971069335938e+02, 2.3497413843870163e-02, 6620159, -1,
    5.4427520751953125e+01, 6.6564445495605469e+01,
    3.3493001461029053e+00, 7.9793670654296875e+01,
    2.6700384914875031e-02, 11666431, -1, 1.9446891784667969e+02,
    6.9871047973632812e+01, 3.4958045482635498e+00,
    1.3646470642089844e+02, 4.4890519231557846e-02, 14746623, -1,
    1.9446891784667969e+02, 6.9871047973632812e+01,
    3.4958045482635498e+00, 5.9872741699218750e+01,
    4.4890519231557846e-02, 14746623, -1, 4.0776977539062500e+02,
    7.2035324096679688e+01, 2.9693493843078613e+00,
    3.0514938354492188e+02, 2.9623469337821007e-02, 2950143, -1,
    1.7618597030639648e+01, 7.3961875915527344e+01,
    3.3267853260040283e+00, 7.4960083007812500e+01,
    2.3754743859171867e-02, 11142143, -1, 2.0545231628417969e+02,
    7.4372154235839844e+01, 3.1533582210540771e+00,
    2.8147253417968750e+02, 3.0729874968528748e-02, 7275519, -1,
    4.1507717895507812e+02, 8.1447235107421875e+01,
    3.3169810771942139e+00, 3.0269482421875000e+02,
    3.9443679153919220e-02, 10945535, -1, 3.6166876220703125e+02,
    8.2525573730468750e+01, 3.4361813068389893e+00,
    2.2368272399902344e+02, 2.3779321461915970e-02, 13501439, -1,
    4.5830389404296875e+02, 8.8002151489257812e+01,
    2.9657893180847168e+00, 7.8198181152343750e+01,
    2.6231132447719574e-02, 2884607, -1, 2.2191567993164062e+02,
    9.0838935852050781e+01, 3.3235657215118408e+00,
    1.7933631896972656e+02, 2.9341684654355049e-02, 11076607, -1,
    2.2233001708984375e+02, 9.8605125427246094e+01,
    3.0267932415008545e+00, 1.7822640991210938e+02,
    2.7094434946775436e-02, 4326399, -1, 3.9603961181640625e+02,
    1.0002799987792969e+02, 3.3485362529754639e+00,
    1.8306661987304688e+02, 2.4279054254293442e-02, 11666431, -1,
    3.9608557128906250e+02, 1.0438191986083984e+02,
    3.1985354423522949e+00, 1.8075009155273438e+02,
    2.2765554487705231e-02, 8324095, -1, 2.3450636291503906e+02,
    1.0643987274169922e+02, 3.2075870037078857e+00,
    3.4136654663085938e+02, 3.0039951205253601e-02, 8520703, -1,
    2.3450636291503906e+02, 1.0643987274169922e+02,
    3.2075870037078857e+00, 2.8774789428710938e+02,
    3.0039951205253601e-02, 8520703, -1, 1.1237208557128906e+02,
    1.0736820983886719e+02, 3.0611648559570312e+00,
    2.5196041870117188e+02, 2.2949021309614182e-02, 5178367, -1,
    2.2680050659179688e+02, 1.0829524230957031e+02,
    3.2494037151336670e+00, 1.8223274230957031e+02,
    5.6060682982206345e-02, 9438207, -1, 3.9553244018554688e+02,
    1.1105068206787109e+02, 3.3705308437347412e+00,
