%YAML:1.0
tag: [ 5.5249725341796875e+01, 3.0330728530883789e+01,
    3.0971286296844482e+00, 1.9019793701171875e+02,
    3.4612365067005157e-02, 5964799, -1, 2.2721397399902344e+02,
    6.9181800842285156e+01, 2.8683738708496094e+00,
    9.0239166259765625e+01, 3.1955398619174957e-02, 459775, -1,
    6.1781246185302734e+01, 7.2214703559875488e+00,
    3.4776813983917236e+00, 2.7007812500000000e+02,
    2.8202969580888748e-02, 14353407, -1, 3.9088815307617188e+02,
    1.3561066627502441e+01, 3.4224743843078613e+00,
    1.8129304504394531e+02, 2.5405466556549072e-02, 13239295, -1,
    1.8502700805664062e+02, 6.2390522003173828e+01,
    3.2660751342773438e+00, 5.3417968750000000e-01,
    2.5770416483283043e-02, 9831423, -1, 2.8362069702148438e+02,
    6.3352592468261719e+01, 3.1853411197662354e+00,
    2.0858215332031250e+01, 3.1570188701152802e-02, 7996415, -1,
    3.7040594482421875e+02, 6.9211738586425781e+01,
    2.9819860458374023e+00, 8.9899200439453125e+01,
    3.2655898481607437e-02, 3277823, -1, 1.3680564880371094e+01,
    6.8339643478393555e+00, 3.7694985866546631e+00,
    2.7082424926757812e+02, 2.7744919061660767e-02, 3473664, -1,
    3.7723972320556641e+01, 6.8199505805969238e+00,
    3.8799595832824707e+00, 2.7047616577148438e+02,
    2.9016887769103050e-02, 5570816, -1, 6.1874237060546875e+01,
    6.8738827705383301e+00, 3.7163617610931396e+00,
    2.6999505615234375e+02, 2.8285723179578781e-02, 2490624, -1,
    1.0700371551513672e+02, 6.7869234085083008e+00,
    4.0597500801086426e+00, 2.7003710937500000e+02,
    3.0029814690351486e-02, 8847616, -1, 1.5517044067382812e+02,
    6.8430233001708984e+00, 3.7259430885314941e+00,
    2.6974523925781250e+02, 2.7326634153723717e-02, 2621696, -1,
    2.9237475585937500e+02, 6.7747778892517090e+00,
    4.0787062644958496e+00, 2.6938452148437500e+02,
    3.0000515282154083e-02, 9175296, -1, 4.2076687622070312e+02,
    2.2319084167480469e+01, 5.2731971740722656e+00,
    6.8400054931640625e+01, 5.5170744657516479e-02, 11076096, -1,
    4.2076687622070312e+02, 2.2319084167480469e+01,
    5.2731971740722656e+00, 6.9689331054687500e+00,
    5.5170744657516479e-02, 11076096, -1, 3.9817053222656250e+02,
    1.3953509330749512e+01, 7.0249190330505371e+00,
    2.6558203125000000e+02, 8.6826123297214508e-02, 15074048, -1,
    3.9817053222656250e+02, 1.3953509330749512e+01,
    7.0249190330505371e+00, 1.0470787048339844e+02,
    8.6826123297214508e-02, 15074048, -1, 4.2290933227539062e+02,
    1.3794473648071289e+01, 6.4126214981079102e+00,
    2.7610046386718750e+02, 8.1429533660411835e-02, 8520448, -1,
    4.2290933227539062e+02, 1.3794473648071289e+01,
    6.4126214981079102e+00, 5.7237609863281250e+01,
    8.1429533660411835e-02, 8520448, -1, 4.0321582031250000e+02,
    2.2910242080688477e+01, 6.3347821235656738e+00,
    1.7348126220703125e+02, 5.8777365833520889e-02, 7602944, -1,
    4.0321582031250000e+02, 2.2910242080688477e+01,
    6.3347821235656738e+00, 1.0454261779785156e+02,
    5.8777365833520889e-02, 7602944, -1, 1.0719332885742188e+02,
    4.0761863708496094e+01, 6.8018846511840820e+00,
    1.6625897216796875e+02, 9.3925215303897858e-02, 12780288, -1,
    1.0719332885742188e+02, 4.0761863708496094e+01,
    6.8018846511840820e+00, 1.1551452636718750e+01,
    9.3925215303897858e-02, 12780288, -1, 2.9259249877929688e+02,
    4.0799377441406250e+01, 6.8401179313659668e+00,
    1.6760711669921875e+02, 9.3740954995155334e-02, 13173504, -1,
    2.9259249877929688e+02, 4.0799377441406250e+01,
    6.8401179313659668e+00, 1.0697998046875000e+01,
    9.3740954995155334e-02, 13173504, -1, 3.6925256347656250e+02,
    4.4221176147460938e+01, 5.9131550788879395e+00,
    3.4205273437500000e+02, 5.4951455444097519e-02, 2622208, -1,
    3.6925256347656250e+02, 4.4221176147460938e+01,
    5.9131550788879395e+00, 3.1843109130859375e+01,
    5.4951455444097519e-02, 2622208, -1, 1.0710933685302734e+02,
    5.0695384979248047e+01, 6.2290682792663574e+00,
    8.9928283691406250e+01, 5.3504522889852524e-02, 6423296, -1,
    2.9245462036132812e+02, 5.0698097229003906e+01,
    6.2121906280517578e+00, 8.9283721923828125e+01,
    5.4220996797084808e-02, 6226688, -1, 1.6444532775878906e+02,
    5.3619167327880859e+01, 6.4604516029357910e+00,
    3.5368487548828125e+02, 6.0332801192998886e-02, 9044736, -1,
    1.6444532775878906e+02, 5.3619167327880859e+01,
    6.4604516029357910e+00, 2.7667962646484375e+02,
    6.0332801192998886e-02, 9044736, -1, 1.0237768554687500e+02,
    5.9335365295410156e+01, 6.8039102554321289e+00,
    8.1223297119140625e+01, 5.4405890405178070e-02, 12780288, -1,
    1.0237768554687500e+02, 5.9335365295410156e+01,
    6.8039102554321289e+00, 3.2700347900390625e+01,
    5.4405890405178070e-02, 12780288, -1, 1.1171863555908203e+02,
    5.9244327545166016e+01, 6.5845808982849121e+00,
    1.4712222290039062e+02, 5.4264180362224579e-02, 10420992, -1,
    1.1171863555908203e+02, 5.9244327545166016e+01,
    6.5845808982849121e+00, 9.9983856201171875e+01,
    5.4264180362224579e-02, 10420992, -1, 1.4325347900390625e+01,
    1.4991374015808105e+01, 7.8812384605407715e+00,
    1.7399996948242188e+02, 8.9298807084560394e-02, 6684929, -1,
    6.1199562072753906e+01, 1.4989430427551270e+01,
    7.8966517448425293e+00, 6.0410156250000000e+00,
    8.9867651462554932e-02, 6816001, -1, 1.5520825195312500e+02,
    1.5723276138305664e+01, 8.4673910140991211e+00,
    3.5596209716796875e+02, 8.8680520653724670e-02, 11862273, -1,
    1.5520825195312500e+02, 1.5723276138305664e+01,
    8.4673910140991211e+00, 1.8412528991699219e+02,
    8.8680520653724670e-02, 11862273, -1, 4.0261273193359375e+02,
    2.3897628784179688e+01, 7.2286543846130371e+00,
    1.7068518066406250e+02, 5.7315148413181305e-02, 459009, -1,
    4.0261273193359375e+02, 2.3897628784179688e+01,
    7.2286543846130371e+00, 1.1480293273925781e+02,
    5.7315148413181305e-02, 459009, -1, 3.5121691894531250e+02,
    5.0586597442626953e+01, 8.0296964645385742e+00,
    1.4328829956054688e+02, 7.8239224851131439e-02, 8061185, -1,
    2.5356462478637695e+01, 5.9601516723632812e+01,
    9.5436468124389648e+00, 1.5977494812011719e+02,
    8.2122594118118286e-02, 3801601, -1, 9.1260314941406250e+01,
    6.1797328948974609e+01, 7.6000571250915527e+00,
    1.8932557678222656e+02, 8.5979051887989044e-02, 4063489, -1,
    9.1260314941406250e+01, 6.1797328948974609e+01,
    7.6000571250915527e+00, 4.0825134277343750e+01,
    8.5979051887989044e-02, 4063489, -1, 1.2256803894042969e+02,
    6.1807044982910156e+01, 7.5787377357482910e+00,
    3.5161404418945312e+02, 8.5825137794017792e-02, 3866881, -1,
    1.2256803894042969e+02, 6.1807044982910156e+01,
    7.5787377357482910e+00, 1.3781037902832031e+02,
    8.5825137794017792e-02, 3866881, -1, 1.7666194152832031e+02,
    6.2507904052734375e+01, 7.9199156761169434e+00,
    2.7899600219726562e+02, 8.7758101522922516e-02, 7078145, -1,
    1.7666194152832031e+02, 6.2507904052734375e+01,
    7.9199156761169434e+00, 8.5442382812500000e+01,
    8.7758101522922516e-02, 7078145, -1, 2.0868980407714844e+02,
    6.1693000793457031e+01, 7.3244662284851074e+00,
    1.7173896789550781e+02, 8.5260517895221710e-02, 1376513, -1,
    2.2696099853515625e+02, 6.1483848571777344e+01,
    7.9113693237304688e+00, 1.4806719970703125e+02,
    7.6617754995822906e-02, 6947073, -1, 2.2696099853515625e+02,
    6.1483848571777344e+01, 7.9113693237304688e+00,
    1.1334240722656250e+02, 7.6617754995822906e-02, 6947073, -1,
    2.2696099853515625e+02, 6.1483848571777344e+01,
    7.9113693237304688e+00, 3.3360168457031250e+01,
    7.6617754995822906e-02, 6947073, -1, 2.4531158447265625e+02,
    6.1722770690917969e+01, 7.4104676246643066e+00,
    6.4714355468750000e+00, 8.4993198513984680e-02, 2228481, -1,
    2.7667636108398438e+02, 6.1940124511718750e+01,
    7.5248908996582031e+00, 1.8855178833007812e+02,
    8.5642315447330475e-02, 3342593, -1, 3.0799774169921875e+02,
    6.1894573211669922e+01, 7.5696396827697754e+00,
