%YAML:1.0
tag: [ 3.5794262695312500e+02, 3.4372131347656250e+01,
    2.0017106533050537e+00, 1.3104591369628906e+02,
    2.0963188260793686e-02, 7864831, -1, 1.6445202636718750e+02,
    4.1972511291503906e+01, 1.8475259542465210e+00,
    2.2998973083496094e+02, 6.5465249121189117e-02, 2032127, -1,
    2.9060473632812500e+02, 4.2963165283203125e+01,
    2.1074900627136230e+00, 3.5685903930664062e+02,
    6.5554156899452209e-02, 11600383, -1, 2.9060473632812500e+02,
    4.2963165283203125e+01, 2.1074900627136230e+00,
    2.2030291748046875e+02, 6.5554156899452209e-02, 11600383, -1,
    2.5433299255371094e+02, 5.3254482269287109e+01,
    2.2259345054626465e+00, 2.6487545776367188e+02,
    6.8584129214286804e-02, 15532543, -1, 3.3335385131835938e+02,
    7.7191970825195312e+01, 2.0921659469604492e+00,
    3.5443338012695312e+02, 6.2889598309993744e-02, 11010559, -1,
    3.3335385131835938e+02, 7.7191970825195312e+01,
    2.0921659469604492e+00, 2.7117834472656250e+02,
    6.2889598309993744e-02, 11010559, -1, 4.1050006103515625e+02,
    3.5954744815826416e+00, 2.4283921718597412e+00,
    3.2855059814453125e+02, 2.0372049883008003e-02, 5112575, -1,
    3.9913491821289062e+02, 3.8966889381408691e+00,
    2.5998578071594238e+00, 1.9173190307617188e+02,
    2.0293265581130981e-02, 10027775, -1, 1.5271664428710938e+02,
    4.0075893402099609e+01, 2.5569546222686768e+00,
    2.6353906250000000e+02, 6.0095455497503281e-02, 8848127, -1,
    1.5271664428710938e+02, 4.0075893402099609e+01,
    2.5569546222686768e+00, 1.8477932739257812e+02,
    6.0095455497503281e-02, 8848127, -1, 2.8771383666992188e+02,
    4.0010749816894531e+01, 2.4564344882965088e+00,
    2.7508636474609375e+02, 5.9285331517457962e-02, 5964543, -1,
    2.3441447448730469e+02, 4.7937141418457031e+01,
    2.4991598129272461e+00, 1.5641633605957031e+02,
    6.3642255961894989e-02, 7209727, -1, 2.3441447448730469e+02,
    4.7937141418457031e+01, 2.4991598129272461e+00,
    7.3275207519531250e+01, 6.3642255961894989e-02, 7209727, -1,
    3.9905972290039062e+02, 1.0484684753417969e+02,
    2.3766357898712158e+00, 1.5216401672363281e+02,
    2.0536649972200394e-02, 3539711, -1, 4.1057128906250000e+02,
    1.0481308746337891e+02, 2.4917476177215576e+00,
    3.2123992919921875e+01, 2.0226348191499710e-02, 6947583, -1,
    7.0058815002441406e+01, 2.4693492889404297e+01,
    3.3035252094268799e+00, 2.6433673095703125e+02,
    5.7533118873834610e-02, 10683391, -1, 7.0058815002441406e+01,
    2.4693492889404297e+01, 3.3035252094268799e+00,
    1.9718649291992188e+02, 5.7533118873834610e-02, 10683391, -1,
    3.9973928833007812e+02, 4.9478363990783691e+00,
    3.8350474834442139e+00, 1.8937722778320312e+02,
    1.9129717722535133e-02, 4718848, -1, 1.1736701011657715e+01,
    2.5344995498657227e+01, 4.3309755325317383e+00,
    3.4391427612304688e+02, 5.7043500244617462e-02, 13566208, -1,
    1.1736701011657715e+01, 2.5344995498657227e+01,
    4.3309755325317383e+00, 2.7638458251953125e+02,
    5.7043500244617462e-02, 13566208, -1, 7.8641532897949219e+01,
    2.5149044036865234e+01, 4.0470294952392578e+00,
    2.7607153320312500e+02, 6.4379908144474030e-02, 8651008, -1,
    7.8641532897949219e+01, 2.5149044036865234e+01,
    4.0470294952392578e+00, 7.2308654785156250e+00,
    6.4379908144474030e-02, 8651008, -1, 3.2638247680664062e+02,
    3.4927524566650391e+01, 4.1530814170837402e+00,
    3.5522451782226562e+02, 6.0116011649370193e-02, 10486016, -1,
    3.2638247680664062e+02, 3.4927524566650391e+01,
    4.1530814170837402e+00, 2.7847259521484375e+02,
    6.0116011649370193e-02, 10486016, -1, 1.5716557312011719e+02,
    3.6250160217285156e+01, 3.6459453105926514e+00,
    2.6984646606445312e+02, 3.2813746482133865e-02, 1048832, -1,
    7.9365425109863281e+01, 4.5109264373779297e+01,
    5.3665113449096680e+00, 1.8557281494140625e+01,
    5.4812729358673096e-02, 12321280, -1, 8.3042564392089844e+01,
    3.5832077026367188e+01, 7.0544495582580566e+00,
    9.7452087402343750e+00, 5.3222406655550003e-02, 15401728, -1,
    8.8198905944824219e+01, 4.3901836395263672e+01,
    6.6286835670471191e+00, 2.5172517395019531e+02,
    8.0359257757663727e-02, 10879744, -1, 8.8198905944824219e+01,
    4.3901836395263672e+01, 6.6286835670471191e+00,
    8.4821411132812500e+01, 8.0359257757663727e-02, 10879744, -1,
    2.3665611267089844e+02, 4.3846847534179688e+01,
    6.8973069190979004e+00, 2.5143363952636719e+02,
    8.2334049046039581e-02, 13763328, -1, 2.3665611267089844e+02,
    4.3846847534179688e+01, 6.8973069190979004e+00,
    8.4911895751953125e+01, 8.2334049046039581e-02, 13763328, -1,
    1.0110627746582031e+02, 5.0998435974121094e+01,
    6.2993755340576172e+00, 2.5580886840820312e+02,
    7.9203836619853973e-02, 7209728, -1, 2.4976803588867188e+02,
    5.1000564575195312e+01, 6.2623033523559570e+00,
    2.5638473510742188e+02, 7.9351738095283508e-02, 6750976, -1,
    3.2795822143554688e+02, 7.1491889953613281e+01,
    5.9526410102844238e+00, 3.4836175537109375e+02,
    5.3185891360044479e-02, 3146496, -1, 3.2795822143554688e+02,
    7.1491889953613281e+01, 5.9526410102844238e+00,
    3.0276150512695312e+02, 5.3185891360044479e-02, 3146496, -1,
    1.1635223388671875e+02, 8.2390281677246094e+01,
    6.6088609695434570e+00, 3.4454040527343750e+00,
    6.6549427807331085e-02, 10683136, -1, 1.1635223388671875e+02,
    8.2390281677246094e+01, 6.6088609695434570e+00,
    1.0674591064453125e+02, 6.6549427807331085e-02, 10683136, -1,
    2.6482192993164062e+02, 8.2343917846679688e+01,
    6.6606063842773438e+00, 3.6052246093750000e+00,
    6.6299207508563995e-02, 11272960, -1, 2.6482192993164062e+02,
    8.2343917846679688e+01, 6.6606063842773438e+00,
    1.0562417602539062e+02, 6.6299207508563995e-02, 11272960, -1,
    3.1712490844726562e+02, 2.8497312545776367e+01,
    9.0036725997924805e+00, 3.3928695678710938e+02,
    7.8879565000534058e-02, 16318721, -1, 3.1712490844726562e+02,
    2.8497312545776367e+01, 9.0036725997924805e+00,
    1.9082466125488281e+02, 7.8879565000534058e-02, 16318721, -1,
    4.0482800292968750e+02, 2.9553592681884766e+01,
    8.4980611801147461e+00, 1.6713453674316406e+02,
    3.3886242657899857e-02, 12124417, -1, 4.0482800292968750e+02,
    2.9553592681884766e+01, 8.4980611801147461e+00,
    1.3130432128906250e+01, 3.3886242657899857e-02, 12124417, -1,
    3.8342816162109375e+02, 4.1994506835937500e+01,
    8.4291000366210938e+00, 3.1285293579101562e+02,
    3.3994249999523163e-02, 11534593, -1, 3.8342816162109375e+02,
    4.1994506835937500e+01, 8.4291000366210938e+00,
    1.0816091918945312e+02, 3.3994249999523163e-02, 11534593, -1,
    4.2630053710937500e+02, 4.1980064392089844e+01,
    8.4458122253417969e+00, 2.2716993713378906e+02,
    3.3968694508075714e-02, 11731201, -1, 4.2630053710937500e+02,
    4.1980064392089844e+01, 8.4458122253417969e+00,
    7.2155883789062500e+01, 3.3968694508075714e-02, 11731201, -1,
    2.9978048706054688e+02, 4.3794128417968750e+01,
    7.7030024528503418e+00, 2.6198480224609375e+02,
    7.5526848435401917e-02, 5046529, -1, 2.9978048706054688e+02,
    4.3794128417968750e+01, 7.7030024528503418e+00,
    5.9997070312500000e+01, 7.5526848435401917e-02, 5046529, -1,
    3.3034381103515625e+02, 4.3725154876708984e+01,
    7.7601103782653809e+00, 3.0587493896484375e+02,
    7.0228777825832367e-02, 5570817, -1, 3.3034381103515625e+02,
    4.3725154876708984e+01, 7.7601103782653809e+00,
    5.2212524414062500e+01, 7.0228777825832367e-02, 5570817, -1,
    2.3882154846191406e+02, 6.2950038909912109e+01,
    8.0998897552490234e+00, 2.3864537048339844e+02,
    6.1027254909276962e-02, 8651009, -1, 3.8358663940429688e+02,
    6.6512428283691406e+01, 8.3064336776733398e+00,
    2.5163824462890625e+02, 3.3979147672653198e-02, 10486017, -1,
    3.8358663940429688e+02, 6.6512428283691406e+01,
    8.3064336776733398e+00, 4.6904876708984375e+01,
    3.3979147672653198e-02, 10486017, -1, 4.2619897460937500e+02,
    6.6551277160644531e+01, 8.3796834945678711e+00,
