%YAML:1.0
tag: [ 2.9249685668945312e+02, 1.8501970291137695e+01,
    2.5186364650726318e+00, 2.6977111816406250e+02,
    3.3990681171417236e-02, 7734015, -1, 2.7218295288085938e+02,
    2.1828460693359375e+01, 3.0961875915527344e+00,
    3.5174728393554688e+02, 9.2521458864212036e-02, 5964799, -1,
    2.7218295288085938e+02, 2.1828460693359375e+01,
    3.0961875915527344e+00, 2.3956639099121094e+02,
    9.2521458864212036e-02, 5964799, -1, 6.9875724792480469e+01,
    2.6673074722290039e+01, 3.5341784954071045e+00,
    2.0309417724609375e+01, 7.8722231090068817e-02, 15533055, -1,
    7.9828559875488281e+01, 2.6493232727050781e+01,
    3.4157886505126953e+00, 1.5932531738281250e+02,
    7.9945348203182220e-02, 13108223, -1, 2.0770826721191406e+02,
    2.6973741531372070e+01, 3.4554843902587891e+00,
    2.1970550537109375e+01, 7.9910188913345337e-02, 13894655, -1,
    2.1795751953125000e+02, 2.6868753433227539e+01,
    3.5346181392669678e+00, 1.5905981445312500e+02,
    7.8266344964504242e-02, 15533055, -1, 1.7744711303710938e+02,
    3.0189685821533203e+01, 3.2552678585052490e+00,
    3.5774548339843750e+02, 9.3272328376770020e-02, 9569279, -1,
    1.7744711303710938e+02, 3.0189685821533203e+01,
    3.2552678585052490e+00, 2.0217120361328125e+02,
    9.3272328376770020e-02, 9569279, -1, 1.6640145874023438e+02,
    3.5170368194580078e+01, 3.1763999462127686e+00,
    1.5848152160644531e+02, 8.5679873824119568e-02, 7799807, -1,
    1.6640145874023438e+02, 3.5170368194580078e+01,
    3.1763999462127686e+00, 2.2039764404296875e+01,
    8.5679873824119568e-02, 7799807, -1, 3.7209533691406250e+01,
    4.7887454986572266e+01, 3.2655403614044189e+00,
    1.8645935058593750e+01, 5.5352549999952316e-02, 9831423, -1,
    5.7659626007080078e+01, 4.8228763580322266e+01,
    3.2900059223175049e+00, 5.0998809814453125e+01,
    7.0526391267776489e-02, 10355711, -1, 5.7659626007080078e+01,
    4.8228763580322266e+01, 3.2900059223175049e+00,
    8.6177062988281250e+00, 7.0526391267776489e-02, 10355711, -1,
    2.3013000488281250e+02, 4.8065006256103516e+01,
    3.2259254455566406e+00, 1.2751936340332031e+02,
    6.6605173051357269e-02, 8913919, -1, 2.3821798706054688e+02,
    4.8094078063964844e+01, 3.3324928283691406e+00,
    3.8883331298828125e+01, 6.0871936380863190e-02, 11273215, -1,
    2.3821798706054688e+02, 4.8094078063964844e+01,
    3.3324928283691406e+00, 1.1554809570312500e+01,
    6.0871936380863190e-02, 11273215, -1, 2.1961930847167969e+02,
    4.8487792968750000e+01, 3.3210244178771973e+00,
    8.2255249023437500e+00, 6.7786678671836853e-02, 11011071, -1,
    1.6620779418945312e+02, 5.2597042083740234e+01,
    3.5127694606781006e+00, 3.3785803222656250e+02,
    9.0811751782894135e-02, 15074303, -1, 1.6620779418945312e+02,
    5.2597042083740234e+01, 3.5127694606781006e+00,
    2.0223803710937500e+02, 9.0811751782894135e-02, 15074303, -1,
    9.1768333435058594e+01, 5.5426147460937500e+01,
    3.4965369701385498e+00, 2.7812500000000000e+02,
    8.6565189063549042e-02, 14746623, -1, 5.7689384460449219e+01,
    5.5780067443847656e+01, 3.2505471706390381e+00,
    3.5375952148437500e+02, 9.2377454042434692e-02, 9503743, -1,
    5.7689384460449219e+01, 5.5780067443847656e+01,
    3.2505471706390381e+00, 2.5845300292968750e+02,
    9.2377454042434692e-02, 9503743, -1, 1.0114437103271484e+02,
    5.5588336944580078e+01, 3.4665830135345459e+00,
    3.5531301879882812e+02, 8.5973113775253296e-02, 14156799, -1,
    1.0114437103271484e+02, 5.5588336944580078e+01,
    3.4665830135345459e+00, 2.6032086181640625e+02,
    8.5973113775253296e-02, 14156799, -1, 1.8625259399414062e+02,
    5.5781337738037109e+01, 3.3181610107421875e+00,
    2.8063635253906250e+02, 8.7956778705120087e-02, 11011071, -1,
    2.3011735534667969e+02, 5.5997673034667969e+01,
    2.9947929382324219e+00, 2.8146502685546875e+02,
    9.1729685664176941e-02, 3539967, -1, 1.6384143829345703e+01,
    5.1860337257385254e+00, 4.4864068031311035e+00,
    8.9442260742187500e+01, 8.9254409074783325e-02, 16056576, -1,
    4.9356716156005859e+01, 5.1979413032531738e+00,
    4.4938020706176758e+00, 8.9461791992187500e+01,
    8.8794566690921783e-02, 16187648, -1, 1.5144499206542969e+02,
    5.2270298004150391e+00, 4.5003600120544434e+00,
    8.9655426025390625e+01, 8.9532531797885895e-02, 16318720, -1,
    1.8188475036621094e+02, 5.1851582527160645e+00,
    4.4806828498840332e+00, 9.0048614501953125e+01,
    8.8534750044345856e-02, 15991040, -1, 2.7536886596679688e+02,
    4.6863398551940918e+00, 4.1759657859802246e+00,
    8.0732788085937500e+01, 8.4402851760387421e-02, 10879232, -1,
    2.9580859375000000e+02, 4.6961917877197266e+00,
    4.2094097137451172e+00, 9.9602050781250000e+01,
    8.4011502563953400e-02, 11469056, -1, 1.2126399040222168e+01,
    1.0262981414794922e+01, 4.0735869407653809e+00,
    9.0540161132812500e+01, 8.6870789527893066e-02, 9109760, -1,
    1.2126399040222168e+01, 1.0262981414794922e+01,
    4.0735869407653809e+00, 7.9532165527343750e+00,
    8.6870789527893066e-02, 9109760, -1, 2.0689081192016602e+01,
    1.0118873596191406e+01, 4.0373139381408691e+00,
    1.7309356689453125e+02, 8.5318900644779205e-02, 8454400, -1,
    2.0689081192016602e+01, 1.0118873596191406e+01,
    4.0373139381408691e+00, 8.9004638671875000e+01,
    8.5318900644779205e-02, 8454400, -1, 3.2826644897460938e+01,
    1.0434988975524902e+01, 4.4584507942199707e+00,
    1.5996612548828125e+02, 1.1068856716156006e-01, 15663360, -1,
    3.2826644897460938e+01, 1.0434988975524902e+01,
    4.4584507942199707e+00, 1.9808105468750000e+01,
    1.1068856716156006e-01, 15663360, -1, 4.5069377899169922e+01,
    1.0216429710388184e+01, 4.0711827278137207e+00,
    9.1294921875000000e+01, 8.5930898785591125e-02, 9044224, -1,
    4.5069377899169922e+01, 1.0216429710388184e+01,
    4.0711827278137207e+00, 8.6365051269531250e+00,
    8.5930898785591125e-02, 9044224, -1, 1.0120349121093750e+02,
    1.0288599014282227e+01, 4.2294435501098633e+00,
    9.1294036865234375e+01, 8.6227469146251678e-02, 11796736, -1,
    1.0120349121093750e+02, 1.0288599014282227e+01,
    4.2294435501098633e+00, 5.1599121093750000e+00,
    8.6227469146251678e-02, 11796736, -1, 1.0984546661376953e+02,
    1.0309909820556641e+01, 4.1753501892089844e+00,
    1.7301049804687500e+02, 8.6348429322242737e-02, 10879232, -1,
    1.0984546661376953e+02, 1.0309909820556641e+01,
    4.1753501892089844e+00, 8.8069885253906250e+01,
    8.6348429322242737e-02, 10879232, -1, 1.4700854492187500e+02,
    1.0167674064636230e+01, 4.1034550666809082e+00,
    9.2082183837890625e+01, 8.6863338947296143e-02, 9634048, -1,
    1.4700854492187500e+02, 1.0167674064636230e+01,
    4.1034550666809082e+00, 6.8663024902343750e+00,
    8.6863338947296143e-02, 9634048, -1, 1.5561021423339844e+02,
    1.0114089965820312e+01, 3.9748909473419189e+00,
    1.6592085266113281e+02, 8.2809969782829285e-02, 7340288, -1,
    1.8603128051757812e+02, 1.0143124580383301e+01,
    4.0381717681884766e+00, 1.7235705566406250e+02,
    8.7149642407894135e-02, 8454400, -1, 1.8603128051757812e+02,
    1.0143124580383301e+01, 4.0381717681884766e+00,
    8.8096038818359375e+01, 8.7149642407894135e-02, 8454400, -1,
    8.7238746643066406e+01, 1.3453202247619629e+01,
    4.1387953758239746e+00, 1.7968368530273438e+02,
    4.4822257012128830e-02, 10223872, -1, 9.5742782592773438e+01,
    1.4084778785705566e+01, 4.3633289337158203e+00,
    3.5985861206054688e+02, 4.4825069606304169e-02, 14090496, -1,
    2.9862741088867188e+02, 2.1091810226440430e+01,
    3.8841023445129395e+00, 1.8717256164550781e+02,
    8.8492818176746368e-02, 5636352, -1, 1.3032812500000000e+02,
    2.1708492279052734e+01, 4.5866055488586426e+00,
    8.9633422851562500e+01, 4.8501860350370407e-02, 983552, -1,
    6.5870971679687500e+01, 2.3039880752563477e+01,
    4.0507903099060059e+00, 3.3194430541992188e+02,
    7.1064300835132599e-02, 8716544, -1, 6.5870971679687500e+01,
    2.3039880752563477e+01, 4.0507903099060059e+00,
