%YAML:1.0
tag: [ 4.0519097900390625e+02, 5.0560245513916016e+01,
    2.2046802043914795e+00, 2.6943786621093750e+02,
    2.0189082249999046e-02, 14811647, -1, 3.7963812255859375e+02,
    7.2639572143554688e+01, 2.1139142513275146e+00,
    1.8761451721191406e+02, 3.1333278864622116e-02, 11796991, -1,
    2.7372341918945312e+02, 3.9272178649902344e+01,
    3.4525959491729736e+00, 2.6983410644531250e+02,
    4.2620446532964706e-02, 13829119, -1, 1.6354660034179688e+02,
    4.2772029876708984e+01, 3.2977859973907471e+00,
    2.4136111450195312e+02, 6.2691055238246918e-02, 10552319, -1,
    3.2504605102539062e+02, 4.6447002410888672e+01,
    3.4510312080383301e+00, 8.6090087890625000e-02,
    4.4225454330444336e-02, 13829119, -1, 1.7498193359375000e+02,
    4.9886116027832031e+01, 3.1840267181396484e+00,
    1.2081993103027344e+02, 3.8318645209074020e-02, 7996415, -1,
    2.2446618652343750e+02, 7.1705062866210938e+01,
    3.1213650703430176e+00, 1.9274528503417969e+02,
    5.7044155895709991e-02, 6554623, -1, 3.4340780639648438e+02,
    7.7997856140136719e+01, 3.4070050716400146e+00,
    1.1181526184082031e+02, 2.1971302106976509e-02, 12911615, -1,
    4.3765100097656250e+02, 7.9659446716308594e+01,
    3.4211018085479736e+00, 2.7119857788085938e+02,
    3.6777146160602570e-02, 13173759, -1, 4.3765100097656250e+02,
    7.9659446716308594e+01, 3.4211018085479736e+00,
    9.7832916259765625e+01, 3.6777146160602570e-02, 13173759, -1,
    5.9251323699951172e+01, 3.1941539764404297e+01,
    4.1016354560852051e+00, 3.4901199340820312e+02,
    5.0483867526054382e-02, 9568512, -1, 1.5568605041503906e+02,
    3.8761646270751953e+01, 3.9201138019561768e+00,
    2.7067831420898438e+02, 4.3438959866762161e-02, 6357248, -1,
    2.7375906372070312e+02, 3.8937805175781250e+01,
    3.7333714962005615e+00, 2.7073986816406250e+02,
    4.2477663606405258e-02, 2818304, -1, 3.9829394531250000e+02,
    5.4399879455566406e+01, 3.9773774147033691e+00,
    2.0371554565429688e+02, 1.7943250015377998e-02, 7405824, -1,
    4.3059115600585938e+02, 7.7300666809082031e+01,
    3.6342449188232422e+00, 5.7914947509765625e+01,
    2.6394655928015709e-02, 852224, -1, 4.1118797302246094e+01,
    8.1160179138183594e+01, 3.8358638286590576e+00,
    1.3107849121093750e+01, 5.0533417612314224e-02, 4784384, -1,
    2.4971784973144531e+02, 8.6034904479980469e+01,
    3.7373313903808594e+00, 1.1492164611816406e+02,
    7.4610933661460876e-02, 2883840, -1, 3.1548138427734375e+02,
    3.6943866729736328e+01, 5.2500948905944824e+00,
    3.5184683227539062e+02, 8.3767510950565338e-02, 10748416, -1,
    1.6396789550781250e+02, 4.1015560150146484e+01,
    4.6597990989685059e+00, 2.8156951904296875e+02,
    6.3094004988670349e-02, 2097664, -1, 1.6396789550781250e+02,
    4.1015560150146484e+01, 4.6597990989685059e+00,
    2.5325218200683594e+02, 6.3094004988670349e-02, 2097664, -1,
    1.8840667724609375e+02, 4.3192733764648438e+01,
    4.9142584800720215e+00, 2.9852328491210938e+02,
    7.7221393585205078e-02, 5964288, -1, 3.1630627441406250e+02,
    7.2800857543945312e+01, 5.7926998138427734e+00,
    3.4519525146484375e+02, 7.9429827630519867e-02, 1114880, -1,
    3.1630627441406250e+02, 7.2800857543945312e+01,
    5.7926998138427734e+00, 3.1008691406250000e+02,
    7.9429827630519867e-02, 1114880, -1, 4.3547662353515625e+02,
    7.2609489440917969e+01, 5.2870745658874512e+00,
    1.3682098388671875e+01, 2.7842232957482338e-02, 11272704, -1,
    1.1115173339843750e+02, 8.6769706726074219e+01,
    4.5811538696289062e+00, 1.0803964233398438e+02,
    7.1954391896724701e-02, 852480, -1, 1.1115173339843750e+02,
    8.6769706726074219e+01, 4.5811538696289062e+00,
    7.4431976318359375e+01, 7.1954391896724701e-02, 852480, -1,
    8.8646949768066406e+01, 3.8338470458984375e+01,
    6.7415971755981445e+00, 8.9194335937500000e+00,
    8.2173228263854980e-02, 12124928, -1, 2.7284204101562500e+02,
    4.5466373443603516e+01, 6.6609902381896973e+00,
    2.8413488769531250e+02, 1.0095302760601044e-01, 11272960, -1,
    2.7284204101562500e+02, 4.5466373443603516e+01,
    6.6609902381896973e+00, 1.8975740051269531e+02,
    1.0095302760601044e-01, 11272960, -1, 9.3055519104003906e+01,
    4.6439395904541016e+01, 6.3606047630310059e+00,
    2.5429849243164062e+02, 1.2178805470466614e-01, 7930624, -1,
    2.3143365478515625e+02, 4.6346431732177734e+01,
    6.7135024070739746e+00, 2.5189749145507812e+02,
    1.2640699744224548e-01, 11797248, -1, 1.0418964385986328e+02,
    5.3313625335693359e+01, 6.3763213157653809e+00,
    2.5473197937011719e+02, 1.1671417206525803e-01, 8061696, -1,
    1.0418964385986328e+02, 5.3313625335693359e+01,
    6.3763213157653809e+00, 9.4700439453125000e+01,
    1.1671417206525803e-01, 8061696, -1, 2.4291207885742188e+02,
    5.3305194854736328e+01, 6.3269982337951660e+00,
    2.5571144104003906e+02, 1.1856320500373840e-01, 7537408, -1,
    2.4291207885742188e+02, 5.3305194854736328e+01,
    6.3269982337951660e+00, 9.7527954101562500e+01,
    1.1856320500373840e-01, 7537408, -1, 3.1581478881835938e+02,
    5.6120372772216797e+01, 5.7374367713928223e+00,
    6.3345764160156250e+01, 8.4085732698440552e-02, 459520, -1,
    3.1581478881835938e+02, 5.6120372772216797e+01,
    5.7374367713928223e+00, 9.2565612792968750e+00,
    8.4085732698440552e-02, 459520, -1, 1.1930332183837891e+02,
    8.3291519165039062e+01, 6.4484758377075195e+00,
    1.0523085021972656e+02, 9.9131561815738678e-02, 8913664, -1,
    2.5777777099609375e+02, 8.3405326843261719e+01,
    6.3023357391357422e+00, 1.0203771972656250e+02,
    9.5893777906894684e-02, 7275264, -1, 7.9327461242675781e+01,
    3.2698680877685547e+01, 9.1432027816772461e+00,
    3.5015097045898438e+02, 1.2729451060295105e-01, 721409, -1,
    7.9327461242675781e+01, 3.2698680877685547e+01,
    9.1432027816772461e+00, 2.0355989074707031e+02,
    1.2729451060295105e-01, 721409, -1, 3.0604019165039062e+02,
    3.1855695724487305e+01, 8.5261449813842773e+00,
    3.3537243652343750e+02, 1.2083531916141510e-01, 12386561, -1,
    3.0604019165039062e+02, 3.1855695724487305e+01,
    8.5261449813842773e+00, 1.9327188110351562e+02,
    1.2083531916141510e-01, 12386561, -1, 3.6454141235351562e+02,
    3.3928321838378906e+01, 8.7656240463256836e+00,
    3.1190338134765625e+02, 7.6104171574115753e-02, 14418177, -1,
    3.6454141235351562e+02, 3.3928321838378906e+01,
    8.7656240463256836e+00, 1.0864410400390625e+02,
    7.6104171574115753e-02, 14418177, -1, 4.0756979370117188e+02,
    3.3977687835693359e+01, 8.5592679977416992e+00,
    2.2889573669433594e+02, 7.7101416885852814e-02, 12648705, -1,
    4.0756979370117188e+02, 3.3977687835693359e+01,
    8.5592679977416992e+00, 7.1990875244140625e+01,
    7.7101416885852814e-02, 12648705, -1, 1.7552415466308594e+02,
    4.5787044525146484e+01, 8.9366788864135742e+00,
    2.7733618164062500e+02, 9.7135767340660095e-02, 15794433, -1,
    3.6542611694335938e+02, 5.8460258483886719e+01,
    8.1147146224975586e+00, 2.5213650512695312e+02,
    7.7624574303627014e-02, 8782081, -1, 3.6542611694335938e+02,
    5.8460258483886719e+01, 8.1147146224975586e+00,
    4.6782531738281250e+01, 7.7624574303627014e-02, 8782081, -1,
    4.0684948730468750e+02, 5.8467266082763672e+01,
    8.0332565307617188e+00, 2.8731219482421875e+02,
    7.6646924018859863e-02, 8061185, -1, 4.0684948730468750e+02,
    5.8467266082763672e+01, 8.0332565307617188e+00,
    1.3396823120117188e+02, 7.6646924018859863e-02, 8061185, -1,
    1.0400014495849609e+02, 7.2005950927734375e+01,
    8.3746042251586914e+00, 1.9690850830078125e+02,
    1.4545446634292603e-01, 11075841, -1, 2.4254299926757812e+02,
    7.2004455566406250e+01, 8.3861780166625977e+00,
    1.9933631896972656e+02, 1.4578257501125336e-01, 11206913, -1,
    2.4254299926757812e+02, 7.2004455566406250e+01,
    8.3861780166625977e+00, 7.3108154296875000e+01,
    1.4578257501125336e-01, 11206913, -1, 2.4254299926757812e+02,
    7.2004455566406250e+01, 8.3861780166625977e+00,
