%YAML:1.0
tag: [ 2.1255662536621094e+02, 6.5542602539062500e+01,
    2.5864548683166504e+00, 2.3296234130859375e+02,
    4.1419841349124908e-02, 9700095, -1, 2.0781675720214844e+02,
    6.4048271179199219e+01, 3.5461108684539795e+00,
    2.7452551269531250e+02, 4.3734323233366013e-02, 15795199, -1,
    3.7490237426757812e+02, 7.5527351379394531e+01,
    3.3192622661590576e+00, 6.9317047119140625e+01,
    2.4922760203480721e-02, 11011071, -1, 2.6957073974609375e+02,
    8.1951774597167969e+01, 2.9928054809570312e+00,
    1.6657102966308594e+02, 2.7317700907588005e-02, 3539967, -1,
    3.6777902221679688e+02, 8.2028823852539062e+01,
    3.3209950923919678e+00, 3.0208496093750000e+01,
    2.7185318991541862e-02, 11011071, -1, 5.3785102844238281e+01,
    8.6502037048339844e+01, 3.4254524707794189e+00,
    1.2942779541015625e+01, 3.2302893698215485e-02, 13304831, -1,
    1.4614964294433594e+02, 9.7379295349121094e+01,
    3.2488801479339600e+00, 1.7846015930175781e+02,
    2.6533816009759903e-02, 9438207, -1, 1.2483895874023438e+02,
    1.1031517028808594e+02, 3.2025983333587646e+00,
    3.2228759765625000e+02, 2.2105908021330833e-02, 8389631, -1,
    2.7889556884765625e+01, 1.2043093872070312e+02,
    3.4815731048583984e+00, 1.4011335754394531e+02,
    2.2060727700591087e-02, 14484479, -1, 4.0182968139648438e+02,
    1.2396551513671875e+02, 3.3596985340118408e+00,
    1.1092019653320312e+02, 2.6076469570398331e-02, 11863039, -1,
    4.9997381591796875e+02, 5.4184737205505371e+00,
    4.1676392555236816e+00, 1.9284350585937500e+02,
    1.6567299142479897e-02, 10748160, -1, 3.6272320556640625e+02,
    6.4421463012695312e+01, 4.0050411224365234e+00,
    2.7646136474609375e+02, 4.6939134597778320e-02, 7864576, -1,
    2.9371813964843750e+02, 7.1959793090820312e+01,
    3.8576736450195312e+00, 1.6340385437011719e+02,
    2.4641163647174835e-02, 5177600, -1, 3.2915936279296875e+02,
    9.8565208435058594e+01, 3.8527066707611084e+00,
    1.7954530334472656e+02, 2.4364069104194641e-02, 5046528, -1,
    4.2531045532226562e+02, 1.1560326385498047e+02,
    3.8683259487152100e+00, 3.5955380249023438e+02,
    2.5513671338558197e-02, 5374208, -1, 3.2675265502929688e+02,
    1.2033045959472656e+02, 4.1746230125427246e+00,
    1.2357865905761719e+02, 4.3748341500759125e-02, 10879232, -1,
    3.2675265502929688e+02, 1.2033045959472656e+02,
    4.1746230125427246e+00, 6.2950866699218750e+01,
    4.3748341500759125e-02, 10879232, -1, 8.4650016784667969e+01,
    1.2608829498291016e+02, 4.4571232795715332e+00,
    9.1160034179687500e+01, 2.6363549754023552e-02, 15597824, -1,
    5.1293963623046875e+02, 6.4236612319946289e+00,
    4.8493728637695312e+00, 3.5215158081054688e+02,
    1.7708612605929375e-02, 4981248, -1, 1.4414398193359375e+02,
    1.2093042755126953e+02, 4.8547835350036621e+00,
    1.1708932495117188e+02, 4.3760310858488083e-02, 5112320, -1,
    1.4414398193359375e+02, 1.2093042755126953e+02,
    4.8547835350036621e+00, 6.5110107421875000e+01,
    4.3760310858488083e-02, 5112320, -1, 1.7796812438964844e+02,
    1.2523523712158203e+02, 4.7626571655273438e+00,
    8.9744934082031250e+01, 2.8260901570320129e-02, 3670528, -1,
    2.0298844909667969e+02, 1.2536753845214844e+02,
    4.8668932914733887e+00, 9.0085632324218750e+01,
    2.8737954795360565e-02, 5243392, -1, 3.5872607421875000e+02,
    1.2527942657470703e+02, 4.8075366020202637e+00,
    9.0077331542968750e+01, 2.9160277917981148e-02, 4391424, -1,
    2.7692855834960938e+02, 1.2550115203857422e+02,
    5.0585737228393555e+00, 8.9915954589843750e+01,
    2.8556575998663902e-02, 8061440, -1, 4.1354904174804688e+02,
    5.6077442169189453e+01, 6.9858169555664062e+00,
    3.5186819458007812e+02, 5.1081679761409760e-02, 14680832, -1,
    4.1354904174804688e+02, 5.6077442169189453e+01,
    6.9858169555664062e+00, 2.8483270263671875e+02,
    5.1081679761409760e-02, 14680832, -1, 2.4560484313964844e+02,
    6.4472145080566406e+01, 6.2707157135009766e+00,
    2.9954406738281250e+02, 4.6526104211807251e-02, 6882048, -1,
    2.4560484313964844e+02, 6.4472145080566406e+01,
    6.2707157135009766e+00, 2.4195048522949219e+02,
    4.6526104211807251e-02, 6882048, -1, 1.0916194152832031e+02,
    7.1838958740234375e+01, 6.3417687416076660e+00,
    1.8821868896484375e+01, 5.0653412938117981e-02, 7668480, -1,
    4.1343441772460938e+02, 8.1100585937500000e+01,
    6.8605546951293945e+00, 7.4688476562500000e+01,
    5.1642201840877533e-02, 13370112, -1, 4.1343441772460938e+02,
    8.1100585937500000e+01, 6.8605546951293945e+00,
    5.1684265136718750e+00, 5.1642201840877533e-02, 13370112, -1,
    4.5366702270507812e+02, 8.3858581542968750e+01,
    7.1585078239440918e+00, 2.4172319030761719e+02,
    1.3349205255508423e-02, 16450304, -1, 3.8765274047851562e+02,
    5.6419406890869141e+01, 8.3759508132934570e+00,
    1.8489524841308594e+02, 4.3588373810052872e-02, 11075841, -1,
    4.1398049926757812e+02, 5.5551712036132812e+01,
    7.4151711463928223e+00, 3.4388839721679688e+02,
    5.1123231649398804e-02, 2294017, -1, 4.1398049926757812e+02,
    5.5551712036132812e+01, 7.4151711463928223e+00,
    2.9416018676757812e+02, 5.1123231649398804e-02, 2294017, -1,
    1.1494515228271484e+02, 5.7667682647705078e+01,
    9.0367841720581055e+00, 8.7131347656250000e+00,
    5.0337415188550949e-02, 16580865, -1, 1.2057453155517578e+02,
    6.8818458557128906e+01, 8.7456045150756836e+00,
    2.5449645996093750e+02, 7.1923412382602692e-02, 14221569, -1,
    1.3505940246582031e+02, 7.7848617553710938e+01,
    8.1901006698608398e+00, 2.5495091247558594e+02,
    7.1334123611450195e-02, 9502977, -1, 3.1724160766601562e+02,
    7.7872795104980469e+01, 8.3163700103759766e+00,
    2.5528121948242188e+02, 7.0011153817176819e-02, 10617089, -1,
    4.1405676269531250e+02, 8.2077346801757812e+01,
    7.8289117813110352e+00, 6.4770690917968750e+01,
    5.0952021032571793e-02, 6226177, -1, 4.1405676269531250e+02,
    8.2077346801757812e+01, 7.8289117813110352e+00,
    8.1401367187500000e+00, 5.0952021032571793e-02, 6226177, -1,
    5.5904412841796875e+02, 8.3577713012695312e+01,
    7.7911300659179688e+00, 2.9995703125000000e+02,
    1.3478771783411503e-02, 5898497, -1, 4.1477804565429688e+02,
    1.0282164001464844e+02, 8.4060316085815430e+00,
    3.5120162963867188e+02, 4.7663792967796326e-02, 11337985, -1,
    1.5514845275878906e+02, 1.1781404113769531e+02,
    8.1987323760986328e+00, 4.3997497558593750e+00,
    6.0124717652797699e-02, 9568513, -1, 1.5514845275878906e+02,
    1.1781404113769531e+02, 8.1987323760986328e+00,
    1.0176663208007812e+02, 6.0124717652797699e-02, 9568513, -1,
    3.3733914184570312e+02, 1.1771251678466797e+02,
    8.2685117721557617e+00, 1.0298251342773438e+02,
    5.8742392808198929e-02, 10158337, -1, 5.0648962402343750e+02,
    3.6329216003417969e+01, 1.1750724792480469e+01,
    1.6844961547851562e+02, 3.1453188508749008e-02, 2163457, -1,
    5.0648962402343750e+02, 3.6329216003417969e+01,
    1.1750724792480469e+01, 1.1268341064453125e+01,
    3.1453188508749008e-02, 2163457, -1, 4.7943273925781250e+02,
    5.3151748657226562e+01, 1.1113828659057617e+01,
    3.1145471191406250e+02, 3.2235499471426010e-02, 14877185, -1,
    4.7943273925781250e+02, 5.3151748657226562e+01,
    1.1113828659057617e+01, 1.0894660949707031e+02,
    3.2235499471426010e-02, 14877185, -1, 5.3429266357421875e+02,
    5.2600715637207031e+01, 1.1650992393493652e+01,
    2.2817984008789062e+02, 3.1422145664691925e-02, 1573633, -1,
    5.3429266357421875e+02, 5.2600715637207031e+01,
    1.1650992393493652e+01, 7.2048919677734375e+01,
    3.1422145664691925e-02, 1573633, -1, 3.0271224975585938e+02,
    6.8706085205078125e+01, 9.0840530395507812e+00,
    2.5051528930664062e+02, 7.5165383517742157e-02, 262657, -1,
    4.1745657348632812e+02, 6.8736152648925781e+01,
    9.7849187850952148e+00, 3.0892523193359375e+02,
    6.5681099891662598e-02, 5636609, -1, 4.1745657348632812e+02,
    6.8736152648925781e+01, 9.7849187850952148e+00,
