%YAML:1.0
tag: [ 8.8966583251953125e+01, 5.0555496215820312e+01,
    2.3533926010131836e+00, 8.9198333740234375e+01,
    3.4557744860649109e-02, 2818815, -1, 9.7065200805664062e+01,
    3.0185003280639648e+01, 2.9110572338104248e+00,
    1.6142439270019531e+02, 3.8727432489395142e-02, 1508351, -1,
    2.6172622680664062e+02, 4.2598838806152344e+01,
    3.2206017971038818e+00, 2.7000799560546875e+02,
    3.1872786581516266e-02, 8848383, -1, 9.2723022460937500e+01,
    4.2780845642089844e+01, 3.1539392471313477e+00,
    2.7012530517578125e+02, 3.2738748937845230e-02, 7275519, -1,
    3.0709695434570312e+02, 5.0391174316406250e+01,
    3.1070618629455566e+00, 1.4916241455078125e+02,
    3.9185076951980591e-02, 6226943, -1, 1.7211673736572266e+01,
    1.0856417655944824e+01, 4.3413968086242676e+00,
    2.6982110595703125e+02, 3.3290717750787735e-02, 13697280, -1,
    7.0411331176757812e+01, 1.0868403434753418e+01,
    4.2508955001831055e+00, 2.6948309326171875e+02,
    3.2587029039859772e-02, 12189952, -1, 1.2578701782226562e+02,
    1.0990121841430664e+01, 4.2015132904052734e+00,
    2.7018170166015625e+02, 3.4849725663661957e-02, 11337984, -1,
    3.3043133544921875e+02, 1.6420293807983398e+01,
    3.9874501228332520e+00, 2.6467089843750000e+02,
    6.7008920013904572e-02, 7536896, -1, 3.0581503295898438e+02,
    2.3208255767822266e+01, 3.8830418586730957e+00,
    9.0889892578125000e+01, 3.4964770078659058e-02, 5636352, -1,
    3.3125851440429688e+02, 2.4207658767700195e+01,
    3.9201207160949707e+00, 9.3039276123046875e+01,
    5.2599105983972549e-02, 6357248, -1, 1.6293508911132812e+02,
    2.6351060867309570e+01, 3.9178924560546875e+00,
    3.3214196777343750e+02, 7.5189694762229919e-02, 6291712, -1,
    1.6293508911132812e+02, 2.6351060867309570e+01,
    3.9178924560546875e+00, 2.0908460998535156e+02,
    7.5189694762229919e-02, 6291712, -1, 1.5677655029296875e+02,
    2.8547843933105469e+01, 4.2290410995483398e+00,
    2.5750430297851562e+02, 5.6555587798357010e-02, 11796736, -1,
    1.5677655029296875e+02, 2.8547843933105469e+01,
    4.2290410995483398e+00, 2.1068922424316406e+02,
    5.6555587798357010e-02, 11796736, -1, 2.6652029418945312e+02,
    3.2862495422363281e+01, 3.6286671161651611e+00,
    1.6097177124023438e+02, 3.8145814090967178e-02, 721152, -1,
    1.5290635681152344e+02, 3.3739818572998047e+01,
    3.8827042579650879e+00, 2.5885815429687500e+02,
    7.4248544871807098e-02, 5636352, -1, 1.5290635681152344e+02,
    3.3739818572998047e+01, 3.8827042579650879e+00,
    1.3767668151855469e+02, 7.4248544871807098e-02, 5636352, -1,
    1.7303613281250000e+02, 3.3645576477050781e+01,
    3.7621414661407471e+00, 2.8088598632812500e+02,
    7.5450032949447632e-02, 3342592, -1, 1.7303613281250000e+02,
    3.3645576477050781e+01, 3.7621414661407471e+00,
    4.3429138183593750e+01, 7.5450032949447632e-02, 3342592, -1,
    3.0544183349609375e+02, 3.7208248138427734e+01,
    3.8060708045959473e+00, 2.7036724853515625e+02,
    3.1288985162973404e-02, 4194560, -1, 1.5284460449218750e+02,
    4.0260414123535156e+01, 4.4406123161315918e+00,
    1.8528944396972656e+02, 5.6177761405706406e-02, 15335680, -1,
    1.5284460449218750e+02, 4.0260414123535156e+01,
    4.4406123161315918e+00, 1.3881639099121094e+02,
    5.6177761405706406e-02, 15335680, -1, 1.5676374816894531e+02,
    4.5460845947265625e+01, 3.9063382148742676e+00,
    1.8778334045410156e+02, 7.6367624104022980e-02, 6095104, -1,
    1.5676374816894531e+02, 4.5460845947265625e+01,
    3.9063382148742676e+00, 6.3705444335937500e+01,
    7.6367624104022980e-02, 6095104, -1, 1.6888183593750000e+02,
    4.5385654449462891e+01, 3.9659614562988281e+00,
    3.5182977294921875e+02, 7.5418539345264435e-02, 7143680, -1,
    1.6888183593750000e+02, 4.5385654449462891e+01,
    3.9659614562988281e+00, 1.1629110717773438e+02,
    7.5418539345264435e-02, 7143680, -1, 1.6284521484375000e+02,
    4.7241279602050781e+01, 4.2258868217468262e+00,
    1.1564361572265625e+02, 5.8178812265396118e-02, 11731200, -1,
    1.6284521484375000e+02, 4.7241279602050781e+01,
    4.2258868217468262e+00, 6.6435821533203125e+01,
    5.8178812265396118e-02, 11731200, -1, 3.1590609741210938e+02,
    4.8986095428466797e+01, 3.8511059284210205e+00,
    3.3063040161132812e+02, 3.8313094526529312e-02, 5046528, -1,
    1.5237728881835938e+02, 5.4954055786132812e+01,
    4.6774134635925293e+00, 2.8791503906250000e+00,
    3.9116416126489639e-02, 2359808, -1, 6.3129665374755859e+01,
    5.9746265411376953e+01, 3.9112567901611328e+00,
    8.4309204101562500e+01, 5.8270715177059174e-02, 6160640, -1,
    7.2938964843750000e+01, 5.9725574493408203e+01,
    3.9647488594055176e+00, 9.4490692138671875e+01,
    6.2435559928417206e-02, 7143680, -1, 1.0612271881103516e+02,
    5.9559619903564453e+01, 4.1761016845703125e+00,
    1.5347367858886719e+02, 6.0267150402069092e-02, 10879232, -1,
    1.2273513793945312e+02, 5.9551361083984375e+01,
    4.1624865531921387e+00, 9.4853942871093750e+01,
    5.5421750992536545e-02, 10682624, -1, 2.9072436523437500e+02,
    5.9605533599853516e+01, 4.0938639640808105e+00,
    9.5059082031250000e+01, 5.5607721209526062e-02, 9437440, -1,
    4.4345928192138672e+01, 1.0819676399230957e+01,
    4.9009804725646973e+00, 2.6955886840820312e+02,
    3.5780500620603561e-02, 5767680, -1, 2.3260322570800781e+02,
    1.7362831115722656e+01, 5.6484446525573730e+00,
    3.5580972290039062e+02, 6.9351367652416229e-02, 16056832, -1,
    2.3260322570800781e+02, 1.7362831115722656e+01,
    5.6484446525573730e+00, 2.7471524047851562e+02,
    6.9351367652416229e-02, 16056832, -1, 3.7603570556640625e+02,
    1.9582452774047852e+01, 5.0698504447937012e+00,
    2.7963330078125000e+02, 4.6917442232370377e-02, 8192512, -1,
    3.7603570556640625e+02, 1.9582452774047852e+01,
    5.0698504447937012e+00, 8.2131103515625000e+01,
    4.6917442232370377e-02, 8192512, -1, 1.6928251647949219e+02,
    2.8026466369628906e+01, 4.6840243339538574e+00,
    3.1826055908203125e+02, 5.7287506759166718e-02, 2490880, -1,
    3.2015707397460938e+02, 4.4172153472900391e+01,
    6.2297530174255371e+00, 3.3347726440429688e+02,
    6.3785433769226074e-02, 6423296, -1, 3.2015707397460938e+02,
    4.4172153472900391e+01, 6.2297530174255371e+00,
    3.8707122802734375e+01, 6.3785433769226074e-02, 6423296, -1,
    3.0366891479492188e+02, 5.4661170959472656e+01,
    5.4205675125122070e+00, 1.4349342346191406e+02,
    7.3715537786483765e-02, 13042176, -1, 2.6658972167968750e+02,
    5.6074642181396484e+01, 5.6869988441467285e+00,
    1.4973107910156250e+02, 5.8457836508750916e-02, 16515584, -1,
    2.6658972167968750e+02, 5.6074642181396484e+01,
    5.6869988441467285e+00, 9.6094268798828125e+01,
    5.8457836508750916e-02, 16515584, -1, 2.5065134048461914e+01,
    5.8709606170654297e+01, 5.1790766716003418e+00,
    1.5839033508300781e+02, 6.0132529586553574e-02, 9765376, -1,
    3.5648448944091797e+01, 5.8908554077148438e+01,
    5.0341053009033203e+00, 1.9720916748046875e+01,
    6.0691509395837784e-02, 7733760, -1, 5.3177913665771484e+01,
    5.8767379760742188e+01, 5.1268463134765625e+00,
    1.6082421875000000e+02, 6.0021612793207169e-02, 9044480, -1,
    3.2204870605468750e+02, 5.9092437744140625e+01,
    5.0144915580749512e+00, 3.3232986450195312e+02,
    7.3685325682163239e-02, 7406080, -1, 3.0587377929687500e+02,
    3.0209743499755859e+01, 7.0543246269226074e+00,
    2.6952856445312500e+02, 1.1188032478094101e-01, 15401728, -1,
    3.0587377929687500e+02, 3.0209743499755859e+01,
    7.0543246269226074e+00, 9.0440185546875000e+01,
    1.1188032478094101e-01, 15401728, -1, 3.5825384521484375e+02,
    3.1393804550170898e+01, 6.3840460777282715e+00,
    7.4448608398437500e+01, 6.4899846911430359e-02, 8192768, -1,
    3.5825384521484375e+02, 3.1393804550170898e+01,
    6.3840460777282715e+00, 6.7878417968750000e+00,
    6.4899846911430359e-02, 8192768, -1, 9.2811233520507812e+01,
    3.6362003326416016e+01, 6.1799592971801758e+00,
