%YAML:1.0
tag: [ 2.7487329101562500e+02, 6.9044670104980469e+01,
    2.3583023548126221e+00, 1.9937324523925781e+02,
    3.3480059355497360e-02, 3015423, -1, 3.4590625000000000e+02,
    3.7154613494873047e+01, 3.3850772380828857e+00,
    5.2319335937500000e-01, 3.4609429538249969e-02, 12452863, -1,
    3.3439221191406250e+02, 6.9001312255859375e+01,
    3.2595322132110596e+00, 1.8047187805175781e+02,
    3.1710516661405563e-02, 9700351, -1, 3.8408288574218750e+02,
    1.9401037216186523e+01, 3.9197289943695068e+00,
    2.6352127075195312e+02, 6.3255347311496735e-02, 6291712, -1,
    1.9355178833007812e+02, 4.3092472076416016e+01,
    4.1402258872985840e+00, 3.5526620483398438e+02,
    6.2360946089029312e-02, 10289408, -1, 1.9355178833007812e+02,
    4.3092472076416016e+01, 4.1402258872985840e+00,
    2.7713427734375000e+02, 6.2360946089029312e-02, 10289408, -1,
    3.0064901733398438e+02, 5.2747840881347656e+01,
    3.7320134639739990e+00, 2.6944348144531250e+02,
    3.5026218742132187e-02, 2752768, -1, 8.7060539245605469e+01,
    1.3716279029846191e+01, 4.7352795600891113e+00,
    2.6974530029296875e+02, 3.5899337381124496e-02, 3277312, -1,
    1.5599000549316406e+02, 1.3718898773193359e+01,
    4.8024296760559082e+00, 2.6985324096679688e+02,
    3.6607172340154648e-02, 4325888, -1, 4.2371899414062500e+02,
    2.9793937683105469e+01, 5.5839242935180664e+00,
    4.4486083984375000e+00, 6.6288635134696960e-02, 15204864, -1,
    4.2371899414062500e+02, 2.9793937683105469e+01,
    5.5839242935180664e+00, 7.7194030761718750e+01,
    6.6288635134696960e-02, 15204864, -1, 1.9284442138671875e+02,
    5.1840045928955078e+01, 4.8841195106506348e+00,
    8.3373535156250000e+01, 6.2818169593811035e-02, 5505536, -1,
    3.7148501586914062e+02, 5.4434772491455078e+01,
    5.7586622238159180e+00, 3.3550827026367188e+02,
    6.5903447568416595e-02, 721664, -1, 3.7148501586914062e+02,
    5.4434772491455078e+01, 5.7586622238159180e+00,
    4.5142761230468750e+01, 6.5903447568416595e-02, 721664, -1,
    1.8864447021484375e+02, 7.0327537536621094e+01,
    5.1010460853576660e+00, 5.9814453125000000e-02,
    3.5338349640369415e-02, 8651264, -1, 7.8141113281250000e+01,
    7.4666526794433594e+01, 5.2593479156494141e+00,
    8.4350860595703125e+01, 5.8232031762599945e-02, 10879488, -1,
    9.0308242797851562e+01, 7.4803321838378906e+01,
    4.9196000099182129e+00, 9.4736755371093750e+01,
    6.6036887466907501e-02, 6029824, -1, 1.4094427490234375e+02,
    7.4629699707031250e+01, 5.2724065780639648e+00,
    8.6791961669921875e+01, 5.9874087572097778e-02, 11076096, -1,
    1.5210658264160156e+02, 7.4710151672363281e+01,
    5.0793604850769043e+00, 9.4058807373046875e+01,
    5.5484503507614136e-02, 8323584, -1, 9.4610900878906250e+01,
    8.1165451049804688e+01, 5.0803117752075195e+00,
    8.9695983886718750e+01, 3.5764489322900772e-02, 8389120, -1,
    2.0926658630371094e+02, 8.1133049011230469e+01,
    4.9842438697814941e+00, 9.0220611572265625e+01,
    3.4994911402463913e-02, 7012864, -1, 5.4730506896972656e+01,
    1.3449781417846680e+01, 5.9299268722534180e+00,
    2.7020422363281250e+02, 3.6339953541755676e-02, 2818816, -1,
    4.1916830444335938e+02, 3.7606880187988281e+01,
    6.0858473777770996e+00, 5.7539672851562500e+00,
    6.3344411551952362e-02, 4719360, -1, 3.5246646118164062e+02,
    6.7622146606445312e+01, 6.5093703269958496e+00,
    1.4279010009765625e+02, 7.5342349708080292e-02, 9569024, -1,
    3.5246646118164062e+02, 6.7622146606445312e+01,
    6.5093703269958496e+00, 8.8011169433593750e+00,
    7.5342349708080292e-02, 9569024, -1, 1.0922239685058594e+02,
    6.9703872680664062e+01, 6.8812384605407715e+00,
    8.3678863525390625e+01, 6.0758370906114578e-02, 13632256, -1,
    1.0922239685058594e+02, 6.9703872680664062e+01,
    6.8812384605407715e+00, 2.7069427490234375e+01,
    6.0758370906114578e-02, 13632256, -1, 3.5541546630859375e+02,
    3.7497440338134766e+01, 8.8256616592407227e+00,
    2.6376525878906250e+02, 1.1259207129478455e-01, 14876929, -1,
    3.5541546630859375e+02, 3.7497440338134766e+01,
    8.8256616592407227e+00, 8.8974975585937500e+01,
    1.1259207129478455e-01, 14876929, -1, 3.0041934204101562e+02,
    4.4989559173583984e+01, 7.5586838722229004e+00,
    1.6273080444335938e+02, 1.0291273891925812e-01, 3670273, -1,
    3.0041934204101562e+02, 4.4989559173583984e+01,
    7.5586838722229004e+00, 1.5631072998046875e+01,
    1.0291273891925812e-01, 3670273, -1, 1.1556210327148438e+02,
    4.5064746856689453e+01, 7.5408549308776855e+00,
    1.6677131652832031e+02, 1.0485907644033432e-01, 3539201, -1,
    1.1556210327148438e+02, 4.5064746856689453e+01,
    7.5408549308776855e+00, 1.2047454833984375e+01,
    1.0485907644033432e-01, 3539201, -1, 1.6942019653320312e+02,
    5.7363494873046875e+01, 7.4794096946716309e+00,
    2.7808825683593750e+02, 8.4068000316619873e-02, 2949377, -1,
    1.1049884796142578e+02, 7.0514427185058594e+01,
    8.3443670272827148e+00, 8.1681304931640625e+01,
    6.0374476015567780e-02, 10813697, -1, 1.1049884796142578e+02,
    7.0514427185058594e+01, 8.3443670272827148e+00,
    3.6503723144531250e+01, 6.0374476015567780e-02, 10813697, -1,
    1.2143994903564453e+02, 7.0482635498046875e+01,
    8.1365575790405273e+00, 1.4368014526367188e+02,
    6.0681432485580444e-02, 8978689, -1, 1.2143994903564453e+02,
    7.0482635498046875e+01, 8.1365575790405273e+00,
    9.8803924560546875e+01, 6.0681432485580444e-02, 8978689, -1,
    8.5722633361816406e+01, 2.3685461044311523e+01,
    1.0286780357360840e+01, 2.0189743041992188e+02,
    8.8069878518581390e-02, 9241089, -1, 1.9432572937011719e+02,
    3.3445865631103516e+01, 1.0807484626770020e+01,
    1.8905992126464844e+02, 5.9704091399908066e-02, 12845569, -1,
    1.7076885986328125e+02, 3.4797100067138672e+01,
    1.0168906211853027e+01, 3.5513354492187500e+02,
    5.7795453816652298e-02, 8454657, -1, 3.7143554687500000e+02,
    4.1217426300048828e+01, 1.0099638938903809e+01,
    3.5618957519531250e+01, 5.9085048735141754e-02, 7930369, -1,
    1.1564695739746094e+02, 5.8884227752685547e+01,
    9.3808670043945312e+00, 9.0192565917968750e+01,
    4.7419980168342590e-02, 2621953, -1, 3.0071490478515625e+02,
    5.8806930541992188e+01, 9.4326515197753906e+00,
    8.7822448730468750e+01, 4.6374838799238205e-02, 3015169, -1,
    1.7819558715820312e+02, 7.0847984313964844e+01,
    1.0596918106079102e+01, 8.4821960449218750e+01,
    8.7141476571559906e-02, 11403777, -1, 9.6300117492675781e+01,
    7.1904159545898438e+01, 9.6946020126342773e+00,
    4.8587951660156250e+01, 7.6541669666767120e-02, 4981249, -1,
    1.3553143310546875e+02, 7.1653579711914062e+01,
    9.9182300567626953e+00, 1.3019577026367188e+02,
    7.4134461581707001e-02, 6619649, -1, 1.3553143310546875e+02,
    7.1653579711914062e+01, 9.9182300567626953e+00,
    9.8970977783203125e+01, 7.4134461581707001e-02, 6619649, -1,
    2.0876361083984375e+02, 7.1003089904785156e+01,
    1.0616564750671387e+01, 1.6951795959472656e+02,
    8.8555872440338135e-02, 11534849, -1, 2.3509652709960938e+02,
    7.0591796875000000e+01, 1.1433011054992676e+01,
    1.0954002380371094e+02, 7.6955884695053101e-02, 197377, -1,
    2.3509652709960938e+02, 7.0591796875000000e+01,
    1.1433011054992676e+01, 6.7829956054687500e+01,
    7.6955884695053101e-02, 197377, -1, 2.6046548461914062e+02,
    7.1575401306152344e+01, 9.6981611251831055e+00,
    9.4208068847656250e+01, 7.5349323451519012e-02, 4981249, -1,
    2.8120275878906250e+02, 7.1680831909179688e+01,
    9.7264852523803711e+00, 4.8255584716796875e+01,
    7.4600294232368469e-02, 5177857, -1, 3.2012707519531250e+02,
    7.1642524719238281e+01, 9.8141298294067383e+00,
    1.3172430419921875e+02, 7.3412850499153137e-02, 5833217, -1,
    3.2012707519531250e+02, 7.1642524719238281e+01,
    9.8141298294067383e+00, 9.6474975585937500e+01,
    7.3412850499153137e-02, 5833217, -1, 3.4120993041992188e+02,
    7.1757881164550781e+01, 9.7012586593627930e+00,
