%YAML:1.0
tag: [ 3.3918600463867188e+02, 3.8814182281494141e+01,
    2.9882247447967529e+00, 3.5525704956054688e+02,
    4.8339400440454483e-02, 3408895, -1, 1.7425177001953125e+02,
    4.5374931335449219e+01, 2.9405367374420166e+00,
    1.7678894042968750e+02, 4.5281883329153061e-02, 2229247, -1,
    2.9508596801757812e+02, 6.1058696746826172e+01,
    2.7606046199798584e+00, 3.5894290161132812e+02,
    4.1317716240882874e-02, 14353151, -1, 3.2128396606445312e+02,
    1.0971922874450684e+01, 3.1543385982513428e+00,
    2.6308255004882812e+02, 4.8700809478759766e-02, 7341055, -1,
    3.4649545288085938e+02, 1.0806424140930176e+01,
    3.3321723937988281e+00, 2.7666986083984375e+02,
    4.8567313700914383e-02, 11273215, -1, 2.3668083190917969e+01,
    1.2003446578979492e+01, 3.2199833393096924e+00,
    2.7937796020507812e+02, 5.8296971023082733e-02, 8782847, -1,
    2.3668083190917969e+01, 1.2003446578979492e+01,
    3.2199833393096924e+00, 2.6147253417968750e+02,
    5.8296971023082733e-02, 8782847, -1, 6.1637729644775391e+01,
    1.1832621574401855e+01, 3.4357986450195312e+00,
    2.7926107788085938e+02, 5.8613121509552002e-02, 13501439, -1,
    6.1637729644775391e+01, 1.1832621574401855e+01,
    3.4357986450195312e+00, 2.6166876220703125e+02,
    5.8613121509552002e-02, 13501439, -1, 1.7937113952636719e+02,
    1.1901048660278320e+01, 3.3178536891937256e+00,
    2.7749230957031250e+02, 5.8667130768299103e-02, 10945535, -1,
    1.7937113952636719e+02, 1.1901048660278320e+01,
    3.3178536891937256e+00, 2.5982989501953125e+02,
    5.8667130768299103e-02, 10945535, -1, 3.4961715698242188e+02,
    1.4832938194274902e+01, 3.5445823669433594e+00,
    3.5616213989257812e+02, 7.6131425797939301e-02, 15729663, -1,
    5.5708469390869141e+01, 2.5064250946044922e+01,
    3.3404927253723145e+00, 1.7416313171386719e+02,
    6.7790344357490540e-02, 11469823, -1, 8.2260124206542969e+01,
    2.9434732437133789e+01, 3.2118611335754395e+00,
    1.9595304870605469e+02, 7.0175349712371826e-02, 8651775, -1,
    8.2260124206542969e+01, 2.9434732437133789e+01,
    3.2118611335754395e+00, 1.3693922424316406e+02,
    7.0175349712371826e-02, 8651775, -1, 1.0013563537597656e+02,
    2.9509874343872070e+01, 3.4397678375244141e+00,
    3.4416299438476562e+02, 6.9936200976371765e-02, 13566975, -1,
    1.0013563537597656e+02, 2.9509874343872070e+01,
    3.4397678375244141e+00, 4.1509887695312500e+01,
    6.9936200976371765e-02, 13566975, -1, 2.4153080749511719e+02,
    2.9379844665527344e+01, 3.2257721424102783e+00,
    1.9537263488769531e+02, 6.9631174206733704e-02, 8913919, -1,
    2.4153080749511719e+02, 2.9379844665527344e+01,
    3.2257721424102783e+00, 1.3924221801757812e+02,
    6.9631174206733704e-02, 8913919, -1, 8.3565071105957031e+01,
    5.3515644073486328e+01, 3.3395805358886719e+00,
    3.1949981689453125e+02, 7.0102617144584656e-02, 11469823, -1,
    8.3565071105957031e+01, 5.3515644073486328e+01,
    3.3395805358886719e+00, 1.2445343017578125e+01,
    7.0102617144584656e-02, 11469823, -1, 2.5788018798828125e+02,
    5.3571414947509766e+01, 3.3494985103607178e+00,
    2.1944052124023438e+02, 7.0617608726024628e-02, 11666431, -1,
    2.5788018798828125e+02, 5.3571414947509766e+01,
    3.3494985103607178e+00, 1.6792936706542969e+02,
    7.0617608726024628e-02, 11666431, -1, 2.3734010696411133e+01,
    5.9031692504882812e+01, 3.3993146419525146e+00,
    1.8715010070800781e+02, 6.2029261142015457e-02, 12715007, -1,
    3.7988006591796875e+01, 5.8982910156250000e+01,
    3.3947563171386719e+00, 3.4656179809570312e+02,
    5.5824745446443558e-02, 12649471, -1, 6.1792163848876953e+01,
    5.9120094299316406e+01, 3.2773842811584473e+00,
    3.5151031494140625e+02, 6.0980804264545441e-02, 10093567, -1,
    6.1792163848876953e+01, 5.9120094299316406e+01,
    3.2773842811584473e+00, 3.3112423706054688e+02,
    6.0980804264545441e-02, 10093567, -1, 1.1175937652587891e+02,
    5.9257263183593750e+01, 3.2231996059417725e+00,
    3.5578524780273438e+02, 6.6520035266876221e-02, 8848383, -1,
    2.7974594116210938e+02, 6.7626762390136719e+01,
    3.4339559078216553e+00, 1.7515484619140625e+02,
    8.6451023817062378e-02, 13435903, -1, 2.7974594116210938e+02,
    6.7626762390136719e+01, 3.4339559078216553e+00,
    8.4499145507812500e+01, 8.6451023817062378e-02, 13435903, -1,
    3.4612796020507812e+02, 1.0252727508544922e+01,
    3.9355003833770752e+00, 2.7715295410156250e+02,
    4.7932989895343781e-02, 6619392, -1, 9.1105148315429688e+01,
    1.1935170173645020e+01, 3.9903218746185303e+00,
    2.7631155395507812e+02, 6.0484543442726135e-02, 7602432, -1,
    9.1105148315429688e+01, 1.1935170173645020e+01,
    3.9903218746185303e+00, 2.6444134521484375e+02,
    6.0484543442726135e-02, 7602432, -1, 3.2633621215820312e+02,
    1.4130752563476562e+01, 3.9403202533721924e+00,
    2.6461511230468750e+02, 5.5042318999767303e-02, 6684928, -1,
    3.4163229370117188e+02, 1.4328396797180176e+01,
    4.3441576957702637e+00, 2.7508453369140625e+02,
    5.4440617561340332e-02, 13762816, -1, 1.8442052841186523e+01,
    1.5023714065551758e+01, 4.2574706077575684e+00,
    1.8473680114746094e+02, 8.8625311851501465e-02, 12321024, -1,
    2.8778617858886719e+01, 1.5156611442565918e+01,
    4.4563565254211426e+00, 3.5560787963867188e+02,
    8.5806295275688171e-02, 15597824, -1, 2.8778617858886719e+01,
    1.5156611442565918e+01, 4.4563565254211426e+00,
    2.6570184326171875e+02, 8.5806295275688171e-02, 15597824, -1,
    5.6340690612792969e+01, 1.5041034698486328e+01,
    4.2996573448181152e+00, 2.7638537597656250e+02,
    8.7887369096279144e-02, 13041920, -1, 5.6340690612792969e+01,
    1.5041034698486328e+01, 4.2996573448181152e+00,
    1.8545144653320312e+02, 8.7887369096279144e-02, 13041920, -1,
    6.6742187500000000e+01, 1.5205195426940918e+01,
    4.5000772476196289e+00, 3.5592922973632812e+02,
    8.5647955536842346e-02, 16318720, -1, 6.6742187500000000e+01,
    1.5205195426940918e+01, 4.5000772476196289e+00,
    2.6572433471679688e+02, 8.5647955536842346e-02, 16318720, -1,
    1.3156802368164062e+02, 1.5063945770263672e+01,
    4.2757220268249512e+00, 3.5551940917968750e+02,
    8.6317867040634155e-02, 12583168, -1, 1.7425181579589844e+02,
    1.5087567329406738e+01, 4.3625340461730957e+00,
    2.7460693359375000e+02, 8.4776870906352997e-02, 14090496, -1,
    1.7425181579589844e+02, 1.5087567329406738e+01,
    4.3625340461730957e+00, 1.8485034179687500e+02,
    8.4776870906352997e-02, 14090496, -1, 2.0928668212890625e+02,
    1.4948431015014648e+01, 4.2994036674499512e+00,
    1.9342668151855469e+02, 8.1742912530899048e-02, 12976384, -1,
    2.8001013183593750e+02, 1.5151894569396973e+01,
    4.4502806663513184e+00, 2.7831414794921875e+02,
    8.5960991680622101e-02, 15532288, -1, 2.8001013183593750e+02,
    1.5151894569396973e+01, 4.4502806663513184e+00,
    1.8585754394531250e+02, 8.5960991680622101e-02, 15532288, -1,
    1.1567276763916016e+02, 1.9709087371826172e+01,
    4.6092195510864258e+00, 1.8002670288085938e+02,
    4.3798528611660004e-02, 1311232, -1, 1.6858155822753906e+02,
    1.9956174850463867e+01, 4.7214541435241699e+00,
    1.8031698608398438e+02, 4.3912362307310104e-02, 3080704, -1,
    2.8995792388916016e+01, 2.4615102767944336e+01,
    4.0686407089233398e+00, 3.6354339599609375e+01,
    6.2869802117347717e-02, 9044224, -1, 2.8995792388916016e+01,
    2.4615102767944336e+01, 4.0686407089233398e+00,
    1.1250915527343750e+01, 6.2869802117347717e-02, 9044224, -1,
    5.5983486175537109e+01, 2.4741067886352539e+01,
    3.6838593482971191e+00, 1.6845684814453125e+02,
    6.7529372870922089e-02, 1835264, -1, 5.5983486175537109e+01,
    2.4741067886352539e+01, 3.6838593482971191e+00,
    1.3974113464355469e+02, 6.7529372870922089e-02, 1835264, -1,
    3.1889981079101562e+02, 2.8347196578979492e+01,
    3.9726624488830566e+00, 1.7477861022949219e+02,
    8.4182187914848328e-02, 7274752, -1, 3.1889981079101562e+02,
    2.8347196578979492e+01, 3.9726624488830566e+00,
