%YAML:1.0
tag: [ 3.5163607788085938e+02, 3.4464824676513672e+01,
    2.7622754573822021e+00, 4.3449310302734375e+01,
    3.1430207192897797e-02, 14418687, -1, 4.2818853759765625e+02,
    4.0823989868164062e+01, 2.1288869380950928e+00,
    8.7926605224609375e+01, 2.7805836871266365e-02, 12321279, -1,
    1.9781037902832031e+02, 4.4240699768066406e+01,
    3.2294833660125732e+00, 2.1977539062500000e+01,
    3.7803061306476593e-02, 9044991, -1, 1.2155741119384766e+02,
    4.7342700958251953e+01, 3.3756291866302490e+00,
    3.2986123657226562e+02, 5.3408596664667130e-02, 12190719, -1,
    2.2003004074096680e+01, 1.4288347244262695e+01,
    4.2659182548522949e+00, 2.7671557617187500e+02,
    6.7165799438953400e-02, 12452096, -1, 2.2003004074096680e+01,
    1.4288347244262695e+01, 4.2659182548522949e+00,
    2.6294360351562500e+02, 6.7165799438953400e-02, 12452096, -1,
    6.9173568725585938e+01, 1.4582356452941895e+01,
    3.9173812866210938e+00, 2.7984768676757812e+02,
    6.8339101970195770e-02, 6291712, -1, 6.9173568725585938e+01,
    1.4582356452941895e+01, 3.9173812866210938e+00,
    2.6083255004882812e+02, 6.8339101970195770e-02, 6291712, -1,
    1.0609900665283203e+02, 1.4570950508117676e+01,
    4.8956527709960938e+00, 2.8128091430664062e+02,
    6.8578757345676422e-02, 5702144, -1, 1.0609900665283203e+02,
    1.4570950508117676e+01, 4.8956527709960938e+00,
    2.5926708984375000e+02, 6.8578757345676422e-02, 5702144, -1,
    2.9328401565551758e+01, 3.0853328704833984e+01,
    4.1606445312500000e+00, 4.6370910644531250e+01,
    7.4630737304687500e-02, 10617088, -1, 2.9328401565551758e+01,
    3.0853328704833984e+01, 4.1606445312500000e+00,
    6.1878662109375000e+00, 7.4630737304687500e-02, 10617088, -1,
    6.1877384185791016e+01, 3.1035678863525391e+01,
    3.9959607124328613e+00, 1.7375521850585938e+02,
    7.5375363230705261e-02, 7733504, -1, 6.1877384185791016e+01,
    3.1035678863525391e+01, 3.9959607124328613e+00,
    1.3203692626953125e+02, 7.5375363230705261e-02, 7733504, -1,
    3.9873321533203125e+02, 3.0611593246459961e+01,
    4.0766139030456543e+00, 9.1820129394531250e+01,
    3.7787258625030518e-02, 9175296, -1, 4.1871875000000000e+02,
    3.0624107360839844e+01, 4.0296559333801270e+00,
    8.9846679687500000e+01, 3.7797179073095322e-02, 8323328, -1,
    9.5040779113769531e+01, 3.6312744140625000e+01,
    4.0482611656188965e+00, 1.9513548278808594e+02,
    8.1739351153373718e-02, 8651008, -1, 9.5040779113769531e+01,
    3.6312744140625000e+01, 4.0482611656188965e+00,
    1.3666307067871094e+02, 8.1739351153373718e-02, 8651008, -1,
    1.1729817962646484e+02, 3.6365032196044922e+01,
    4.1702666282653809e+00, 3.4786825561523438e+02,
    7.9352959990501404e-02, 10813696, -1, 1.1729817962646484e+02,
    3.6365032196044922e+01, 4.1702666282653809e+00,
    4.2635711669921875e+01, 7.9352959990501404e-02, 10813696, -1,
    3.1543078613281250e+02, 3.6160633087158203e+01,
    3.8969871997833252e+00, 3.4568542480468750e+02,
    7.9515546560287476e-02, 5898496, -1, 3.1543078613281250e+02,
    3.6160633087158203e+01, 3.8969871997833252e+00,
    4.2635437011718750e+01, 7.9515546560287476e-02, 5898496, -1,
    3.8970657348632812e+02, 3.5696537017822266e+01,
    4.3365221023559570e+00, 1.7371894836425781e+02,
    1.0098326951265335e-01, 13631744, -1, 3.8970657348632812e+02,
    3.5696537017822266e+01, 4.3365221023559570e+00,
    4.7646820068359375e+01, 1.0098326951265335e-01, 13631744, -1,
    2.6578866577148438e+02, 4.7071159362792969e+01,
    3.8252747058868408e+00, 3.5592056274414062e+02,
    5.6461438536643982e-02, 4522240, -1, 1.9578906250000000e+02,
    4.8828670501708984e+01, 4.2390341758728027e+00,
    3.6550567626953125e+01, 4.2729064822196960e-02, 11993344, -1,
    3.7605065917968750e+02, 5.5182491302490234e+01,
    4.1326794624328613e+00, 3.2729495239257812e+02,
    7.8048810362815857e-02, 10158336, -1, 3.7605065917968750e+02,
    5.5182491302490234e+01, 4.1326794624328613e+00,
    2.5876586914062500e+01, 7.8048810362815857e-02, 10158336, -1,
    2.6595690917968750e+02, 5.7213596343994141e+01,
    4.2526392936706543e+00, 3.3158569335937500e+00,
    5.6529425084590912e-02, 12189952, -1, 2.2386129379272461e+01,
    7.3312744140625000e+01, 4.5469985008239746e+00,
    2.0114443969726562e+02, 7.0020735263824463e-02, 328192, -1,
    3.9977458953857422e+01, 7.3159782409667969e+01,
    4.4531097412109375e+00, 3.4576586914062500e+02,
    6.1622276902198792e-02, 15532288, -1, 1.4338131713867188e+02,
    7.3338745117187500e+01, 4.7873940467834473e+00,
    2.1519537353515625e+02, 6.6801622509956360e-02, 4063744, -1,
    2.5244476318359375e+02, 7.3437438964843750e+01,
    4.6606197357177734e+00, 2.1791928100585938e+02,
    6.8047955632209778e-02, 2097664, -1, 2.5244476318359375e+02,
    7.3437438964843750e+01, 4.6606197357177734e+00,
    1.9184393310546875e+02, 6.8047955632209778e-02, 2097664, -1,
    2.9484317016601562e+02, 7.3371574401855469e+01,
    4.4450235366821289e+00, 3.5372668457031250e+02,
    6.9799467921257019e-02, 15401216, -1, 2.9484317016601562e+02,
    7.3371574401855469e+01, 4.4450235366821289e+00,
    3.2079309082031250e+02, 6.9799467921257019e-02, 15401216, -1,
    8.9030998229980469e+01, 8.7330932617187500e+01,
    4.0873947143554688e+00, 8.3906677246093750e+01,
    6.5048508346080780e-02, 9371904, -1, 1.2390296173095703e+02,
    8.7313766479492188e+01, 3.9411754608154297e+00,
    8.4077606201171875e+01, 6.6195167601108551e-02, 6684928, -1,
    2.1613076782226562e+02, 8.7382606506347656e+01,
    3.8800027370452881e+00, 8.7641723632812500e+01,
    6.4267799258232117e-02, 5570816, -1, 3.2224462890625000e+02,
    8.7266731262207031e+01, 3.9691197872161865e+00,
    9.7197143554687500e+01, 6.6304571926593781e-02, 7209216, -1,
    3.2224462890625000e+02, 8.7266731262207031e+01,
    3.9691197872161865e+00, 8.2897583007812500e+01,
    6.6304571926593781e-02, 7209216, -1, 3.7935467529296875e+02,
    8.9679595947265625e+01, 3.9594590663909912e+00,
    9.0796295166015625e+01, 4.4997569173574448e-02, 7078144, -1,
    3.0441268920898438e+02, 1.4138255119323730e+01,
    5.4099574089050293e+00, 2.7700363159179688e+02,
    6.7580707371234894e-02, 12911104, -1, 3.0441268920898438e+02,
    1.4138255119323730e+01, 5.4099574089050293e+00,
    2.6344613647460938e+02, 6.7580707371234894e-02, 12911104, -1,
    3.4775009155273438e+02, 1.4079950332641602e+01,
    4.5365500450134277e+00, 2.6557037353515625e+02,
    6.7345984280109406e-02, 197120, -1, 1.5545316696166992e+01,
    1.8229043960571289e+01, 5.4309163093566895e+00,
    2.7722872924804688e+02, 9.5473863184452057e-02, 13173248, -1,
    1.5545316696166992e+01, 1.8229043960571289e+01,
    5.4309163093566895e+00, 1.8417106628417969e+02,
    9.5473863184452057e-02, 13173248, -1, 2.8457033157348633e+01,
    1.8201383590698242e+01, 5.4298501014709473e+00,
    2.6236871337890625e+02, 9.5718532800674438e-02, 13173248, -1,
    6.2733444213867188e+01, 1.8142761230468750e+01,
    5.2893118858337402e+00, 2.7763110351562500e+02,
    9.6503868699073792e-02, 11272704, -1, 6.2733444213867188e+01,
    1.8142761230468750e+01, 5.2893118858337402e+00,
    1.8587905883789062e+02, 9.6503868699073792e-02, 11272704, -1,
    7.5673141479492188e+01, 1.8430044174194336e+01,
    5.6246237754821777e+00, 3.5513497924804688e+02,
    9.4944827258586884e-02, 15729152, -1, 7.5673141479492188e+01,
    1.8430044174194336e+01, 5.6246237754821777e+00,
    2.6337023925781250e+02, 9.4944827258586884e-02, 15729152, -1,
    1.5661566162109375e+02, 1.8279422760009766e+01,
    5.4243383407592773e+00, 3.5453320312500000e+02,
    9.6561945974826813e-02, 13107712, -1, 1.5661566162109375e+02,
    1.8279422760009766e+01, 5.4243383407592773e+00,
    2.6309255981445312e+02, 9.6561945974826813e-02, 13107712, -1,
    2.2232858276367188e+02, 1.8196722030639648e+01,
    5.4274573326110840e+00, 3.4779339599609375e+02,
    9.1672629117965698e-02, 13173248, -1, 2.2232858276367188e+02,
    1.8196722030639648e+01, 5.4274573326110840e+00,
