%YAML:1.0
tag: [ 7.5488781738281250e+02, 3.0816384887695312e+02,
    1.9844578504562378e+00, 6.3240661621093750e+01,
    1.4487077482044697e-02, 7209471, -1, 8.6489160156250000e+02,
    2.4089199829101562e+02, 2.3225390911102295e+00,
    2.7872399902343750e+02, 1.3802039436995983e-02, 1901311, -1,
    9.5134674072265625e+02, 2.4730130004882812e+02,
    2.7672710418701172e+00, 3.1104937744140625e+02,
    1.4022960327565670e-02, 14549759, -1, 7.1661260986328125e+02,
    2.4870570373535156e+02, 2.7982888221740723e+00,
    2.8414398193359375e+02, 1.3571009039878845e-02, 15336191, -1,
    7.0494323730468750e+02, 2.4993922424316406e+02,
    2.8346383571624756e+00, 2.6981622314453125e+02,
    1.7064431682229042e-02, 16319231, -1, 7.0837524414062500e+02,
    2.5020164489746094e+02, 2.5367496013641357e+00,
    2.7406420898437500e+02, 1.6777768731117249e-02, 8258303, -1,
    4.7494287109375000e+02, 2.7856231689453125e+02,
    2.6429443359375000e+00, 2.7989672851562500e+02,
    1.7581345513463020e-02, 11207423, -1, 6.2102337646484375e+02,
    2.9860534667968750e+02, 2.7704610824584961e+00,
    2.8029428100585938e+02, 2.0655205473303795e-02, 14615295, -1,
    7.3000457763671875e+02, 3.1592999267578125e+02,
    2.6527235507965088e+00, 2.8577114868164062e+02,
    1.8124161288142204e-02, 11469567, -1, 3.0759622192382812e+02,
    1.3907777404785156e+02, 3.4602162837982178e+00,
    2.6933200073242188e+02, 1.4621445909142494e-02, 14025727, -1,
    2.9838998413085938e+02, 1.3951501464843750e+02,
    3.2237317562103271e+00, 2.6021191406250000e+02,
    1.4319087378680706e-02, 8913919, -1, 9.8093316650390625e+02,
    1.6887580871582031e+02, 3.2439162731170654e+00,
    2.3592803955078125e+01, 1.8351253122091293e-02, 9372671, -1,
    9.2702239990234375e+02, 2.2894810485839844e+02,
    3.1205439567565918e+00, 3.0352459716796875e+02,
    1.5992766246199608e-02, 6554623, -1, 8.1855468750000000e+02,
    2.3357350158691406e+02, 3.2974159717559814e+00,
    2.7696713256835938e+02, 2.3050555959343910e-02, 10552319, -1,
    8.1855468750000000e+02, 2.3357350158691406e+02,
    3.2974159717559814e+00, 2.1059948730468750e+02,
    2.3050555959343910e-02, 10552319, -1, 8.6889739990234375e+02,
    2.4107876586914062e+02, 2.8692409992218018e+00,
    2.8012368774414062e+02, 1.5368225052952766e-02, 459775, -1,
    3.4465386962890625e+02, 2.4331028747558594e+02,
    3.1074228286743164e+00, 3.4438513183593750e+02,
    1.4073064550757408e-02, 6226943, -1, 3.4465386962890625e+02,
    2.4331028747558594e+02, 3.1074228286743164e+00,
    2.5074465942382812e+02, 1.4073064550757408e-02, 6226943, -1,
    5.6097790527343750e+02, 2.8992926025390625e+02,
    3.2649147510528564e+00, 2.7133377075195312e+02,
    1.8657119944691658e-02, 9831423, -1, 7.1668731689453125e+02,
    2.9708724975585938e+02, 3.0409219264984131e+00,
    3.4193676757812500e+02, 1.3617658987641335e-02, 4654079, -1,
    7.1668731689453125e+02, 2.9708724975585938e+02,
    3.0409219264984131e+00, 2.4507287597656250e+02,
    1.3617658987641335e-02, 4654079, -1, 1.0302824707031250e+03,
    3.2103088378906250e+02, 3.2704322338104248e+00,
    3.1939315795898438e+02, 1.3566329143941402e-02, 9962495, -1,
    7.8544689941406250e+02, 3.2186978149414062e+02,
    3.0192720890045166e+00, 2.7247967529296875e+02,
    1.7192851752042770e-02, 4129791, -1, 1.0470256347656250e+03,
    3.3879129028320312e+02, 3.2093338966369629e+00,
    3.2026144409179688e+02, 1.3346361927688122e-02, 8586239, -1,
    3.3147131347656250e+02, 1.4532841491699219e+02,
    3.8291852474212646e+00, 3.0639224243164062e+02,
    1.5457072295248508e-02, 4653312, -1, 9.1977227783203125e+02,
    3.2539675903320312e+02, 3.7723052501678467e+00,
    3.2602444458007812e+02, 1.6535924747586250e-02, 3539200, -1,
    8.4420843505859375e+02, 3.2694815063476562e+02,
    4.1055498123168945e+00, 3.0757180786132812e+02,
    2.2108802571892738e-02, 9699584, -1, 4.9830645751953125e+02,
    1.5833343505859375e+02, 4.9016175270080566e+00,
    1.7653503417968750e+02, 4.1565421968698502e-02, 5767680, -1,
    8.2866424560546875e+02, 1.7688514709472656e+02,
    5.6691360473632812e+00, 3.5941772460937500e+02,
    3.9012402296066284e-02, 16318976, -1, 7.9135211181640625e+02,
    2.1157997131347656e+02, 5.1956253051757812e+00,
    1.7846023559570312e+02, 4.5952696353197098e-02, 9961984, -1,
    9.5554101562500000e+02, 2.5706188964843750e+02,
    5.0588693618774414e+00, 3.1083847045898438e+02,
    1.8834231421351433e-02, 8061440, -1, 3.9319100952148438e+02,
    2.6705297851562500e+02, 6.4689154624938965e+00,
    3.4730044555664062e+02, 2.7409294620156288e-02, 9110272, -1,
    4.5294335937500000e+02, 2.7756921386718750e+02,
    4.9155936241149902e+00, 3.3561328125000000e+02,
    2.6518136262893677e-02, 5964288, -1, 1.0508111572265625e+03,
    3.4988354492187500e+02, 5.3091979026794434e+00,
    3.1415582275390625e+02, 1.6766417771577835e-02, 11534848, -1,
    4.0216510009765625e+02, 9.7883590698242188e+01,
    6.1922659873962402e+00, 3.5982418823242188e+02,
    3.6691274493932724e-02, 5964544, -1, 4.5871334838867188e+02,
    1.5200024414062500e+02, 6.3507838249206543e+00,
    3.5969433593750000e+02, 4.2075585573911667e-02, 7799552, -1,
    4.9088473510742188e+02, 1.5228825378417969e+02,
    7.1294031143188477e+00, 1.6790899658203125e+02,
    3.3733777701854706e-02, 16188160, -1, 4.9088473510742188e+02,
    1.5228825378417969e+02, 7.1294031143188477e+00,
    1.0493009948730469e+02, 3.3733777701854706e-02, 16188160, -1,
    7.8381872558593750e+02, 2.0526644897460938e+02,
    7.0656905174255371e+00, 1.7348468017578125e+02,
    3.3331979066133499e-02, 15532800, -1, 7.8381872558593750e+02,
    2.0526644897460938e+02, 7.0656905174255371e+00,
    1.0852218627929688e+02, 3.3331979066133499e-02, 15532800, -1,
    7.5739514160156250e+02, 2.0597502136230469e+02,
    6.3035540580749512e+00, 3.5843276977539062e+02,
    3.8435570895671844e-02, 7275264, -1, 4.2407287597656250e+02,
    8.5442741394042969e+01, 9.3254861831665039e+00,
    9.9138824462890625e+01, 2.1364575251936913e-02, 2163201, -1,
    4.9003854370117188e+02, 1.5252049255371094e+02,
    7.7673540115356445e+00, 1.0764732360839844e+02,
    3.3643301576375961e-02, 5636353, -1, 5.6403558349609375e+02,
    1.7084500122070312e+02, 8.0847005844116211e+00,
    1.4564942932128906e+02, 4.0042906999588013e-02, 8519937, -1,
    5.6403558349609375e+02, 1.7084500122070312e+02,
    8.0847005844116211e+00, 5.8500518798828125e+01,
    4.0042906999588013e-02, 8519937, -1, 7.7504479980468750e+02,
    1.9411370849609375e+02, 7.6625986099243164e+00,
    9.9589202880859375e+01, 1.9503016024827957e-02, 4653313, -1,
    6.5449536132812500e+02, 1.9712322998046875e+02,
    7.3218803405761719e+00, 3.4140890502929688e+02,
    4.2690090835094452e-02, 1376513, -1, 9.8355047607421875e+02,
    2.3353475952148438e+02, 8.0618982315063477e+00,
    3.3899588012695312e+02, 3.3003654330968857e-02, 8323329, -1,
    8.6531890869140625e+02, 2.4644363403320312e+02,
    8.3640317916870117e+00, 2.7142382812500000e+02,
    5.0443448126316071e-02, 11010305, -1, 8.6531890869140625e+02,
    2.4644363403320312e+02, 8.3640317916870117e+00,
    1.8321817016601562e+02, 5.0443448126316071e-02, 11010305, -1,
    1.0144776611328125e+03, 2.6221759033203125e+02,
    7.4410820007324219e+00, 3.3990216064453125e+02,
    3.3885654062032700e-02, 2556161, -1, 4.8138827514648438e+02,
    1.4003619384765625e+02, 9.3357267379760742e+00,
    9.9692596435546875e+01, 2.1920429542660713e-02, 2228737, -1,
    3.4656143188476562e+02, 2.0844100952148438e+02,
    9.7012586593627930e+00, 8.3149719238281250e+00,
    3.0275907367467880e-02, 5046785, -1, 8.0432562255859375e+02,
    2.4042578125000000e+02, 1.1094056129455566e+01,
    2.4638673400878906e+02, 3.9860334247350693e-02, 14746113, -1,
    3.3857641601562500e+02, 2.5555616760253906e+02,
    8.9168338775634766e+00, 2.4006405639648438e+02,
    5.4970528930425644e-02, 15663361, -1, 7.1868157958984375e+02,
    2.6431042480468750e+02, 9.8866443634033203e+00,
