%YAML:1.0
tag: [ 4.3225135803222656e+01, 2.5272699356079102e+01,
    2.7849023342132568e+00, 1.8369702148437500e+02,
    4.8296503722667694e-02, 15008511, -1, 4.3225135803222656e+01,
    2.5272699356079102e+01, 2.7849023342132568e+00,
    7.6083648681640625e+01, 4.8296503722667694e-02, 15008511, -1,
    4.3982597351074219e+01, 2.9245809555053711e+01,
    2.6129329204559326e+00, 7.1487365722656250e+01,
    5.7777639478445053e-02, 10420991, -1, 1.0108310699462891e+02,
    2.9256553649902344e+01, 2.7209510803222656e+00,
    6.3570281982421875e+01, 6.7197464406490326e-02, 13370111, -1,
    4.7930038452148438e+01, 3.2051216125488281e+01,
    2.8175933361053467e+00, 7.5071929931640625e+01,
    5.6985843926668167e-02, 15860479, -1, 5.5405559539794922e+01,
    4.4333690643310547e+01, 2.5981929302215576e+00,
    2.7605664062500000e+02, 5.5550616234540939e-02, 10027775, -1,
    2.6373743057250977e+01, 1.8443233489990234e+01,
    2.9004619121551514e+00, 9.1153747558593750e+01,
    1.9014880061149597e-02, 1246207, -1, 1.3183541870117188e+02,
    2.3305076599121094e+01, 3.4798550605773926e+00,
    1.4642846679687500e+02, 6.4247965812683105e-02, 14418943, -1,
    1.3183541870117188e+02, 2.3305076599121094e+01,
    3.4798550605773926e+00, 1.5314636230468750e+01,
    6.4247965812683105e-02, 14418943, -1, 1.2711585998535156e+02,
    2.4113586425781250e+01, 3.2393562793731689e+00,
    7.8177124023437500e+01, 3.6086484789848328e-02, 9241599, -1,
    1.2711585998535156e+02, 2.4113586425781250e+01,
    3.2393562793731689e+00, 1.9926269531250000e+01,
    3.6086484789848328e-02, 9241599, -1, 7.3597297668457031e+01,
    2.5086681365966797e+01, 3.5155932903289795e+00,
    8.6829467773437500e+01, 3.1853441148996353e-02, 15139839, -1,
    8.3645805358886719e+01, 2.6242654800415039e+01,
    3.0110535621643066e+00, 1.0193777465820312e+02,
    4.0337748825550079e-02, 3933183, -1, 8.3645805358886719e+01,
    2.6242654800415039e+01, 3.0110535621643066e+00,
    8.3902465820312500e+01, 4.0337748825550079e-02, 3933183, -1,
    1.2531414794921875e+02, 2.9340606689453125e+01,
    3.2166202068328857e+00, 2.4693249511718750e+02,
    6.2611550092697144e-02, 8717311, -1, 1.2531414794921875e+02,
    2.9340606689453125e+01, 3.2166202068328857e+00,
    8.2867401123046875e+01, 6.2611550092697144e-02, 8717311, -1,
    1.0505601501464844e+02, 3.1997291564941406e+01,
    2.8964276313781738e+00, 6.9216583251953125e+01,
    5.6890252977609634e-02, 1115135, -1, 2.5788093566894531e+01,
    3.7812030792236328e+01, 3.3264946937561035e+00,
    3.4500247192382812e+02, 6.8214736878871918e-02, 11142143, -1,
    2.5788093566894531e+01, 3.7812030792236328e+01,
    3.3264946937561035e+00, 1.9734600830078125e+02,
    6.8214736878871918e-02, 11142143, -1, 4.9102577209472656e+01,
    3.9534427642822266e+01, 3.1674146652221680e+00,
    2.4863111877441406e+02, 9.1285385191440582e-02, 7603199, -1,
    4.9102577209472656e+01, 3.9534427642822266e+01,
    3.1674146652221680e+00, 1.9754394531250000e+01,
    9.1285385191440582e-02, 7603199, -1, 1.0578045654296875e+02,
    3.9686759948730469e+01, 3.0323846340179443e+00,
    2.5110769653320312e+02, 9.4762660562992096e-02, 4457471, -1,
    1.0578045654296875e+02, 3.9686759948730469e+01,
    3.0323846340179443e+00, 2.6597412109375000e+01,
    9.4762660562992096e-02, 4457471, -1, 6.2268901824951172e+01,
    4.3590866088867188e+01, 3.3266589641571045e+00,
    2.6700015258789062e+02, 7.3836810886859894e-02, 11142143, -1,
    9.3374404907226562e+01, 4.3755191802978516e+01,
    3.1963591575622559e+00, 3.5209948730468750e+02,
    7.1890823543071747e-02, 8258559, -1, 9.3374404907226562e+01,
    4.3755191802978516e+01, 3.1963591575622559e+00,
    2.6591748046875000e+02, 7.1890823543071747e-02, 8258559, -1,
    1.0868446350097656e+02, 4.7003376007080078e+01,
    2.8680560588836670e+00, 2.6754846191406250e+02,
    3.8843791931867599e-02, 459775, -1, 3.8611980438232422e+01,
    2.3810365676879883e+01, 4.1319584846496582e+00,
    1.6284130859375000e+02, 7.3362581431865692e-02, 10158336, -1,
    3.8611980438232422e+01, 2.3810365676879883e+01,
    4.1319584846496582e+00, 2.2884460449218750e+01,
    7.3362581431865692e-02, 10158336, -1, 6.2338184356689453e+01,
    2.4103458404541016e+01, 4.2052149772644043e+00,
    9.6588439941406250e+00, 7.6055489480495453e-02, 11403520, -1,
    1.9372280120849609e+01, 2.7276933670043945e+01,
    3.8244488239288330e+00, 1.6016091918945312e+02,
    6.2368970364332199e-02, 4522240, -1, 1.9372280120849609e+01,
    2.7276933670043945e+01, 3.8244488239288330e+00,
    1.9986145019531250e+01, 6.2368970364332199e-02, 4522240, -1,
    1.5691038513183594e+02, 2.7697227478027344e+01,
    4.0519881248474121e+00, 2.8958508300781250e+02,
    4.3463069945573807e-02, 8716544, -1, 1.5691038513183594e+02,
    2.7697227478027344e+01, 4.0519881248474121e+00,
    1.3144410705566406e+02, 4.3463069945573807e-02, 8716544, -1,
    1.7594415283203125e+02, 2.7701957702636719e+01,
    4.0560612678527832e+00, 2.5196925354003906e+02,
    4.2541220784187317e-02, 8782080, -1, 1.7594415283203125e+02,
    2.7701957702636719e+01, 4.0560612678527832e+00,
    4.8404113769531250e+01, 4.2541220784187317e-02, 8782080, -1,
    5.2927276611328125e+01, 2.9783761978149414e+01,
    3.8828523159027100e+00, 1.2082258605957031e+02,
    5.2093703299760818e-02, 5636352, -1, 1.0986439514160156e+02,
    2.9793018341064453e+01, 3.8580486774444580e+00,
    1.1800527954101562e+02, 5.1721874624490738e-02, 5177600, -1,
    9.8485557556152344e+01, 3.3479446411132812e+01,
    3.6252460479736328e+00, 1.6268148803710938e+02,
    6.4315259456634521e-02, 655616, -1, 7.6163810729980469e+01,
    3.5231578826904297e+01, 4.3144202232360840e+00,
    3.4920233154296875e+02, 7.5948633253574371e-02, 13238528, -1,
    7.6163810729980469e+01, 3.5231578826904297e+01,
    4.3144202232360840e+00, 1.8868881225585938e+02,
    7.5948633253574371e-02, 13238528, -1, 8.7636215209960938e+01,
    3.4912990570068359e+01, 4.0964307785034180e+00,
    3.4556607055664062e+02, 7.4382498860359192e-02, 9502976, -1,
    8.7636215209960938e+01, 3.4912990570068359e+01,
    4.0964307785034180e+00, 1.8835729980468750e+02,
    7.4382498860359192e-02, 9502976, -1, 1.7528080749511719e+02,
    3.8195068359375000e+01, 3.8345856666564941e+00,
    3.1364932250976562e+02, 4.3686825782060623e-02, 4718848, -1,
    1.7528080749511719e+02, 3.8195068359375000e+01,
    3.8345856666564941e+00, 1.0784353637695312e+02,
    4.3686825782060623e-02, 4718848, -1, 4.4468418121337891e+01,
    4.3062305450439453e+01, 4.2593088150024414e+00,
    3.0728988647460938e+02, 6.4748637378215790e-02, 12321024, -1,
    4.4468418121337891e+01, 4.3062305450439453e+01,
    4.2593088150024414e+00, 2.8077258300781250e+02,
    6.4748637378215790e-02, 12321024, -1, 5.3884613037109375e+01,
    4.2632503509521484e+01, 4.1959204673767090e+00,
    2.6486181640625000e+02, 5.9516370296478271e-02, 11272448, -1,
    7.0656082153320312e+01, 4.3019966125488281e+01,
    3.9090137481689453e+00, 1.8725378417968750e+02,
    7.6276645064353943e-02, 6095104, -1, 8.1970970153808594e+01,
    4.2850479125976562e+01, 4.0743122100830078e+00,
    3.5164004516601562e+02, 8.1883631646633148e-02, 9109760, -1,
    8.1970970153808594e+01, 4.2850479125976562e+01,
    4.0743122100830078e+00, 1.8693214416503906e+02,
    8.1883631646633148e-02, 9109760, -1, 1.1080106353759766e+02,
    4.2742927551269531e+01, 4.0406002998352051e+00,
    2.6619854736328125e+02, 5.8729954063892365e-02, 8519936, -1,
    1.0270655822753906e+02, 4.3852764129638672e+01,
    3.7644708156585693e+00, 2.7305813598632812e+02,
    5.7378098368644714e-02, 3408128, -1, 9.7795471191406250e+01,
    4.6903400421142578e+01, 3.8267910480499268e+00,
    2.8029187011718750e+02, 3.6426022648811340e-02, 4587776, -1,
    3.1989757537841797e+01, 4.8736515045166016e+01,
    3.6810078620910645e+00, 3.0038421630859375e+02,
    3.8472268730401993e-02, 1769728, -1, 3.1989757537841797e+01,
    4.8736515045166016e+01, 3.6810078620910645e+00,
