%YAML:1.0
tag: [ 1.7865087890625000e+02, 4.2538764953613281e+01,
    1.8807661533355713e+00, 3.2806396484375000e-02,
    4.4214796274900436e-02, 3342847, -1, 2.1709648132324219e+02,
    5.7613267898559570e+00, 2.6492049694061279e+00,
    2.7496591186523438e+02, 2.2219866514205933e-02, 11404031, -1,
    2.1096076965332031e+02, 6.1249251365661621e+00,
    2.6361882686614990e+00, 2.7046386718750000e+02,
    1.9754163920879364e-02, 11076351, -1, 5.3107509613037109e+01,
    3.5916477203369141e+01, 2.7202367782592773e+00,
    1.9433016967773438e+02, 3.9710823446512222e-02, 13304575, -1,
    1.9569183349609375e+02, 3.8169689178466797e+01,
    2.8111517429351807e+00, 1.7906799316406250e+02,
    2.5124125182628632e-02, 15729407, -1, 2.4370869445800781e+02,
    5.8651981353759766e+01, 2.2744441032409668e+00,
    3.0513461303710938e+02, 2.0625904202461243e-02, 393983, -1,
    2.5937820434570312e+02, 5.8342674255371094e+01,
    2.6223094463348389e+00, 1.6399087524414062e+02,
    1.5234733931720257e-02, 10683135, -1, 5.5360538482666016e+01,
    6.0373058319091797e+01, 2.6616914272308350e+00,
    3.0141970825195312e+02, 2.3140262812376022e-02, 11731711, -1,
    1.0190158843994141e+02, 6.0541316986083984e+01,
    2.2742536067962646e+00, 2.1315588378906250e+02,
    1.3849123381078243e-02, 393983, -1, 2.0430955505371094e+02,
    6.0818881988525391e+01, 2.6151285171508789e+00,
    3.2950585937500000e+02, 1.3621538877487183e-02, 10486527, -1,
    8.4469200134277344e+01, 6.1863243103027344e+01,
    2.9008126258850098e+00, 2.7106451416015625e+02,
    1.8887005746364594e-02, 1246207, -1, 1.1368111419677734e+02,
    6.2665565490722656e+01, 2.6322376728057861e+00,
    2.6833032226562500e+02, 1.9573098048567772e-02, 10945279, -1,
    1.6573239135742188e+02, 6.3586898803710938e+01,
    2.8155639171600342e+00, 2.7138854980468750e+02,
    2.0920941606163979e-02, 15794943, -1, 1.1824522399902344e+02,
    4.6677722930908203e+00, 3.0180931091308594e+00,
    2.1214672851562500e+02, 2.2729178890585899e-02, 4129791, -1,
    1.7783116149902344e+02, 4.4755663871765137e+00,
    3.2148170471191406e+00, 2.8109167480468750e+02,
    1.8536945804953575e-02, 8717311, -1, 1.1164624023437500e+02,
    5.3967952728271484e+00, 3.4826467037200928e+00,
    2.3503460693359375e+02, 5.4334629327058792e-02, 14484479, -1,
    1.1164624023437500e+02, 5.3967952728271484e+00,
    3.4826467037200928e+00, 3.6778808593750000e+01,
    5.4334629327058792e-02, 14484479, -1, 2.3483340454101562e+02,
    8.8114700317382812e+00, 3.5741436481475830e+00,
    2.3187544250488281e+02, 5.1226411014795303e-02, 16385023, -1,
    2.3010697937011719e+02, 1.1960214614868164e+01,
    3.1494832038879395e+00, 3.4963702392578125e+02,
    2.1818198263645172e-02, 7209983, -1, 2.3010697937011719e+02,
    1.1960214614868164e+01, 3.1494832038879395e+00,
    7.4645812988281250e+01, 2.1818198263645172e-02, 7209983, -1,
    2.3581370544433594e+02, 1.3332743644714355e+01,
    3.2038197517395020e+00, 2.3947824096679688e+02,
    2.1915473043918610e-02, 8455167, -1, 1.3382092475891113e+01,
    1.9365535736083984e+01, 3.1101233959197998e+00,
    9.6174743652343750e+01, 2.1362375468015671e-02, 6292479, -1,
    8.4000785827636719e+01, 2.1116199493408203e+01,
    3.1486742496490479e+00, 8.4950653076171875e+01,
    1.9964041188359261e-02, 7209983, -1, 7.8704200744628906e+01,
    2.8109384536743164e+01, 2.9959707260131836e+00,
    1.1268310546875000e+00, 2.6662649586796761e-02, 3605503, -1,
    2.1619824218750000e+02, 2.9223888397216797e+01,
    3.2529046535491943e+00, 1.2802812194824219e+02,
    1.8292922526597977e-02, 9569279, -1, 6.3562911987304688e+01,
    2.9722343444824219e+01, 3.1592018604278564e+00,
    8.9610717773437500e+01, 2.7024231851100922e-02, 7406591, -1,
    1.0107346343994141e+02, 3.1916431427001953e+01,
    3.5137481689453125e+00, 8.4832580566406250e+01,
    2.8951542451977730e-02, 15139839, -1, 9.4144954681396484e+00,
    3.4881557464599609e+01, 3.5526001453399658e+00,
    3.4898675537109375e+02, 2.9007660225033760e-02, 15926271, -1,
    2.1489173889160156e+02, 4.1466491699218750e+01,
    3.3342778682708740e+00, 2.9809509277343750e+02,
    1.7905121669173241e-02, 11338751, -1, 2.0887992858886719e+02,
    5.1090751647949219e+01, 3.4388370513916016e+00,
    6.6320648193359375e+01, 1.6735373064875603e-02, 13566975, -1,
    1.9019740295410156e+02, 5.3403667449951172e+01,
    3.3761513233184814e+00, 1.6833587646484375e+02,
    3.9852734655141830e-02, 12256255, -1, 1.9019740295410156e+02,
    5.3403667449951172e+01, 3.3761513233184814e+00,
    1.2955398559570312e+02, 3.9852734655141830e-02, 12256255, -1,
    1.6019113159179688e+02, 5.4871334075927734e+01,
    3.3096077442169189e+00, 3.5924682617187500e+02,
    5.4595448076725006e-02, 10814463, -1, 1.6019113159179688e+02,
    5.4871334075927734e+01, 3.3096077442169189e+00,
    1.8053961181640625e+02, 5.4595448076725006e-02, 10814463, -1,
    3.7991569519042969e+01, 6.0237949371337891e+01,
    2.9228761196136475e+00, 2.9971798706054688e+02,
    2.3890197277069092e-02, 1836031, -1, 2.2693431854248047e+01,
    6.0950504302978516e+01, 2.9667725563049316e+00,
    2.6984841918945312e+02, 2.0249582827091217e-02, 2884607, -1,
    4.3969303131103516e+01, 6.1315261840820312e+01,
    2.9687554836273193e+00, 2.5552597045898438e+02,
    1.6933407634496689e-02, 2950143, -1, 2.4742614746093750e+02,
    6.1991153717041016e+01, 3.0365841388702393e+00,
    3.0877685546875000e+02, 1.8927346915006638e-02, 4588543, -1,
    9.6693763732910156e+01, 6.2467956542968750e+01,
    3.1908290386199951e+00, 2.7055291748046875e+02,
    2.2045847028493881e-02, 8127487, -1, 2.6156137084960938e+02,
    6.2477371215820312e+01, 2.8609020709991455e+00,
    1.8791265869140625e+02, 2.4352096021175385e-02, 263167, -1,
    1.8863702392578125e+02, 6.4538993835449219e+01,
    2.9052793979644775e+00, 2.7143420410156250e+02,
    2.4007052183151245e-02, 1377279, -1, 5.6236358642578125e+01,
    2.9542192459106445e+01, 4.3684487342834473e+00,
    1.8848330688476562e+02, 3.6800500005483627e-02, 14156032, -1,
    1.1540210723876953e+02, 3.3250785827636719e+01,
    3.7770984172821045e+00, 1.1151864624023438e+02,
    3.7608105689287186e-02, 3604736, -1, 5.9039447784423828e+01,
    3.4705013275146484e+01, 4.1421813964843750e+00,
    2.7138952636718750e+02, 5.7104978710412979e-02, 10289408, -1,
    5.9039447784423828e+01, 3.4705013275146484e+01,
    4.1421813964843750e+00, 7.7554107666015625e+01,
    5.7104978710412979e-02, 10289408, -1, 1.4081553649902344e+02,
    3.6777210235595703e+01, 4.1937294006347656e+00,
    7.7126953125000000e+01, 5.9017226099967957e-02, 11206912, -1,
    1.7460827636718750e+02, 3.7936275482177734e+01,
    4.1598753929138184e+00, 2.3841262817382812e+02,
    5.0092238932847977e-02, 10617088, -1, 1.7460827636718750e+02,
    3.7936275482177734e+01, 4.1598753929138184e+00,
    8.1857055664062500e+01, 5.0092238932847977e-02, 10617088, -1,
    1.9103068542480469e+02, 3.8389221191406250e+01,
    4.2929830551147461e+00, 2.3488867187500000e+02,
    5.1174174994230270e-02, 12910848, -1, 1.9103068542480469e+02,
    3.8389221191406250e+01, 4.2929830551147461e+00,
    1.2589620971679688e+02, 5.1174174994230270e-02, 12910848, -1,
    6.4375175476074219e+01, 3.9208034515380859e+01,
    3.7260625362396240e+00, 2.7418041992187500e+02,
    5.9551164507865906e-02, 2621696, -1, 6.4375175476074219e+01,
    3.9208034515380859e+01, 3.7260625362396240e+00,
    7.3295349121093750e+01, 5.9551164507865906e-02, 2621696, -1,
    1.4668078613281250e+02, 4.1218650817871094e+01,
    3.6367225646972656e+00, 7.3556793212890625e+01,
    5.8841455727815628e-02, 917760, -1, 1.9007312011718750e+02,
    4.4650550842285156e+01, 3.9240334033966064e+00,
    1.8441619873046875e+02, 4.1118759661912918e-02, 6422784, -1,
    4.9853790283203125e+01, 2.6561344146728516e+01,
    5.6290369033813477e+00, 1.8629522705078125e+02,
    6.2006883323192596e-02, 15794688, -1, 4.9853790283203125e+01,
    2.6561344146728516e+01, 5.6290369033813477e+00,
