%YAML:1.0
tag: [ 1.7640744018554688e+02, 1.0795462036132812e+02,
    3.4493622779846191e+00, 1.7380682373046875e+02,
    1.5121120028197765e-02, 13763583, -1, 1.7465306091308594e+02,
    1.2130407714843750e+02, 3.4218788146972656e+00,
    1.2309272766113281e+02, 1.4937232248485088e-02, 13173759, -1,
    3.6761633300781250e+02, 1.2834486389160156e+02,
    3.5693852901458740e+00, 3.4346160888671875e+01,
    2.0546112209558487e-02, 16253951, -1, 4.8867752075195312e+02,
    1.3971258544921875e+02, 2.8693621158599854e+00,
    3.3248910522460938e+02, 2.3254085332155228e-02, 459775, -1,
    3.9595660400390625e+02, 1.5112734985351562e+02,
    3.3119628429412842e+00, 1.2909577941894531e+02,
    2.4111421778798103e-02, 10814463, -1, 4.3613208007812500e+02,
    9.0250831604003906e+01, 4.0580573081970215e+00,
    2.7762774658203125e+02, 3.9916146546602249e-02, 8847616, -1,
    4.4166851806640625e+02, 9.2365989685058594e+01,
    4.2474131584167480e+00, 2.2966250610351562e+02,
    3.4843616187572479e-02, 12124416, -1, 1.7395721435546875e+02,
    1.0251549530029297e+02, 3.9242801666259766e+00,
    1.5026052856445312e+02, 1.9212603569030762e-02, 6422784, -1,
    1.0707649993896484e+02, 1.2855458068847656e+02,
    3.9367396831512451e+00, 1.9781579589843750e+02,
    1.7193624749779701e-02, 6619392, -1, 1.4894992065429688e+02,
    1.3087973022460938e+02, 4.1703925132751465e+00,
    2.0219238281250000e+01, 2.1095104515552521e-02, 10813696, -1,
    1.5198162841796875e+02, 1.4406726074218750e+02,
    3.9233920574188232e+00, 3.1073886108398438e+02,
    1.7705667763948441e-02, 6357248, -1, 5.0824841308593750e+02,
    1.4945446777343750e+02, 4.3181843757629395e+00,
    3.5970404052734375e+02, 2.1784693002700806e-02, 13304064, -1,
    4.3069592285156250e+02, 8.3911338806152344e+01,
    5.4768257141113281e+00, 2.7037127685546875e+02,
    2.2173365578055382e-02, 13828608, -1, 2.5101594543457031e+02,
    9.0580970764160156e+01, 4.8903784751892090e+00,
    2.7804077148437500e+02, 3.4678615629673004e-02, 5636608, -1,
    5.0906103515625000e+02, 9.4915954589843750e+01,
    5.1482419967651367e+00, 3.5981668090820312e+02,
    2.4639353156089783e-02, 9306624, -1, 3.5256515502929688e+02,
    9.8811920166015625e+01, 4.7599968910217285e+00,
    1.6400444030761719e+02, 1.9776664674282074e-02, 3670528, -1,
    4.5451686859130859e+01, 1.2172376251220703e+02,
    4.0339045524597168e+00, 3.4907830810546875e+02,
    2.4308688938617706e-02, 8388864, -1, 1.7699929809570312e+02,
    1.3099143981933594e+02, 4.8953433036804199e+00,
    1.8105429077148438e+02, 2.2676976397633553e-02, 5702144, -1,
    3.9369677734375000e+02, 1.3039347839355469e+02,
    4.4321379661560059e+00, 1.8067358398437500e+02,
    2.3010242730379105e-02, 15204608, -1, 2.9003759765625000e+02,
    1.6001399230957031e+02, 5.2254948616027832e+00,
    8.9777160644531250e+01, 2.4989102035760880e-02, 10420736, -1,
    4.3237182617187500e+02, 1.6035905456542969e+02,
    5.8574290275573730e+00, 9.0059600830078125e+01,
    2.4313267320394516e-02, 1966848, -1, 1.8768785095214844e+02,
    1.6098377990722656e+02, 4.5898647308349609e+00,
    8.7319488525390625e+01, 1.8268378451466560e-02, 1049088, -1,
    2.1440509033203125e+02, 6.0681060791015625e+01,
    6.0482559204101562e+00, 2.6945144653320312e+02,
    2.2169604897499084e-02, 4260608, -1, 2.6618957519531250e+01,
    6.0801029205322266e+01, 6.0349173545837402e+00,
    2.7002563476562500e+02, 2.4132963269948959e-02, 4129536, -1,
    1.2592626953125000e+02, 6.0761196136474609e+01,
    5.9584441184997559e+00, 2.6982220458984375e+02,
    2.4090241640806198e-02, 3212032, -1, 4.8001733398437500e+02,
    6.0902370452880859e+01, 5.8314433097839355e+00,
    2.7004104614257812e+02, 2.3753715679049492e-02, 1639168, -1,
    1.7381996154785156e+02, 1.5597717285156250e+02,
    6.6522583961486816e+00, 1.1614576721191406e+02,
    3.8495805114507675e-02, 11141888, -1, 1.7381996154785156e+02,
    1.5597717285156250e+02, 6.6522583961486816e+00,
    6.8910705566406250e+01, 3.8495805114507675e-02, 11141888, -1,
    3.9064178466796875e+02, 1.5595343017578125e+02,
    6.7048149108886719e+00, 1.1562832641601562e+02,
    3.8106046617031097e-02, 11731712, -1, 3.9064178466796875e+02,
    1.5595343017578125e+02, 6.7048149108886719e+00,
    6.8673034667968750e+01, 3.8106046617031097e-02, 11731712, -1,
    2.4676220703125000e+02, 1.6032882690429688e+02,
    5.9047145843505859e+00, 8.9858398437500000e+01,
    2.4548463523387909e-02, 2556672, -1, 4.9466027832031250e+02,
    8.0494262695312500e+01, 8.3010482788085938e+00,
    3.4948599243164062e+02, 4.3507456779479980e-02, 10486017, -1,
    2.5950839233398438e+02, 8.5741432189941406e+01,
    8.2861413955688477e+00, 2.5542124938964844e+02,
    3.2125063240528107e-02, 10354945, -1, 2.9603372192382812e+02,
    8.9961845397949219e+01, 7.7794938087463379e+00,
    2.9713238525390625e+02, 4.0247749537229538e-02, 5767425, -1,
    2.9603372192382812e+02, 8.9961845397949219e+01,
    7.7794938087463379e+00, 2.4383111572265625e+02,
    4.0247749537229538e-02, 5767425, -1, 1.3249322509765625e+02,
    9.8311561584472656e+01, 8.3089323043823242e+00,
    1.8921325683593750e+01, 4.1966404765844345e-02, 10551553, -1,
    4.9483688354492188e+02, 1.1026404571533203e+02,
    8.6894216537475586e+00, 5.9370727539062500e+00,
    4.3801449239253998e-02, 13762817, -1, 1.3850952148437500e+02,
    8.3118576049804688e+01, 1.0572996139526367e+01,
    9.3575744628906250e+00, 4.2484898120164871e-02, 11272705, -1,
    4.2927700805664062e+02, 9.4408340454101562e+01,
    1.0864336967468262e+01, 2.8296853637695312e+02,
    5.4112080484628677e-02, 13238785, -1, 4.2927700805664062e+02,
    9.4408340454101562e+01, 1.0864336967468262e+01,
    1.8709246826171875e+02, 5.4112080484628677e-02, 13238785, -1,
    1.4639375305175781e+02, 9.5191711425781250e+01,
    9.9043512344360352e+00, 2.5245138549804688e+02,
    6.4374826848506927e-02, 6488577, -1, 1.4639375305175781e+02,
    9.5191711425781250e+01, 9.9043512344360352e+00,
    8.9270172119140625e+01, 6.4374826848506927e-02, 6488577, -1,
    3.6276864624023438e+02, 9.5120826721191406e+01,
    1.0286093711853027e+01, 2.5056637573242188e+02,
    6.5967597067356110e-02, 9241089, -1, 3.6276864624023438e+02,
    9.5120826721191406e+01, 1.0286093711853027e+01,
    8.9958587646484375e+01, 6.5967597067356110e-02, 9241089, -1,
    4.9936437988281250e+02, 9.5026916503906250e+01,
    1.1056852340698242e+01, 3.0320837402343750e+02,
    5.8065343648195267e-02, 14483969, -1, 4.9936437988281250e+02,
    9.5026916503906250e+01, 1.1056852340698242e+01,
    5.9129272460937500e+01, 5.8065343648195267e-02, 14483969, -1,
    1.6334808349609375e+02, 1.0583521270751953e+02,
    9.4920816421508789e+00, 2.5472891235351562e+02,
    6.3899360597133636e-02, 3473921, -1, 1.6334808349609375e+02,
    1.0583521270751953e+02, 9.4920816421508789e+00,
    9.5067260742187500e+01, 6.3899360597133636e-02, 3473921, -1,
    3.8022540283203125e+02, 1.0579301452636719e+02,
    9.4814004898071289e+00, 2.5347421264648438e+02,
    6.3663221895694733e-02, 3342849, -1, 3.8022540283203125e+02,
    1.0579301452636719e+02, 9.4814004898071289e+00,
    9.5600006103515625e+01, 6.3663221895694733e-02, 3342849, -1,
    4.9609237670898438e+02, 1.3424497985839844e+02,
    9.7837400436401367e+00, 3.4791799926757812e+02,
    4.1318926960229874e-02, 5636609, -1, 4.9609237670898438e+02,
    1.3424497985839844e+02, 9.7837400436401367e+00,
    3.1058117675781250e+02, 4.1318926960229874e-02, 5636609, -1,
    4.0334042358398438e+02, 1.5100794982910156e+02,
    9.9259567260742188e+00, 1.0071319580078125e+02,
    5.3711224347352982e-02, 6685185, -1, 4.8001007080078125e+02,
    7.2879768371582031e+01, 1.2896690368652344e+01,
    3.3228338623046875e+02, 6.5876245498657227e-02, 8913665, -1,
    4.8001007080078125e+02, 7.2879768371582031e+01,
    1.2896690368652344e+01, 1.9407530212402344e+02,
    6.5876245498657227e-02, 8913665, -1, 1.2409611511230469e+02,
    7.4227302551269531e+01, 1.4248458862304688e+01,
