%YAML:1.0
tag: [ 4.4215982055664062e+02, 1.2058802795410156e+02,
    2.3335084915161133e+00, 1.2843888854980469e+02,
    2.4971673265099525e-02, 2228991, -1, 1.8947164916992188e+02,
    7.0260597229003906e+01, 3.0345964431762695e+00,
    1.2597900390625000e+01, 2.8984129428863525e-02, 4523007, -1,
    3.6106396484375000e+02, 1.0795663452148438e+02,
    2.9402627944946289e+00, 2.2665783691406250e+02,
    2.9466498643159866e-02, 2229247, -1, 5.0988565063476562e+02,
    1.1789283752441406e+02, 3.4252083301544189e+00,
    7.0195251464843750e+01, 3.0649816617369652e-02, 13304831, -1,
    2.3835256958007812e+02, 1.2057346343994141e+02,
    2.7365739345550537e+00, 1.3217172241210938e+02,
    2.5484709069132805e-02, 13763327, -1, 5.4375476074218750e+02,
    1.8835502624511719e+02, 3.3629047870635986e+00,
    1.6291256713867188e+02, 5.4279513657093048e-02, 11928575, -1,
    1.5148406982421875e+02, 1.9858546447753906e+02,
    2.7740848064422607e+00, 3.7157958984375000e+01,
    2.6486450806260109e-02, 14746367, -1, 5.2883288574218750e+02,
    1.9949838256835938e+02, 2.9492366313934326e+00,
    6.9608764648437500e+01, 2.8921583667397499e-02, 2425855, -1,
    6.7456182861328125e+02, 1.9990090942382812e+02,
    3.5661532878875732e+00, 1.0605554199218750e+02,
    2.8632298111915588e-02, 16188415, -1, 5.0790826416015625e+02,
    1.0227354431152344e+02, 4.4619374275207520e+00,
    2.5155554199218750e+02, 3.3099424093961716e-02, 15663360, -1,
    5.4323779296875000e+02, 1.8970817565917969e+02,
    4.2033467292785645e+00, 4.8995849609375000e+01,
    5.3542684763669968e-02, 11403520, -1, 6.1091387939453125e+02,
    1.0042504119873047e+02, 5.4600272178649902e+00,
    2.7481924438476562e+02, 5.0997529178857803e-02, 13566464, -1,
    3.5076873779296875e+02, 1.0124261474609375e+02,
    5.4310841560363770e+00, 2.7511651611328125e+02,
    5.2909169346094131e-02, 13173248, -1, 6.1748278808593750e+02,
    1.0422721099853516e+02, 4.6748924255371094e+00,
    3.4655368041992188e+02, 5.4231062531471252e-02, 2359808, -1,
    6.1748278808593750e+02, 1.0422721099853516e+02,
    4.6748924255371094e+00, 2.2654698181152344e+02,
    5.4231062531471252e-02, 2359808, -1, 3.5736492919921875e+02,
    1.0528154754638672e+02, 4.8460998535156250e+00,
    3.4562063598632812e+02, 5.6383334100246429e-02, 4981248, -1,
    3.5736492919921875e+02, 1.0528154754638672e+02,
    4.8460998535156250e+00, 2.3287908935546875e+02,
    5.6383334100246429e-02, 4981248, -1, 6.4395318603515625e+02,
    1.1951319122314453e+02, 5.5312461853027344e+00,
    4.5120239257812500e+00, 5.5440403521060944e-02, 14483968, -1,
    6.4395318603515625e+02, 1.1951319122314453e+02,
    5.5312461853027344e+00, 9.4913024902343750e+01,
    5.5440403521060944e-02, 14483968, -1, 7.0255792236328125e+02,
    1.7842179870605469e+02, 5.8189296722412109e+00,
    3.5270443725585938e+02, 5.5990941822528839e-02, 1442560, -1,
    7.0255792236328125e+02, 1.7842179870605469e+02,
    5.8189296722412109e+00, 2.7375140380859375e+02,
    5.5990941822528839e-02, 1442560, -1, 2.3923236083984375e+02,
    1.9110476684570312e+02, 4.2429862022399902e+00,
    4.9024383544921875e+01, 5.3404405713081360e-02, 12058880, -1,
    4.1371978759765625e+02, 1.0662142944335938e+02,
    6.0115537643432617e+00, 3.1289797973632812e+02,
    5.3838457912206650e-02, 3801856, -1, 4.1371978759765625e+02,
    1.0662142944335938e+02, 6.0115537643432617e+00,
    2.3276296997070312e+02, 5.3838457912206650e-02, 3801856, -1,
    5.5222296142578125e+02, 1.9268408203125000e+02,
    6.9181799888610840e+00, 1.0107775878906250e+02,
    4.5204777270555496e-02, 13959936, -1, 2.4816729736328125e+02,
    1.9391011047363281e+02, 6.8455476760864258e+00,
    1.2987490844726562e+02, 4.6257752925157547e-02, 13239040, -1,
    2.4816729736328125e+02, 1.9391011047363281e+02,
    6.8455476760864258e+00, 1.0082775878906250e+02,
    4.6257752925157547e-02, 13239040, -1, 6.9094732666015625e+02,
    9.1458816528320312e+01, 9.2477903366088867e+00,
    3.5168286132812500e+02, 5.5610604584217072e-02, 1573377, -1,
    6.9094732666015625e+02, 9.1458816528320312e+01,
    9.2477903366088867e+00, 2.8654721069335938e+02,
    5.5610604584217072e-02, 1573377, -1, 6.9097601318359375e+02,
    1.2683784484863281e+02, 9.3133611679077148e+00,
    7.3732421875000000e+01, 5.5205229669809341e-02, 2097665, -1,
    6.9097601318359375e+02, 1.2683784484863281e+02,
    9.3133611679077148e+00, 9.0578613281250000e+00,
    5.5205229669809341e-02, 2097665, -1, 5.5400341796875000e+02,
    1.9196243286132812e+02, 8.6004552841186523e+00,
    9.8470092773437500e+01, 4.4512160122394562e-02, 13041921, -1,
    5.6139746093750000e+02, 2.0172285461425781e+02,
    7.2718734741210938e+00, 8.9516448974609375e+01,
    3.0645133927464485e-02, 852225, -1, 6.4748919677734375e+02,
    8.8029029846191406e+01, 1.2962523460388184e+01,
    1.8446775817871094e+02, 4.7518238425254822e-02, 9241345, -1,
    6.9279187011718750e+02, 1.6707345581054688e+02,
    1.0777195930480957e+01, 3.4541406250000000e+02,
    5.1542572677135468e-02, 12648961, -1, 6.9279187011718750e+02,
    1.6707345581054688e+02, 1.0777195930480957e+01,
    2.9261181640625000e+02, 5.1542572677135468e-02, 12648961, -1,
    5.3172570800781250e+02, 1.2586719512939453e+02,
    1.3937456130981445e+01, 2.5723971557617188e+02,
    7.7052123844623566e-02, 14484225, -1, 2.2768904113769531e+02,
    1.2712023162841797e+02, 1.3978144645690918e+01,
    2.5718530273437500e+02, 7.7055096626281738e-02, 14746369, -1,
    8.4699047851562500e+02, 5.8703487396240234e+01,
    1.6764123916625977e+01, 1.6844866943359375e+02,
    3.4528877586126328e-02, 11141378, -1, 8.4699047851562500e+02,
    5.8703487396240234e+01, 1.6764123916625977e+01,
    1.2341552734375000e+01, 3.4528877586126328e-02, 11141378, -1,
    8.0322338867187500e+02, 8.3047691345214844e+01,
    1.6523057937622070e+01, 3.1250576782226562e+02,
    3.4621000289916992e-02, 10092802, -1, 8.0322338867187500e+02,
    8.3047691345214844e+01, 1.6523057937622070e+01,
    1.0770349121093750e+02, 3.4621000289916992e-02, 10092802, -1,
    8.8888433837890625e+02, 8.3016471862792969e+01,
    1.6497432708740234e+01, 2.2737542724609375e+02,
    3.4376427531242371e-02, 10027266, -1, 8.8888433837890625e+02,
    8.3016471862792969e+01, 1.6497432708740234e+01,
    7.2141204833984375e+01, 3.4376427531242371e-02, 10027266, -1,
    1.9250405883789062e+02, 9.2791007995605469e+01,
    1.6663219451904297e+01, 1.0147979736328125e+01,
    5.0915960222482681e-02, 10748162, -1, 6.3459466552734375e+02,
    1.0866979217529297e+02, 1.5891855239868164e+01,
    2.6310543823242188e+02, 6.6422834992408752e-02, 7274754, -1,
    2.0411198425292969e+02, 1.1153413391113281e+02,
    1.5348143577575684e+01, 2.5150399780273438e+02,
    7.4972949922084808e-02, 4784386, -1, 2.0411198425292969e+02,
    1.1153413391113281e+02, 1.5348143577575684e+01,
    8.7845153808593750e+01, 7.4972949922084808e-02, 4784386, -1,
    5.0750292968750000e+02, 1.1028617858886719e+02,
    1.5677905082702637e+01, 2.5090997314453125e+02,
    7.6551653444766998e-02, 6291714, -1, 5.0750292968750000e+02,
    1.1028617858886719e+02, 1.5677905082702637e+01,
    8.5823120117187500e+01, 7.6551653444766998e-02, 6291714, -1,
    8.0329040527343750e+02, 1.3330780029296875e+02,
    1.6515813827514648e+01, 2.5237811279296875e+02,
    3.4469190984964371e-02, 10092802, -1, 8.0329040527343750e+02,
    1.3330780029296875e+02, 1.6515813827514648e+01,
    4.6973663330078125e+01, 3.4469190984964371e-02, 10092802, -1,
    8.8894451904296875e+02, 1.3339994812011719e+02,
    1.6564893722534180e+01, 2.8776025390625000e+02,
    3.4304682165384293e-02, 10289410, -1, 8.8894451904296875e+02,
    1.3339994812011719e+02, 1.6564893722534180e+01,
    1.3305694580078125e+02, 3.4304682165384293e-02, 10289410, -1,
    8.4688598632812500e+02, 1.5910180664062500e+02,
    1.7006170272827148e+01, 3.4704891967773438e+02,
    3.4456212073564529e-02, 12189954, -1, 8.4688598632812500e+02,
    1.5910180664062500e+02, 1.7006170272827148e+01,
