%YAML:1.0
tag: [ 4.0866787719726562e+02, 1.9070426940917969e+01,
    2.6668097972869873e+00, 3.5539099121093750e+02,
    3.4030985087156296e-02, 11862783, -1, 3.2964187622070312e+02,
    3.3936470031738281e+01, 3.1081211566925049e+00,
    4.8840332031250000e-01, 3.2776813954114914e-02, 6226943, -1,
    1.0109974670410156e+02, 4.8014045715332031e+01,
    3.2246787548065186e+00, 2.6952862548828125e+02,
    3.5668049007654190e-02, 8913919, -1, 2.8917129516601562e+02,
    4.7874404907226562e+01, 3.2205543518066406e+00,
    2.6949716186523438e+02, 3.5698432475328445e-02, 8848383, -1,
    3.2999081420898438e+02, 5.7014129638671875e+01,
    3.2730724811553955e+00, 1.3829345703125000e+00,
    3.3047512173652649e-02, 9962495, -1, 7.2924522399902344e+01,
    6.5681472778320312e+01, 3.2152130603790283e+00,
    1.1752014160156250e+01, 7.1670636534690857e-02, 8717311, -1,
    7.6725578308105469e+01, 6.8376777648925781e+01,
    3.3362400531768799e+00, 9.4548950195312500e+01,
    6.7578449845314026e-02, 11404287, -1, 3.6502810668945312e+02,
    1.8593223571777344e+01, 4.0922732353210449e+00,
    2.6474450683593750e+02, 6.5745174884796143e-02, 9437440, -1,
    4.1365173339843750e+02, 1.8974266052246094e+01,
    4.1257362365722656e+00, 8.8458251953125000e-01,
    5.6841876357793808e-02, 10027264, -1, 4.1365173339843750e+02,
    1.8974266052246094e+01, 4.1257362365722656e+00,
    2.7062200927734375e+02, 5.6841876357793808e-02, 10027264, -1,
    4.0968142700195312e+02, 2.4287700653076172e+01,
    3.9727127552032471e+00, 4.4562377929687500e+00,
    4.5094545930624008e-02, 7274752, -1, 3.3775164794921875e+02,
    2.7320688247680664e+01, 3.7555179595947266e+00,
    9.0267456054687500e+01, 3.6947548389434814e-02, 3211520, -1,
    3.6610656738281250e+02, 2.7937385559082031e+01,
    4.4440207481384277e+00, 9.2004669189453125e+01,
    5.0558689981698990e-02, 15401216, -1, 1.7165884399414062e+02,
    3.2632038116455078e+01, 4.5812697410583496e+00,
    2.4988084411621094e+02, 6.0110501945018768e-02, 918016, -1,
    1.7165884399414062e+02, 3.2632038116455078e+01,
    4.5812697410583496e+00, 2.1472659301757812e+02,
    6.0110501945018768e-02, 918016, -1, 1.8539880371093750e+02,
    3.2561725616455078e+01, 4.6988062858581543e+00,
    3.2261776733398438e+02, 5.9730213135480881e-02, 2687488, -1,
    1.8539880371093750e+02, 3.2561725616455078e+01,
    4.6988062858581543e+00, 2.9019384765625000e+02,
    5.9730213135480881e-02, 2687488, -1, 1.6627529907226562e+02,
    3.8025005340576172e+01, 3.9260241985321045e+00,
    2.6196380615234375e+02, 7.6272256672382355e-02, 6422784, -1,
    1.6627529907226562e+02, 3.8025005340576172e+01,
    3.9260241985321045e+00, 1.3393176269531250e+02,
    7.6272256672382355e-02, 6422784, -1, 1.8999186706542969e+02,
    3.8207752227783203e+01, 4.1922144889831543e+00,
    2.7523410034179688e+02, 7.7659703791141510e-02, 11206912, -1,
    1.8999186706542969e+02, 3.8207752227783203e+01,
    4.1922144889831543e+00, 4.7239257812500000e+01,
    7.7659703791141510e-02, 11206912, -1, 1.7102204895019531e+02,
    5.2266960144042969e+01, 3.9879653453826904e+00,
    1.9199113464355469e+02, 7.8052468597888947e-02, 7536896, -1,
    1.7102204895019531e+02, 5.2266960144042969e+01,
    3.9879653453826904e+00, 6.1943603515625000e+01,
    7.8052468597888947e-02, 7536896, -1, 1.8570977783203125e+02,
    5.1962650299072266e+01, 4.2566304206848145e+00,
    3.4981411743164062e+02, 7.6495133340358734e-02, 12255488, -1,
    1.8570977783203125e+02, 5.1962650299072266e+01,
    4.2566304206848145e+00, 1.1705203247070312e+02,
    7.6495133340358734e-02, 12255488, -1, 7.7393600463867188e+01,
    6.7982650756835938e+01, 3.9950184822082520e+00,
    9.6591308593750000e+01, 6.7977093160152435e-02, 7667968, -1,
    1.2364804840087891e+02, 6.7882781982421875e+01,
    4.1290845870971680e+00, 8.4599426269531250e+01,
    6.4000032842159271e-02, 10092800, -1, 1.3316052246093750e+02,
    6.7898735046386719e+01, 4.1426029205322266e+00,
    9.5593963623046875e+01, 6.0741994529962540e-02, 10289408, -1,
    2.6648217773437500e+02, 6.7705940246582031e+01,
    4.4728150367736816e+00, 9.3599395751953125e+01,
    6.0726031661033630e-02, 15859968, -1, 1.6742057800292969e+02,
    4.5734695434570312e+01, 4.8453021049499512e+00,
    1.8152207946777344e+02, 5.7249892503023148e-02, 4915712, -1,
    1.6742057800292969e+02, 4.5734695434570312e+01,
    4.8453021049499512e+00, 1.4413281250000000e+02,
    5.7249892503023148e-02, 4915712, -1, 1.7845088195800781e+02,
    5.3662414550781250e+01, 4.9097218513488770e+00,
    1.0947964477539062e+02, 5.7962771505117416e-02, 5898752, -1,
    1.7845088195800781e+02, 5.3662414550781250e+01,
    4.9097218513488770e+00, 6.8274200439453125e+01,
    5.7962771505117416e-02, 5898752, -1, 3.3564489746093750e+02,
    6.1647781372070312e+01, 5.9134831428527832e+00,
    1.4159243774414062e+02, 7.7926568686962128e-02, 2622208, -1,
    1.6642155456542969e+02, 6.2259410858154297e+01,
    5.0534710884094238e+00, 1.3643188476562500e+00,
    4.1364956647157669e-02, 7995904, -1, 6.6559288024902344e+01,
    6.7382209777832031e+01, 5.1807241439819336e+00,
    8.3182769775390625e+01, 5.8791659772396088e-02, 9765376, -1,
    8.1485069274902344e+01, 7.3703681945800781e+01,
    4.7490243911743164e+00, 9.0694915771484375e+01,
    3.5989992320537567e-02, 3473920, -1, 1.1965887451171875e+02,
    7.3700073242187500e+01, 4.7867212295532227e+00,
    8.9705078125000000e+01, 3.6397572606801987e-02, 4063744, -1,
    2.3033738708496094e+02, 7.3717468261718750e+01,
    4.8225088119506836e+00, 9.0250823974609375e+01,
    3.6062054336071014e-02, 4588032, -1, 2.6944256591796875e+02,
    7.3721755981445312e+01, 4.7748227119445801e+00,
    9.0245208740234375e+01, 3.5887032747268677e-02, 3867136, -1,
    3.0774850463867188e+02, 7.3717041015625000e+01,
    4.7935028076171875e+00, 8.9835723876953125e+01,
    3.5719048231840134e-02, 4194816, -1, 3.2483587646484375e+02,
    7.3743309020996094e+01, 4.8197793960571289e+00,
    8.9802124023437500e+01, 3.5888083279132843e-02, 4588032, -1,
    3.8472033691406250e+02, 7.3900245666503906e+01,
    4.6295790672302246e+00, 8.9848968505859375e+01,
    3.6950178444385529e-02, 1638912, -1, 3.9652090454101562e+02,
    3.5464298248291016e+01, 6.8223342895507812e+00,
    7.7631195068359375e+01, 6.7112296819686890e-02, 12976896, -1,
    3.9652090454101562e+02, 3.5464298248291016e+01,
    6.8223342895507812e+00, 6.5527343750000000e+00,
    6.7112296819686890e-02, 12976896, -1, 2.8845339965820312e+02,
    4.1341579437255859e+01, 6.6723680496215820e+00,
    1.6273866271972656e+02, 1.0742127150297165e-01, 11338496, -1,
    2.8845339965820312e+02, 4.1341579437255859e+01,
    6.6723680496215820e+00, 1.4296539306640625e+01,
    1.0742127150297165e-01, 11338496, -1, 1.0025579833984375e+02,
    4.1411434173583984e+01, 6.8255457878112793e+00,
    1.6520245361328125e+02, 1.0707463324069977e-01, 13042432, -1,
    1.0025579833984375e+02, 4.1411434173583984e+01,
    6.8255457878112793e+00, 1.5727905273437500e+01,
    1.0707463324069977e-01, 13042432, -1, 3.5391348266601562e+02,
    4.9965076446533203e+01, 6.7388358116149902e+00,
    3.3290902709960938e+02, 6.4947701990604401e-02, 12059392, -1,
    3.5391348266601562e+02, 4.9965076446533203e+01,
    6.7388358116149902e+00, 4.1120971679687500e+01,
    6.4947701990604401e-02, 12059392, -1, 9.4659812927246094e+01,
    6.3172828674316406e+01, 6.1975016593933105e+00,
    8.2708801269531250e+01, 6.2965303659439087e-02, 6030080, -1,
    9.4659812927246094e+01, 6.3172828674316406e+01,
    6.1975016593933105e+00, 2.9751617431640625e+01,
    6.2965303659439087e-02, 6030080, -1, 1.0614901733398438e+02,
    6.3250862121582031e+01, 6.3860139846801758e+00,
    1.4871621704101562e+02, 6.1980403959751129e-02, 8192768, -1,
    1.0614901733398438e+02, 6.3250862121582031e+01,
    6.3860139846801758e+00, 9.7294921875000000e+01,
    6.1980403959751129e-02, 8192768, -1, 2.8322442626953125e+02,
    6.3372852325439453e+01, 6.6181511878967285e+00,
