%YAML:1.0
tag: [ 2.6648318481445312e+02, 6.0070846557617188e+01,
    2.6064546108245850e+00, 1.9358459472656250e+01,
    2.6587178930640221e-02, 10224383, -1, 3.9455056762695312e+02,
    2.9431444168090820e+01, 3.2295043468475342e+00,
    2.3463476562500000e+02, 1.4522944577038288e-02, 9044991, -1,
    1.4989447021484375e+02, 4.5438671112060547e+01,
    2.9941396713256836e+00, 2.7623889160156250e+02,
    4.3594311922788620e-02, 3539967, -1, 2.6366076660156250e+02,
    4.5602439880371094e+01, 3.3155255317687988e+00,
    2.7469943237304688e+02, 4.7767940908670425e-02, 10945535, -1,
    2.6799218750000000e+02, 4.6281864166259766e+01,
    2.8498218059539795e+00, 2.3024270629882812e+02,
    4.1880760341882706e-02, 16712447, -1, 2.9600427246093750e+02,
    5.9542015075683594e+01, 3.2557942867279053e+00,
    1.0414428710937500e+00, 3.0339382588863373e-02, 9634815, -1,
    2.1365904235839844e+02, 7.1172309875488281e+01,
    3.2607440948486328e+00, 2.0038137817382812e+02,
    3.4560944885015488e-02, 9700351, -1, 7.3844108581542969e+01,
    2.5992826461791992e+01, 4.1007256507873535e+00,
    2.6958142089843750e+02, 2.7305450290441513e-02, 9568512, -1,
    1.2840745544433594e+02, 2.6015726089477539e+01,
    3.9862873554229736e+00, 2.6981994628906250e+02,
    2.6625279337167740e-02, 7536896, -1, 2.9202160644531250e+02,
    2.6029317855834961e+01, 3.9833800792694092e+00,
    2.6972741699218750e+02, 2.6112318038940430e-02, 7471360, -1,
    1.4702415466308594e+02, 4.0676288604736328e+01,
    4.0697665214538574e+00, 2.7072796630859375e+02,
    2.6283882558345795e-02, 9044224, -1, 2.6109597778320312e+02,
    4.0756088256835938e+01, 3.8740589618682861e+00,
    2.7083374023437500e+02, 2.4869332090020180e-02, 5439744, -1,
    2.6870870971679688e+02, 4.4316188812255859e+01,
    3.8878695964813232e+00, 2.4190414428710938e+02,
    4.0809076279401779e-02, 5701888, -1, 1.7816731262207031e+02,
    4.5704448699951172e+01, 4.1880793571472168e+00,
    3.0440313720703125e+02, 4.8812646418809891e-02, 11075840, -1,
    1.7816731262207031e+02, 4.5704448699951172e+01,
    4.1880793571472168e+00, 2.3971237182617188e+02,
    4.8812646418809891e-02, 11075840, -1, 3.1116195678710938e+02,
    4.8368564605712891e+01, 3.9416549205780029e+00,
    3.5942407226562500e+02, 2.4568852037191391e-02, 6750464, -1,
    7.8009521484375000e+01, 5.0405799865722656e+01,
    4.4368109703063965e+00, 1.9039367675781250e+01,
    5.0900187343358994e-02, 15270144, -1, 2.0944778442382812e+02,
    8.0053604125976562e+01, 4.0498957633972168e+00,
    2.7335815429687500e+00, 5.4774075746536255e-02, 8651008, -1,
    4.1943414306640625e+02, 8.0652336120605469e+01,
    4.2444677352905273e+00, 8.9334075927734375e+01,
    2.0524347200989723e-02, 12058880, -1, 3.1105911254882812e+02,
    8.3072860717773438e+01, 3.9346625804901123e+00,
    3.5988021850585938e+02, 2.3053741082549095e-02, 6619392, -1,
    1.0364751434326172e+02, 8.7126197814941406e+01,
    4.0424900054931641e+00, 1.1589468383789062e+02,
    4.6015072613954544e-02, 8519936, -1, 1.0364751434326172e+02,
    8.7126197814941406e+01, 4.0424900054931641e+00,
    6.9893493652343750e+01, 4.6015072613954544e-02, 8519936, -1,
    1.2830915832519531e+02, 9.0269050598144531e+01,
    3.8438210487365723e+00, 9.0289428710937500e+01,
    2.8123622760176659e-02, 4915456, -1, 1.4685021972656250e+02,
    9.0369956970214844e+01, 4.0132050514221191e+00,
    8.9750396728515625e+01, 2.7100481092929840e-02, 7995648, -1,
    1.7389877319335938e+02, 9.0241127014160156e+01,
    3.8429641723632812e+00, 9.0147277832031250e+01,
    2.8144154697656631e-02, 4915456, -1, 2.0110337829589844e+02,
    9.0350250244140625e+01, 4.0115180015563965e+00,
    9.0203186035156250e+01, 2.7416182681918144e-02, 7995648, -1,
    2.6183197021484375e+02, 9.0452743530273438e+01,
    4.0954613685607910e+00, 8.9462493896484375e+01,
    2.6740700006484985e-02, 9502976, -1, 3.0145181274414062e+02,
    3.8987426757812500e+01, 5.3923926353454590e+00,
    3.5062969970703125e+02, 5.0903476774692535e-02, 12648960, -1,
    3.0145181274414062e+02, 3.8987426757812500e+01,
    5.3923926353454590e+00, 2.8817587280273438e+02,
    5.0903476774692535e-02, 12648960, -1, 1.5512483215332031e+02,
    4.2402343750000000e+01, 5.0254015922546387e+00,
    2.5566458129882812e+02, 3.8481123745441437e-02, 7602688, -1,
    3.0144860839843750e+02, 5.7735218048095703e+01,
    5.3422102928161621e+00, 5.5541687011718750e+00,
    5.1594905555248260e-02, 11993600, -1, 3.0218252563476562e+02,
    7.4001747131347656e+01, 5.6262507438659668e+00,
    3.4809167480468750e+02, 4.8745404928922653e-02, 15729152, -1,
    3.0218252563476562e+02, 7.4001747131347656e+01,
    5.6262507438659668e+00, 2.9791723632812500e+02,
    4.8745404928922653e-02, 15729152, -1, 1.1173069763183594e+02,
    8.4475852966308594e+01, 6.0141768455505371e+00,
    4.2057800292968750e+00, 6.1802614480257034e-02, 3867392, -1,
    1.1173069763183594e+02, 8.4475852966308594e+01,
    6.0141768455505371e+00, 1.0265475463867188e+02,
    6.1802614480257034e-02, 3867392, -1, 2.4574584960937500e+02,
    8.4714927673339844e+01, 5.6873564720153809e+00,
    3.5600585937500000e+00, 6.0633797198534012e-02, 16515584, -1,
    2.4574584960937500e+02, 8.4714927673339844e+01,
    5.6873564720153809e+00, 1.0548574829101562e+02,
    6.0633797198534012e-02, 16515584, -1, 2.3744290161132812e+02,
    8.7869880676269531e+01, 4.7560629844665527e+00,
    1.0812324523925781e+02, 4.4723685830831528e-02, 3604992, -1,
    2.3744290161132812e+02, 8.7869880676269531e+01,
    4.7560629844665527e+00, 7.1740539550781250e+01,
    4.4723685830831528e-02, 3604992, -1, 2.8264932250976562e+02,
    3.9720500946044922e+01, 5.9576067924499512e+00,
    1.8509385681152344e+02, 4.5718640089035034e-02, 3146496, -1,
    8.2057365417480469e+01, 4.0646995544433594e+01,
    6.3611083030700684e+00, 9.0929565429687500e+00,
    5.3259842097759247e-02, 7930624, -1, 2.5991494750976562e+02,
    4.7356815338134766e+01, 6.5109839439392090e+00,
    2.7995559692382812e+02, 6.3124090433120728e-02, 9569024, -1,
    2.5991494750976562e+02, 4.7356815338134766e+01,
    6.5109839439392090e+00, 1.9032492065429688e+02,
    6.3124090433120728e-02, 9569024, -1, 2.1964743041992188e+02,
    4.8461933135986328e+01, 6.5439682006835938e+00,
    2.5130157470703125e+02, 7.8494586050510406e-02, 9962240, -1,
    2.7597833251953125e+02, 4.8428176879882812e+01,
    7.0882530212402344e+00, 2.5499261474609375e+02,
    7.1321152150630951e-02, 15729408, -1, 8.6012268066406250e+01,
    4.8550605773925781e+01, 6.1951813697814941e+00,
    2.5245388793945312e+02, 7.4623718857765198e-02, 6030080, -1,
    8.6012268066406250e+01, 4.8550605773925781e+01,
    6.1951813697814941e+00, 8.6813293457031250e+01,
    7.4623718857765198e-02, 6030080, -1, 9.6706954956054688e+01,
    5.5118499755859375e+01, 6.0990920066833496e+00,
    2.5390380859375000e+02, 7.3877334594726562e-02, 4850432, -1,
    9.6706954956054688e+01, 5.5118499755859375e+01,
    6.0990920066833496e+00, 9.4348022460937500e+01,
    7.3877334594726562e-02, 4850432, -1, 2.3082392883300781e+02,
    5.5131244659423828e+01, 6.0715017318725586e+00,
    2.5397680664062500e+02, 7.2390325367450714e-02, 4522752, -1,
    2.3082392883300781e+02, 5.5131244659423828e+01,
    6.0715017318725586e+00, 9.4470703125000000e+01,
    7.2390325367450714e-02, 4522752, -1, 3.6970736694335938e+02,
    2.5301166534423828e+01, 8.2339792251586914e+00,
    1.6752328491210938e+02, 3.2351788133382797e-02, 9896193, -1,
    3.6970736694335938e+02, 2.5301166534423828e+01,
    8.2339792251586914e+00, 1.1115600585937500e+01,
    3.2351788133382797e-02, 9896193, -1, 2.9195510864257812e+02,
    3.4168243408203125e+01, 8.3348464965820312e+00,
    3.3165689086914062e+02, 7.6053299009799957e-02, 10748161, -1,
    2.9195510864257812e+02, 3.4168243408203125e+01,
    8.3348464965820312e+00, 1.9394401550292969e+02,
    7.6053299009799957e-02, 10748161, -1, 3.8969317626953125e+02,
    3.6924163818359375e+01, 8.4208726882934570e+00,
