%YAML:1.0
tag: [ 7.2230422973632812e+01, 4.0778598785400391e+01,
    4.0379762649536133e+00, 1.2958435058593750e+01,
    1.6118187457323074e-02, 8454400, -1, 3.1399738311767578e+01,
    5.8831581115722656e+01, 4.2339267730712891e+00,
    3.4575869750976562e+02, 1.7843732610344887e-02, 11927808, -1,
    3.1399738311767578e+01, 5.8831581115722656e+01,
    4.2339267730712891e+00, 1.9314286804199219e+02,
    1.7843732610344887e-02, 11927808, -1, 2.2484024047851562e+02,
    2.5269390106201172e+01, 4.8184590339660645e+00,
    2.4651994323730469e+02, 1.5614381060004234e-02, 4522496, -1,
    2.1297538757324219e+02, 2.6800481796264648e+01,
    5.2906394004821777e+00, 1.8717388916015625e+02,
    2.1118380129337311e-02, 11272704, -1, 2.1145832824707031e+02,
    7.5969238281250000e+01, 4.4225950241088867e+00,
    3.5839218139648438e+02, 1.7791986465454102e-02, 15073536, -1,
    2.1145832824707031e+02, 7.5969238281250000e+01,
    4.4225950241088867e+00, 1.6898370361328125e+02,
    1.7791986465454102e-02, 15073536, -1, 2.0607411193847656e+02,
    8.1063652038574219e+01, 4.8335771560668945e+00,
    1.0575971984863281e+02, 2.0400334149599075e-02, 4784640, -1,
    2.0008204650878906e+02, 8.4586532592773438e+01,
    4.6021876335144043e+00, 1.0432083129882812e+02,
    1.5735540539026260e-02, 1245696, -1, 2.0008204650878906e+02,
    8.4586532592773438e+01, 4.6021876335144043e+00,
    6.2392272949218750e+01, 1.5735540539026260e-02, 1245696, -1,
    9.9802223205566406e+01, 8.8365402221679688e+01,
    5.1132683753967285e+00, 1.0376547241210938e+02,
    2.0266773179173470e-02, 8847872, -1, 9.9802223205566406e+01,
    8.8365402221679688e+01, 5.1132683753967285e+00,
    5.1593322753906250e+00, 2.0266773179173470e-02, 8847872, -1,
    2.4420925903320312e+02, 1.4773420333862305e+01,
    6.0914492607116699e+00, 3.4161819458007812e+02,
    1.5327920205891132e-02, 4784896, -1, 2.4420925903320312e+02,
    1.4773420333862305e+01, 6.0914492607116699e+00,
    3.1312521362304688e+02, 1.5327920205891132e-02, 4784896, -1,
    1.3191294860839844e+02, 2.5159746170043945e+01,
    6.4609169960021973e+00, 2.5993457031250000e+02,
    1.3881932944059372e-02, 9044736, -1, 1.4933918762207031e+02,
    2.6637010574340820e+01, 6.1558928489685059e+00,
    2.8988284301757812e+02, 1.5195000916719437e-02, 5571328, -1,
    1.2517634582519531e+02, 3.2491733551025391e+01,
    5.8291549682617188e+00, 2.6927725219726562e+02,
    1.8148725852370262e-02, 1573632, -1, 1.8954754638671875e+02,
    4.0315284729003906e+01, 7.1239471435546875e+00,
    2.3424447631835938e+02, 2.5624746456742287e-02, 16122624, -1,
    1.8954754638671875e+02, 4.0315284729003906e+01,
    7.1239471435546875e+00, 9.3685119628906250e+01,
    2.5624746456742287e-02, 16122624, -1, 2.4726573181152344e+02,
    4.1382526397705078e+01, 6.6450042724609375e+00,
    4.5465393066406250e+00, 1.5135372057557106e-02, 11076352, -1,
    1.7749743652343750e+02, 4.9777542114257812e+01,
    6.8002762794494629e+00, 3.5034796142578125e+02,
    2.1051585674285889e-02, 12714752, -1, 1.5984045028686523e+01,
    5.3724082946777344e+01, 5.9494814872741699e+00,
    1.6974578857421875e+02, 1.4286834746599197e-02, 3080960, -1,
    2.4988446044921875e+02, 6.2188201904296875e+01,
    6.6487550735473633e+00, 3.4423025512695312e+02,
    1.5941105782985687e-02, 11141888, -1, 2.1927233886718750e+02,
    7.8249153137207031e+01, 6.8159613609313965e+00,
    2.7802734375000000e+00, 2.5294259190559387e-02, 12911360, -1,
    1.7089091491699219e+02, 8.2579597473144531e+01,
    6.6776871681213379e+00, 1.6580541992187500e+02,
    2.7129426598548889e-02, 11404032, -1, 1.1314607238769531e+02,
    8.6308715820312500e+01, 6.0391821861267090e+00,
    4.5923461914062500e+00, 2.5121135637164116e-02, 4129536, -1,
    1.1314607238769531e+02, 8.6308715820312500e+01,
    6.0391821861267090e+00, 1.6926568603515625e+02,
    2.5121135637164116e-02, 4129536, -1, 1.0993280029296875e+02,
    1.6488983154296875e+01, 7.9667887687683105e+00,
    3.4647351074218750e+02, 2.8671061620116234e-02, 7471361, -1,
    1.0993280029296875e+02, 1.6488983154296875e+01,
    7.9667887687683105e+00, 1.8631036376953125e+02,
    2.8671061620116234e-02, 7471361, -1, 6.7862510681152344e+01,
    1.8828054428100586e+01, 7.9695420265197754e+00,
    3.4936502075195312e+02, 3.0240710824728012e-02, 7536897, -1,
    6.7862510681152344e+01, 1.8828054428100586e+01,
    7.9695420265197754e+00, 1.9878968811035156e+02,
    3.0240710824728012e-02, 7536897, -1, 1.9896928787231445e+01,
    2.0627122879028320e+01, 8.7118062973022461e+00,
    3.4326016235351562e+02, 3.2305426895618439e-02, 13959425, -1,
    1.9896928787231445e+01, 2.0627122879028320e+01,
    8.7118062973022461e+00, 1.7718809509277344e+02,
    3.2305426895618439e-02, 13959425, -1, 7.7566848754882812e+01,
    2.5799636840820312e+01, 7.7876448631286621e+00,
    3.5112997436523438e+02, 1.8645726144313812e-02, 5832961, -1,
    7.7566848754882812e+01, 2.5799636840820312e+01,
    7.7876448631286621e+00, 2.6505273437500000e+02,
    1.8645726144313812e-02, 5832961, -1, 1.8466990661621094e+02,
    2.9758375167846680e+01, 8.4233016967773438e+00,
    2.4772161865234375e+02, 2.6399170979857445e-02, 11534593, -1,
    2.4798263549804688e+02, 4.2064506530761719e+01,
    7.4019365310668945e+00, 2.5268066406250000e+01,
    1.5040754340589046e-02, 2162945, -1, 2.4798263549804688e+02,
    4.2064506530761719e+01, 7.4019365310668945e+00,
    8.8508300781250000e+00, 1.5040754340589046e-02, 2162945, -1,
    1.5789791870117188e+02, 4.6599334716796875e+01,
    7.8747329711914062e+00, 1.5699195861816406e+02,
    2.7635758742690086e-02, 6619393, -1, 1.5789791870117188e+02,
    4.6599334716796875e+01, 7.8747329711914062e+00,
    7.9928283691406250e+00, 2.7635758742690086e-02, 6619393, -1,
    8.5608650207519531e+01, 4.7181312561035156e+01,
    7.2925209999084473e+00, 2.2696191406250000e+02,
    2.5747109204530716e-02, 1114369, -1, 1.3764730834960938e+02,
    4.8183795928955078e+01, 7.8211312294006348e+00,
    1.6066043090820312e+02, 2.9061200097203255e-02, 6160641, -1,
    1.3764730834960938e+02, 4.8183795928955078e+01,
    7.8211312294006348e+00, 9.5883789062500000e+00,
    2.9061200097203255e-02, 6160641, -1, 1.8731745910644531e+02,
    5.2462207794189453e+01, 7.3690109252929688e+00,
    2.2738975524902344e+02, 2.0028969272971153e-02, 1835265, -1,
    8.0471115112304688e+01, 6.2760707855224609e+01,
    7.6691803932189941e+00, 2.2293887329101562e+02,
    1.9757563248276711e-02, 4718849, -1, 8.7752647399902344e+01,
    7.2623161315917969e+01, 8.1892948150634766e+00,
    1.8330781555175781e+02, 3.4133389592170715e-02, 9502977, -1,
    1.8900746154785156e+02, 8.0699317932128906e+01,
    8.9149942398071289e+00, 7.7828552246093750e+01,
    2.3103328421711922e-02, 15597825, -1, 1.4982000732421875e+02,
    8.2321914672851562e+01, 7.9822707176208496e+00,
    1.6698724365234375e+02, 2.8909150511026382e-02, 7602433, -1,
    1.4982000732421875e+02, 8.2321914672851562e+01,
    7.9822707176208496e+00, 6.9480895996093750e+00,
    2.8909150511026382e-02, 7602433, -1, 1.2903089904785156e+02,
    8.4264198303222656e+01, 7.3771514892578125e+00,
    5.7585144042968750e+00, 2.7171812951564789e-02, 1900801, -1,
    2.2365620422363281e+02, 1.5655308723449707e+01,
    1.0051650047302246e+01, 2.5447163391113281e+02,
    1.6225429251790047e-02, 7602689, -1, 2.2365620422363281e+02,
    1.5655308723449707e+01, 1.0051650047302246e+01,
    1.9225640869140625e+02, 1.6225429251790047e-02, 7602689, -1,
    4.3800228118896484e+01, 2.0629663467407227e+01,
    9.3166904449462891e+00, 3.3488305664062500e+02,
    3.0918763950467110e-02, 2097665, -1, 4.3800228118896484e+01,
    2.0629663467407227e+01, 9.3166904449462891e+00,
    2.0039392089843750e+02, 3.0918763950467110e-02, 2097665, -1,
    1.6179585266113281e+02, 3.2258712768554688e+01,
    1.0082767486572266e+01, 2.6743273925781250e+02,
    2.5126196444034576e-02, 7799297, -1, 2.1839314270019531e+02,
    3.2694458007812500e+01, 1.0958189010620117e+01,
