%YAML:1.0
tag: [ 8.1433296203613281e+01, 4.1711883544921875e+01,
    2.6379182338714600e+00, 1.3934265136718750e+01,
    3.0243910849094391e-02, 11076351, -1, 1.6329685974121094e+02,
    4.3719314575195312e+01, 2.6736032962799072e+00,
    2.3586193847656250e+02, 3.8008440285921097e-02, 12059391, -1,
    2.8016140747070312e+02, 4.5427825927734375e+01,
    2.4647586345672607e+00, 3.4802951049804688e+02,
    4.0893606841564178e-02, 6161151, -1, 1.7194224548339844e+02,
    4.8698215484619141e+01, 2.3393745422363281e+00,
    1.0185174560546875e+02, 2.2868622094392776e-02, 2425599, -1,
    3.6497360229492188e+02, 3.0288358688354492e+01,
    3.4546380043029785e+00, 3.0442846679687500e+02,
    1.4523010700941086e-02, 13894655, -1, 2.9239114379882812e+02,
    4.9909671783447266e+01, 3.4641263484954834e+00,
    7.8870910644531250e+01, 5.2648581564426422e-02, 14091263, -1,
    2.9239114379882812e+02, 4.9909671783447266e+01,
    3.4641263484954834e+00, 5.5697021484375000e+00,
    5.2648581564426422e-02, 14091263, -1, 2.0513192749023438e+02,
    5.2029079437255859e+01, 3.2829990386962891e+00,
    1.4106039428710938e+02, 2.6082403957843781e-02, 10224639, -1,
    5.2515724182128906e+01, 5.4419223785400391e+01,
    3.2034282684326172e+00, 1.6898619079589844e+02,
    2.9959147796034813e-02, 8455167, -1, 1.6055610656738281e+02,
    5.7684127807617188e+01, 3.4829132556915283e+00,
    1.0721252441406250e+01, 2.6661509647965431e-02, 14484479, -1,
    2.5181750488281250e+02, 7.0903770446777344e+01,
    3.1304814815521240e+00, 1.8850476074218750e+02,
    2.5286048650741577e-02, 6751231, -1, 1.1317556762695312e+02,
    7.1512100219726562e+01, 3.4607505798339844e+00,
    1.8941873168945312e+02, 2.5354333221912384e-02, 14025727, -1,
    2.3514665222167969e+02, 7.8875793457031250e+01,
    3.2847008705139160e+00, 3.1594903564453125e+02,
    2.0425312221050262e-02, 10224639, -1, 4.0695892333984375e+01,
    8.2420242309570312e+01, 3.3226215839385986e+00,
    1.3313262939453125e+01, 2.8948221355676651e-02, 11076607, -1,
    7.4746459960937500e+01, 8.2846824645996094e+01,
    3.3400707244873047e+00, 1.6504394531250000e+01,
    2.7952644973993301e-02, 11469823, -1, 1.5564212036132812e+02,
    3.8633003234863281e+01, 3.9639861583709717e+00,
    2.7058078002929688e+02, 2.5813715532422066e-02, 7143680, -1,
    2.7397616577148438e+02, 3.8586399078369141e+01,
    3.9274041652679443e+00, 2.7011474609375000e+02,
    2.5651652365922928e-02, 6488320, -1, 2.9746856689453125e+02,
    4.6179965972900391e+01, 4.2762103080749512e+00,
    1.8007730102539062e+02, 5.4947290569543839e-02, 12583168, -1,
    3.2570181274414062e+02, 4.6298442840576172e+01,
    3.9845402240753174e+00, 3.5973977661132812e+02,
    2.5466425344347954e-02, 7536896, -1, 2.9220837402343750e+02,
    4.9734230041503906e+01, 3.6514396667480469e+00,
    7.5038604736328125e+01, 5.2323989570140839e-02, 1179904, -1,
    4.3791741943359375e+02, 7.9589645385742188e+01,
    3.9983913898468018e+00, 9.4839630126953125e+01,
    1.9330224022269249e-02, 7733504, -1, 1.3657728576660156e+02,
    8.9563247680664062e+01, 4.0019621849060059e+00,
    8.9602355957031250e+01, 2.7025306597352028e-02, 7799040, -1,
    4.8955200195312500e+01, 2.3144752502441406e+01,
    4.5454874038696289e+00, 2.7026473999023438e+02,
    2.7609881013631821e-02, 328192, -1, 3.1582650756835938e+02,
    3.6667148590087891e+01, 5.5165052413940430e+00,
    3.5066845703125000e+02, 5.0888516008853912e-02, 14352896, -1,
    3.1582650756835938e+02, 3.6667148590087891e+01,
    5.5165052413940430e+00, 2.8634619140625000e+02,
    5.0888516008853912e-02, 14352896, -1, 1.6427017211914062e+02,
    4.0170944213867188e+01, 5.2253222465515137e+00,
    2.5659960937500000e+02, 3.6767996847629547e-02, 10420736, -1,
    2.9655255126953125e+02, 3.8074684143066406e+01,
    5.8489956855773926e+00, 1.8360086059570312e+02,
    4.4222284108400345e-02, 1835776, -1, 2.8211721801757812e+02,
    4.1147346496582031e+01, 4.8417258262634277e+00,
    2.4969400024414062e+02, 3.7204239517450333e-02, 4915712, -1,
    1.8840829467773438e+02, 4.3095565795898438e+01,
    4.7644567489624023e+00, 2.9694848632812500e+02,
    4.6757198870182037e-02, 3736064, -1, 8.4566322326660156e+01,
    4.9130760192871094e+01, 5.0076212882995605e+00,
    1.8249847412109375e+01, 4.9437418580055237e-02, 7340544, -1,
    3.1585928344726562e+02, 5.6158733367919922e+01,
    5.5679049491882324e+00, 7.3709503173828125e+01,
    5.0263624638319016e-02, 15008256, -1, 3.1585928344726562e+02,
    5.6158733367919922e+01, 5.5679049491882324e+00,
    6.1831054687500000e+00, 5.0263624638319016e-02, 15008256, -1,
    1.1105204010009766e+02, 8.7134620666503906e+01,
    4.7794041633605957e+00, 1.0649873352050781e+02,
    4.3063562363386154e-02, 3932672, -1, 1.1105204010009766e+02,
    8.7134620666503906e+01, 4.7794041633605957e+00,
    7.4287017822265625e+01, 4.3063562363386154e-02, 3932672, -1,
    2.4961294555664062e+02, 8.7012847900390625e+01,
    4.6451272964477539e+00, 1.1028210449218750e+02,
    4.3140646070241928e-02, 1901056, -1, 2.4961294555664062e+02,
    8.7012847900390625e+01, 4.6451272964477539e+00,
    7.2720520019531250e+01, 4.3140646070241928e-02, 1901056, -1,
    2.9623629760742188e+02, 3.7397747039794922e+01,
    6.3237853050231934e+00, 1.8436859130859375e+02,
    4.3908782303333282e-02, 7471872, -1, 8.9109954833984375e+01,
    3.7856010437011719e+01, 6.9123315811157227e+00,
    8.6043701171875000e+00, 5.0309818238019943e-02, 13894400, -1,
    1.5472058105468750e+02, 4.5462017059326172e+01,
    6.9137239456176758e+00, 2.7579855346679688e+02,
    5.7842448353767395e-02, 13959936, -1, 2.7272924804687500e+02,
    4.5292243957519531e+01, 6.7459425926208496e+00,
    2.7850170898437500e+02, 6.1068601906299591e-02, 12190464, -1,
    2.7272924804687500e+02, 4.5292243957519531e+01,
    6.7459425926208496e+00, 1.8848654174804688e+02,
    6.1068601906299591e-02, 12190464, -1, 9.3103462219238281e+01,
    4.6444221496582031e+01, 6.5175766944885254e+00,
    2.5512078857421875e+02, 7.2972215712070465e-02, 9700096, -1,
    2.3129405212402344e+02, 4.6372573852539062e+01,
    6.8198924064636230e+00, 2.5147203063964844e+02,
    7.7181935310363770e-02, 12976896, -1, 1.0387616729736328e+02,
    5.3293785095214844e+01, 6.3646082878112793e+00,
    2.5449589538574219e+02, 7.0431903004646301e-02, 7930624, -1,
    1.0387616729736328e+02, 5.3293785095214844e+01,
    6.3646082878112793e+00, 9.3011413574218750e+01,
    7.0431903004646301e-02, 7930624, -1, 2.4262770080566406e+02,
    5.3263370513916016e+01, 6.3106756210327148e+00,
    2.5501332092285156e+02, 7.1093894541263580e-02, 7340800, -1,
    2.4262770080566406e+02, 5.3263370513916016e+01,
    6.3106756210327148e+00, 9.4435333251953125e+01,
    7.1093894541263580e-02, 7340800, -1, 3.1669564819335938e+02,
    7.1999031066894531e+01, 6.5318427085876465e+00,
    3.4953091430664062e+02, 4.7002062201499939e-02, 9831168, -1,
    3.1669564819335938e+02, 7.1999031066894531e+01,
    6.5318427085876465e+00, 3.0681243896484375e+02,
    4.7002062201499939e-02, 9831168, -1, 1.1953467559814453e+02,
    8.3734580993652344e+01, 6.1242704391479492e+00,
    1.0334375000000000e+02, 6.0996115207672119e-02, 5178112, -1,
    2.5796093750000000e+02, 8.3764770507812500e+01,
    6.0316987037658691e+00, 1.0195666503906250e+02,
    5.8875449001789093e-02, 4064000, -1, 3.8616754150390625e+02,
    2.1918674468994141e+01, 8.7723197937011719e+00,
    1.7031741333007812e+02, 3.1894024461507797e-02, 14418177, -1,
    3.8616754150390625e+02, 2.1918674468994141e+01,
    8.7723197937011719e+00, 1.0851013183593750e+01,
    3.1894024461507797e-02, 14418177, -1, 3.0599761962890625e+02,
    3.1640398025512695e+01, 8.6530790328979492e+00,
    3.3564111328125000e+02, 7.3561199009418488e-02, 13435137, -1,
    3.0599761962890625e+02, 3.1640398025512695e+01,
    8.6530790328979492e+00, 1.9339172363281250e+02,
    7.3561199009418488e-02, 13435137, -1, 3.6523788452148438e+02,
    3.4357540130615234e+01, 8.7069425582885742e+00,
