%YAML:1.0
tag: [ 2.4379742431640625e+02, 2.2669471740722656e+01,
    2.6361031532287598e+00, 2.2679486083984375e+02,
    5.1238499581813812e-02, 11076351, -1, 2.5382998657226562e+02,
    2.6463541030883789e+01, 2.8614523410797119e+00,
    7.4963226318359375e+01, 5.8692518621683121e-02, 263167, -1,
    2.5382998657226562e+02, 2.6463541030883789e+01,
    2.8614523410797119e+00, 5.9232177734375000e+00,
    5.8692518621683121e-02, 263167, -1, 6.9526519775390625e+01,
    4.4114480018615723e+00, 3.2692108154296875e+00,
    2.7013055419921875e+02, 2.8954789042472839e-02, 9896959, -1,
    1.1822373962402344e+02, 4.4100689888000488e+00,
    3.2285745143890381e+00, 2.6980743408203125e+02,
    2.8584921732544899e-02, 8979455, -1, 2.6530465698242188e+02,
    4.4435033798217773e+00, 3.1539397239685059e+00,
    2.7021752929687500e+02, 2.8959538787603378e-02, 7275519, -1,
    1.3567703247070312e+02, 1.7419067382812500e+01,
    3.2327618598937988e+00, 2.6985592651367188e+02,
    2.8039967641234398e-02, 9110527, -1, 2.3780755615234375e+02,
    1.7453916549682617e+01, 3.1693472862243652e+00,
    2.7024530029296875e+02, 2.7538651600480080e-02, 7668735, -1,
    9.5722862243652344e+01, 5.6799465179443359e+01,
    2.9969491958618164e+00, 6.1837127685546875e+01,
    5.1795963197946548e-02, 3605503, -1, 2.6609091186523438e+02,
    6.0068950653076172e+01, 3.5194725990295410e+00,
    1.1141304016113281e+02, 2.6553699746727943e-02, 15270911, -1,
    1.1795237731933594e+02, 5.9858592987060547e+01,
    3.2161538600921631e+00, 9.0290374755859375e+01,
    2.9284061864018440e-02, 8717311, -1, 1.3587046813964844e+02,
    5.9834026336669922e+01, 3.2157597541809082e+00,
    8.9982940673828125e+01, 2.9705926775932312e-02, 8717311, -1,
    1.5969091796875000e+02, 5.9843360900878906e+01,
    3.2360744476318359e+00, 9.0126678466796875e+01,
    2.9777331277728081e-02, 9176063, -1, 1.8323855590820312e+02,
    5.9845897674560547e+01, 3.2055585384368896e+00,
    9.0179199218750000e+01, 2.9007744044065475e-02, 8455167, -1,
    2.3841398620605469e+02, 5.9824501037597656e+01,
    3.2240338325500488e+00, 8.9954162597656250e+01,
    2.9510527849197388e-02, 8913919, -1, 2.7310534667968750e+02,
    1.5698044776916504e+01, 4.5162634849548340e+00,
    3.5499908447265625e+02, 5.3328089416027069e-02, 16580864, -1,
    2.7310534667968750e+02, 1.5698044776916504e+01,
    4.5162634849548340e+00, 2.8348101806640625e+02,
    5.3328089416027069e-02, 16580864, -1, 1.6323396301269531e+02,
    2.1297853469848633e+01, 3.9654138088226318e+00,
    3.0390527343750000e+02, 5.1904667168855667e-02, 7143680, -1,
    1.6323396301269531e+02, 2.1297853469848633e+01,
    3.9654138088226318e+00, 2.4052267456054688e+02,
    5.1904667168855667e-02, 7143680, -1, 7.2731468200683594e+01,
    2.5397710800170898e+01, 4.4127531051635742e+00,
    1.7382019042968750e+01, 5.4093699902296066e-02, 14876928, -1,
    7.9885894775390625e+01, 2.3965410232543945e+01,
    5.2769789695739746e+00, 2.5221093750000000e+02,
    8.1039093434810638e-02, 11141632, -1, 7.9885894775390625e+01,
    2.3965410232543945e+01, 5.2769789695739746e+00,
    8.3491241455078125e+01, 8.1039093434810638e-02, 11141632, -1,
    1.9996426391601562e+02, 2.3862373352050781e+01,
    5.5222830772399902e+00, 2.5080043029785156e+02,
    8.3327583968639374e-02, 14418432, -1, 1.9996426391601562e+02,
    2.3862373352050781e+01, 5.5222830772399902e+00,
    8.3831512451171875e+01, 8.3327583968639374e-02, 14418432, -1,
    8.9719978332519531e+01, 2.9567815780639648e+01,
    5.4039130210876465e+00, 2.5633538818359375e+02,
    7.4264332652091980e-02, 12845568, -1, 2.1008226013183594e+02,
    2.9585391998291016e+01, 5.3264560699462891e+00,
    2.5585922241210938e+02, 7.3863692581653595e-02, 11796992, -1,
    2.7327993774414062e+02, 3.2046855926513672e+01,
    4.8353018760681152e+00, 5.7763061523437500e+00,
    5.3185135126113892e-02, 4784640, -1, 2.7404071044921875e+02,
    4.5885082244873047e+01, 5.2258067131042480e+00,
    3.4833456420898438e+02, 5.0395969301462173e-02, 10420736, -1,
    2.7404071044921875e+02, 4.5885082244873047e+01,
    5.2258067131042480e+00, 3.0158056640625000e+02,
    5.0395969301462173e-02, 10420736, -1, 1.0277676391601562e+02,
    5.5347312927246094e+01, 5.1766066551208496e+00,
    2.9336853027343750e+00, 6.6999509930610657e-02, 9699840, -1,
    1.0277676391601562e+02, 5.5347312927246094e+01,
    5.1766066551208496e+00, 1.0956571960449219e+02,
    6.6999509930610657e-02, 9699840, -1, 2.2285496520996094e+02,
    5.5387447357177734e+01, 5.1223320960998535e+00,
    2.9800415039062500e+00, 6.7074328660964966e-02, 8978944, -1,
    2.2285496520996094e+02, 5.5387447357177734e+01,
    5.1223320960998535e+00, 1.0954652404785156e+02,
    6.7074328660964966e-02, 8978944, -1, 2.6509658813476562e+02,
    1.1067315101623535e+01, 7.1231331825256348e+00,
    3.4066262817382812e+02, 7.8808642923831940e-02, 16122624, -1,
    2.6509658813476562e+02, 1.1067315101623535e+01,
    7.1231331825256348e+00, 1.8922212219238281e+02,
    7.8808642923831940e-02, 16122624, -1, 7.6360603332519531e+01,
    1.6718814849853516e+01, 6.0136914253234863e+00,
    8.1698608398437500e+00, 5.2645035088062286e-02, 3867392, -1,
    1.3490486145019531e+02, 2.3181869506835938e+01,
    6.1442904472351074e+00, 2.7558117675781250e+02,
    6.3341699540615082e-02, 5374720, -1, 2.3698780822753906e+02,
    2.2880216598510742e+01, 5.7181262969970703e+00,
    2.7925183105468750e+02, 6.6235221922397614e-02, 197376, -1,
    2.3698780822753906e+02, 2.2880216598510742e+01,
    5.7181262969970703e+00, 1.8987135314941406e+02,
    6.6235221922397614e-02, 197376, -1, 2.5109542846679688e+02,
    2.3694156646728516e+01, 6.1835856437683105e+00,
    2.5790689086914062e+02, 7.6172195374965668e-02, 5899008, -1,
    2.5109542846679688e+02, 2.3694156646728516e+01,
    6.1835856437683105e+00, 6.1598937988281250e+01,
    7.6172195374965668e-02, 5899008, -1, 2.7581219482421875e+02,
    2.3697137832641602e+01, 6.1818547248840332e+00,
    3.0453793334960938e+02, 7.1695297956466675e-02, 5833472, -1,
    2.7581219482421875e+02, 2.3697137832641602e+01,
    6.1818547248840332e+00, 5.6838104248046875e+01,
    7.1695297956466675e-02, 5833472, -1, 1.1838204193115234e+02,
    5.3266742706298828e+01, 7.0770988464355469e+00,
    3.9027099609375000e+00, 7.7593922615051270e-02, 15598336, -1,
    1.1838204193115234e+02, 5.3266742706298828e+01,
    7.0770988464355469e+00, 1.7626756286621094e+02,
    7.7593922615051270e-02, 15598336, -1, 1.8278839111328125e+02,
    5.3311756134033203e+01, 7.1499705314636230e+00,
    1.7644787597656250e+02, 7.7785618603229523e-02, 16384768, -1,
    2.7456262207031250e+02, 5.4600078582763672e+01,
    6.8178200721740723e+00, 3.1248773193359375e+02,
    7.6844744384288788e-02, 12911360, -1, 2.7456262207031250e+02,
    5.4600078582763672e+01, 6.8178200721740723e+00,
    8.5827545166015625e+01, 7.6844744384288788e-02, 12911360, -1,
    1.6029415893554688e+02, 6.3118419647216797e+01,
    6.5629725456237793e+00, 9.1060852050781250e+01,
    2.5910399854183197e-02, 10158848, -1, 1.5442447662353516e+01,
    1.2712425231933594e+01, 8.8405570983886719e+00,
    3.4194403076171875e+02, 8.3495028316974640e-02, 15008001, -1,
    1.5442447662353516e+01, 1.2712425231933594e+01,
    8.8405570983886719e+00, 1.7246316528320312e+02,
    8.3495028316974640e-02, 15008001, -1, 6.8125602722167969e+01,
    1.2014702796936035e+01, 7.9648299217224121e+00,
    4.8376464843750000e-01, 8.1808365881443024e-02, 7471361, -1,
    6.8125602722167969e+01, 1.2014702796936035e+01,
    7.9648299217224121e+00, 2.0185494995117188e+02,
    8.1808365881443024e-02, 7471361, -1, 1.1819594573974609e+02,
    1.2348006248474121e+01, 8.2083568572998047e+00,
    3.4964913940429688e+02, 8.2895919680595398e-02, 9634049, -1,
    1.1819594573974609e+02, 1.2348006248474121e+01,
    8.2083568572998047e+00, 1.8598695373535156e+02,
    8.2895919680595398e-02, 9634049, -1, 1.3711016845703125e+02,
    2.6783998489379883e+01, 9.0916261672973633e+00,
