%YAML:1.0
tag: [ 3.6205804443359375e+02, 3.2544601440429688e+01,
    2.2274701595306396e+00, 1.0437744140625000e+01,
    7.7585034072399139e-02, 15598079, -1, 3.3746932983398438e+02,
    4.1269657135009766e+01, 3.0875508785247803e+00,
    2.6993893432617188e+02, 4.6911977231502533e-02, 5768191, -1,
    3.6043112182617188e+02, 2.2296747207641602e+01,
    3.1910903453826904e+00, 3.2299874877929688e+02,
    8.6571544408798218e-02, 8127487, -1, 3.6043112182617188e+02,
    2.2296747207641602e+01, 3.1910903453826904e+00,
    1.8413023376464844e+02, 8.6571544408798218e-02, 8127487, -1,
    1.7858520507812500e+02, 2.7645399093627930e+01,
    3.4188683032989502e+00, 3.3888708496093750e+02,
    1.0479427129030228e-01, 13173759, -1, 1.7858520507812500e+02,
    2.7645399093627930e+01, 3.4188683032989502e+00,
    2.0226718139648438e+02, 1.0479427129030228e-01, 13173759, -1,
    2.8852636718750000e+02, 3.4187522888183594e+01,
    3.4785563945770264e+00, 1.5923307800292969e+02,
    1.0236784815788269e-01, 14418943, -1, 2.8852636718750000e+02,
    3.4187522888183594e+01, 3.4785563945770264e+00,
    2.0972900390625000e+01, 1.0236784815788269e-01, 14418943, -1,
    1.0464608001708984e+02, 3.5443805694580078e+01,
    3.0834472179412842e+00, 1.6275733947753906e+02,
    5.0050217658281326e-02, 5702655, -1, 1.9147380065917969e+02,
    3.7652858734130859e+01, 3.4187633991241455e+00,
    2.7328451538085938e+02, 1.0814349353313446e-01, 13108223, -1,
    1.9147380065917969e+02, 3.7652858734130859e+01,
    3.4187633991241455e+00, 4.8431976318359375e+01,
    1.0814349353313446e-01, 13108223, -1, 7.4702812194824219e+01,
    5.9159950256347656e+01, 3.5845451354980469e+00,
    1.9621600341796875e+02, 1.0517361015081406e-01, 16581631, -1,
    7.4702812194824219e+01, 5.9159950256347656e+01,
    3.5845451354980469e+00, 1.1565093994140625e+01,
    1.0517361015081406e-01, 16581631, -1, 7.2756423950195312e+01,
    6.6128143310546875e+01, 3.0149018764495850e+00,
    1.9124526977539062e+02, 1.0123848170042038e-01, 4064255, -1,
    7.2756423950195312e+01, 6.6128143310546875e+01,
    3.0149018764495850e+00, 1.3365661621093750e+01,
    1.0123848170042038e-01, 4064255, -1, 3.6506552124023438e+02,
    1.8272008895874023e+01, 4.0199041366577148e+00,
    2.6366894531250000e+02, 8.9118026196956635e-02, 8126720, -1,
    4.1363623046875000e+02, 1.8898645401000977e+01,
    3.9539825916290283e+00, 6.5350341796875000e-01,
    8.8825441896915436e-02, 6947072, -1, 4.0970373535156250e+02,
    2.4051124572753906e+01, 4.0228705406188965e+00,
    5.3891296386718750e+00, 5.8611605316400528e-02, 8192256, -1,
    8.9107200622558594e+01, 2.5895339965820312e+01,
    3.8502469062805176e+00, 1.9965040588378906e+02,
    5.2806105464696884e-02, 5046528, -1, 3.0512026977539062e+02,
    2.6190876007080078e+01, 3.7716679573059082e+00,
    3.4306555175781250e+02, 5.4031543433666229e-02, 3539200, -1,
    1.7173928833007812e+02, 3.3000293731689453e+01,
    4.2926211357116699e+00, 2.5938867187500000e+02,
    8.3180591464042664e-02, 12910848, -1, 1.7173928833007812e+02,
    3.3000293731689453e+01, 4.2926211357116699e+00,
    2.0670138549804688e+02, 8.3180591464042664e-02, 12910848, -1,
    2.7527426147460938e+02, 3.2974666595458984e+01,
    4.2899241447448730e+00, 1.9901747131347656e+02,
    5.3406562656164169e-02, 12845312, -1, 3.2938122558593750e+02,
    3.4622825622558594e+01, 3.6495988368988037e+00,
    3.5836419677734375e+02, 3.7106845527887344e-02, 1179904, -1,
    1.6643925476074219e+02, 3.8046520233154297e+01,
    4.1081290245056152e+00, 2.6361471557617188e+02,
    1.0684531182050705e-01, 9699584, -1, 1.6643925476074219e+02,
    3.8046520233154297e+01, 4.1081290245056152e+00,
    1.3292356872558594e+02, 1.0684531182050705e-01, 9699584, -1,
    1.9080598449707031e+02, 3.7891014099121094e+01,
    3.7917370796203613e+00, 2.7726089477539062e+02,
    1.0758351534605026e-01, 3932416, -1, 1.9080598449707031e+02,
    3.7891014099121094e+01, 3.7917370796203613e+00,
    4.7195495605468750e+01, 1.0758351534605026e-01, 3932416, -1,
    1.6781703186035156e+02, 4.5407474517822266e+01,
    4.3439097404479980e+00, 1.8873483276367188e+02,
    8.1057764589786530e-02, 13762816, -1, 1.6781703186035156e+02,
    4.5407474517822266e+01, 4.3439097404479980e+00,
    1.3502352905273438e+02, 8.1057764589786530e-02, 13762816, -1,
    2.7113635253906250e+02, 4.6784343719482422e+01,
    3.9304966926574707e+00, 1.9925210571289062e+02,
    5.2914083003997803e-02, 6488320, -1, 1.7117636108398438e+02,
    5.1960857391357422e+01, 4.2067046165466309e+00,
    1.9276446533203125e+02, 1.0135222226381302e-01, 11403520, -1,
    1.7117636108398438e+02, 5.1960857391357422e+01,
    4.2067046165466309e+00, 6.1723907470703125e+01,
    1.0135222226381302e-01, 11403520, -1, 1.8634564208984375e+02,
    5.2744377136230469e+01, 3.9004285335540771e+00,
    1.1786505126953125e+02, 1.0246950387954712e-01, 5964032, -1,
    2.6895648193359375e+02, 5.3496921539306641e+01,
    3.6224343776702881e+00, 1.9810736083984375e+02,
    5.3076263517141342e-02, 590080, -1, 9.3472167968750000e+01,
    6.2227664947509766e+01, 4.2908968925476074e+00,
    2.1379333496093750e+01, 8.5177622735500336e-02, 12845312, -1,
    6.7637512207031250e+01, 6.7693946838378906e+01,
    4.1767115592956543e+00, 8.0541412353515625e+01,
    7.7081948518753052e-02, 10879232, -1, 7.7458740234375000e+01,
    6.7788024902343750e+01, 4.1193199157714844e+00,
    9.6973236083984375e+01, 8.5621528327465057e-02, 9896192, -1,
    1.2351651763916016e+02, 6.7760200500488281e+01,
    4.3503546714782715e+00, 8.5232177734375000e+01,
    8.1056810915470123e-02, 13828352, -1, 3.1152993774414062e+02,
    6.7835189819335938e+01, 4.1819052696228027e+00,
    8.6061035156250000e+01, 7.8854665160179138e-02, 11010304, -1,
    1.7848243713378906e+02, 5.3572845458984375e+01,
    4.8082251548767090e+00, 1.0980783081054688e+02,
    7.9717218875885010e-02, 4391424, -1, 1.7848243713378906e+02,
    5.3572845458984375e+01, 4.8082251548767090e+00,
    6.8555877685546875e+01, 7.9717218875885010e-02, 4391424, -1,
    3.3574981689453125e+02, 6.1665153503417969e+01,
    5.7728929519653320e+00, 1.4008926391601562e+02,
    1.0258561372756958e-01, 918272, -1, 1.6635864257812500e+02,
    6.1923892974853516e+01, 5.0862598419189453e+00,
    1.1592102050781250e+00, 5.4627921432256699e-02, 8454656, -1,
    1.0650658416748047e+02, 6.3220420837402344e+01,
    5.8009471893310547e+00, 1.4827665710449219e+02,
    8.2587093114852905e-02, 1245952, -1, 1.0650658416748047e+02,
    6.3220420837402344e+01, 5.8009471893310547e+00,
    1.0180151367187500e+02, 8.2587093114852905e-02, 1245952, -1,
    2.8313558959960938e+02, 6.3429862976074219e+01,
    6.4557328224182129e+00, 8.2494476318359375e+01,
    8.1324405968189240e-02, 8979200, -1, 2.8313558959960938e+02,
    6.3429862976074219e+01, 6.4557328224182129e+00,
    3.6235321044921875e+01, 8.1324405968189240e-02, 8979200, -1,
    2.9404412841796875e+02, 6.3455749511718750e+01,
    6.4820299148559570e+00, 1.4424760437011719e+02,
    8.1391021609306335e-02, 9306880, -1, 2.9404412841796875e+02,
    6.3455749511718750e+01, 6.4820299148559570e+00,
    9.7684631347656250e+01, 8.1391021609306335e-02, 9306880, -1,
    8.1844207763671875e+01, 7.3720062255859375e+01,
    4.6436305046081543e+00, 8.9745330810546875e+01,
    4.5996718108654022e-02, 1835520, -1, 1.1958428192138672e+02,
    7.3801094055175781e+01, 4.8048858642578125e+00,
    8.9679809570312500e+01, 4.5997057110071182e-02, 4325888, -1,
    2.0751022338867188e+02, 7.3745948791503906e+01,
    4.6598567962646484e+00, 8.9472961425781250e+01,
    4.5532420277595520e-02, 2097664, -1, 2.3043434143066406e+02,
    7.3793327331542969e+01, 4.8124551773071289e+00,
    9.0425689697265625e+01, 4.6347495168447495e-02, 4456960, -1,
    2.5386109924316406e+02, 7.3823043823242188e+01,
    4.8438363075256348e+00, 8.9782958984375000e+01,
    4.5839980244636536e-02, 4915712, -1, 2.6924792480468750e+02,
    7.3809555053710938e+01, 4.7840619087219238e+00,
