%YAML:1.0
tag: [ 7.1738319396972656e+01, 5.1055564880371094e+01,
    3.5445926189422607e+00, 3.4856134033203125e+02,
    2.4003645405173302e-02, 15729663, -1, 1.9409724426269531e+02,
    6.5231056213378906e+01, 3.0303311347961426e+00,
    2.7613037109375000e+02, 3.4219969063997269e-02, 4391935, -1,
    3.3510925292968750e+02, 6.5539146423339844e+01,
    3.5310208797454834e+00, 2.7475067138671875e+02,
    3.7381596863269806e-02, 15467519, -1, 7.2177696228027344e+01,
    5.1301746368408203e+01, 4.0812902450561523e+00,
    3.4863171386718750e+02, 2.3908857256174088e-02, 9240832, -1,
    3.3101678466796875e+02, 6.0591094970703125e+01,
    4.0853686332702637e+00, 2.7000262451171875e+02,
    2.1172851324081421e-02, 9306368, -1, 3.3461663818359375e+02,
    6.5721260070800781e+01, 3.9222047328948975e+00,
    3.2981774902343750e+02, 3.7342265248298645e-02, 6357248, -1,
    3.3461663818359375e+02, 6.5721260070800781e+01,
    3.9222047328948975e+00, 2.7909576416015625e+02,
    3.7342265248298645e-02, 6357248, -1, 2.2766764831542969e+02,
    6.7047317504882812e+01, 4.1806221008300781e+00,
    3.0779428100585938e+02, 3.9916221052408218e-02, 11010304, -1,
    2.2766764831542969e+02, 6.7047317504882812e+01,
    4.1806221008300781e+00, 2.3420315551757812e+02,
    3.9916221052408218e-02, 11010304, -1, 3.9125387573242188e+02,
    6.9130096435546875e+01, 4.2499303817749023e+00,
    3.5996154785156250e+02, 2.1179843693971634e-02, 12189952, -1,
    1.3429309082031250e+02, 1.1504489135742188e+02,
    4.1552295684814453e+00, 1.2039939880371094e+02,
    3.7021491676568985e-02, 10551552, -1, 1.3429309082031250e+02,
    1.1504489135742188e+02, 4.1552295684814453e+00,
    6.4482360839843750e+01, 3.7021491676568985e-02, 10551552, -1,
    3.0040170288085938e+02, 1.1503596496582031e+02,
    4.1426744461059570e+00, 6.5234252929687500e+01,
    3.6914158612489700e-02, 10289408, -1, 1.8976197814941406e+02,
    6.0199378967285156e+01, 4.6171030998229980e+00,
    2.7053656005859375e+02, 2.1301364526152611e-02, 1442304, -1,
    3.3190362548828125e+02, 1.1953009796142578e+02,
    4.7481803894042969e+00, 9.0054687500000000e+01,
    2.1635096520185471e-02, 3473920, -1, 3.7983438110351562e+02,
    5.8150726318359375e+01, 6.0914845466613770e+00,
    3.5044000244140625e+02, 4.1580934077501297e-02, 4784896, -1,
    3.7983438110351562e+02, 5.8150726318359375e+01,
    6.0914845466613770e+00, 2.8870709228515625e+02,
    4.1580934077501297e-02, 4784896, -1, 1.2688830566406250e+02,
    7.7349929809570312e+01, 7.1791038513183594e+00,
    2.5719677734375000e+02, 5.7839274406433105e-02, 16646912, -1,
    2.9309725952148438e+02, 7.7355400085449219e+01,
    7.1584219932556152e+00, 2.5703515625000000e+02,
    5.7906869798898697e-02, 16450304, -1, 3.7988293457031250e+02,
    8.0035591125488281e+01, 6.2061147689819336e+00,
    7.1276367187500000e+01, 4.1716281324625015e-02, 6161152, -1,
    3.7988293457031250e+02, 8.0035591125488281e+01,
    6.2061147689819336e+00, 6.6450805664062500e+00,
    4.1716281324625015e-02, 6161152, -1, 3.8081277465820312e+02,
    1.0017388153076172e+02, 6.7687311172485352e+00,
    3.4928683471679688e+02, 3.8871180266141891e-02, 12387072, -1,
    3.8081277465820312e+02, 1.0017388153076172e+02,
    6.7687311172485352e+00, 2.9919689941406250e+02,
    3.8871180266141891e-02, 12387072, -1, 1.0755009460449219e+02,
    5.9556427001953125e+01, 8.2853689193725586e+00,
    8.7827148437500000e+00, 3.9158046245574951e-02, 10289409, -1,
    1.1317581176757812e+02, 6.9108566284179688e+01,
    7.6524248123168945e+00, 2.5367260742187500e+02,
    5.8660797774791718e-02, 4587777, -1, 1.1317581176757812e+02,
    6.9108566284179688e+01, 7.6524248123168945e+00,
    8.8531524658203125e+01, 5.8660797774791718e-02, 4587777, -1,
    3.2997515869140625e+02, 6.8470817565917969e+01,
    8.2846679687500000e+00, 2.8159155273437500e+02,
    4.8754759132862091e-02, 10289409, -1, 3.2997515869140625e+02,
    6.8470817565917969e+01, 8.2846679687500000e+00,
    1.8738223266601562e+02, 4.8754759132862091e-02, 10289409, -1,
    3.4920190429687500e+02, 6.9039825439453125e+01,
    8.5462570190429688e+00, 2.5740557861328125e+02,
    5.7031173259019852e-02, 12583169, -1, 3.4920190429687500e+02,
    6.9039825439453125e+01, 8.5462570190429688e+00,
    6.2275329589843750e+01, 5.7031173259019852e-02, 12583169, -1,
    2.7880480957031250e+02, 6.9204063415527344e+01,
    7.7265315055847168e+00, 2.4737152099609375e+02,
    6.0939788818359375e-02, 5243137, -1, 2.7880480957031250e+02,
    6.9204063415527344e+01, 7.7265315055847168e+00,
    8.8295532226562500e+01, 6.0939788818359375e-02, 5243137, -1,
    9.6300788879394531e+01, 5.2877738952636719e+01,
    1.0909896850585938e+01, 4.2361145019531250e+00,
    6.2064159661531448e-02, 13500929, -1, 9.6300788879394531e+01,
    5.2877738952636719e+01, 1.0909896850585938e+01,
    1.9931344604492188e+02, 6.2064159661531448e-02, 13500929, -1,
    1.6551882934570312e+02, 5.3435916900634766e+01,
    1.1352007865905762e+01, 3.5345693969726562e+02,
    6.2346100807189941e-02, 16384513, -1, 1.6551882934570312e+02,
    5.3435916900634766e+01, 1.1352007865905762e+01,
    1.8447508239746094e+02, 6.2346100807189941e-02, 16384513, -1,
    3.6871731567382812e+02, 5.2052623748779297e+01,
    1.0070430755615234e+01, 3.3127731323242188e+02,
    5.9016849845647812e-02, 7733761, -1, 3.6871731567382812e+02,
    5.2052623748779297e+01, 1.0070430755615234e+01,
    1.9478015136718750e+02, 5.9016849845647812e-02, 7733761, -1,
    4.6666357421875000e+02, 5.2999244689941406e+01,
    9.6660919189453125e+00, 1.6790582275390625e+02,
    1.5573845244944096e-02, 4784641, -1, 4.6666357421875000e+02,
    5.2999244689941406e+01, 9.6660919189453125e+00,
    1.3423034667968750e+01, 1.5573845244944096e-02, 4784641, -1,
    4.4207519531250000e+02, 6.6840515136718750e+01,
    9.8404216766357422e+00, 3.1207025146484375e+02,
    1.5703875571489334e-02, 6029825, -1, 4.4207519531250000e+02,
    6.6840515136718750e+01, 9.8404216766357422e+00,
    1.0823318481445312e+02, 1.5703875571489334e-02, 6029825, -1,
    4.9063934326171875e+02, 6.7115211486816406e+01,
    9.3124456405639648e+00, 2.2649180603027344e+02,
    1.5799945220351219e-02, 2032129, -1, 4.9063934326171875e+02,
    6.7115211486816406e+01, 9.3124456405639648e+00,
    7.3897491455078125e+01, 1.5799945220351219e-02, 2032129, -1,
    2.1289044189453125e+02, 6.8348602294921875e+01,
    1.0440406799316406e+01, 2.7535253906250000e+02,
    4.7418955713510513e-02, 10355201, -1, 4.4208096313476562e+02,
    9.5138771057128906e+01, 9.8194084167480469e+00,
    2.5129791259765625e+02, 1.5702294185757637e-02, 5898753, -1,
    4.4208096313476562e+02, 9.5138771057128906e+01,
    9.8194084167480469e+00, 4.8092010498046875e+01,
    1.5702294185757637e-02, 5898753, -1, 4.9112640380859375e+02,
    9.5164093017578125e+01, 9.8649873733520508e+00,
    2.8788696289062500e+02, 1.5620382502675056e-02, 6226433, -1,
    4.9112640380859375e+02, 9.5164093017578125e+01,
    9.8649873733520508e+00, 1.3166313171386719e+02,
    1.5620382502675056e-02, 6226433, -1, 1.2578565979003906e+02,
    9.9098762512207031e+01, 9.7756595611572266e+00,
    2.0245339965820312e+02, 7.1199782192707062e-02, 5571073, -1,
    1.2578565979003906e+02, 9.9098762512207031e+01,
    9.7756595611572266e+00, 7.8982208251953125e+01,
    7.1199782192707062e-02, 5571073, -1, 2.9189266967773438e+02,
    9.9113456726074219e+01, 9.7795848846435547e+00,
    2.0272564697265625e+02, 7.1202956140041351e-02, 5571073, -1,
    2.9189266967773438e+02, 9.9113456726074219e+01,
    9.7795848846435547e+00, 7.8368347167968750e+01,
    7.1202956140041351e-02, 5571073, -1, 1.4064645385742188e+02,
    1.0736327362060547e+02, 1.1427680969238281e+01,
    8.6504425048828125e+01, 5.0755083560943604e-02, 131841, -1,
    3.0677621459960938e+02, 1.0735333251953125e+02,
    1.1418260574340820e+01, 8.6839569091796875e+01,
    5.0645984709262848e-02, 66305, -1, 1.6564224243164062e+02,
    1.0940617370605469e+02, 9.9918680191040039e+00,
