%YAML:1.0
tag: [ 9.5956488037109375e+02, 2.7889541625976562e+02,
    2.4005079269409180e+00, 6.9804107666015625e+01,
    1.4528667554259300e-02, 4260607, -1, 9.3201019287109375e+02,
    3.0978317260742188e+02, 2.8437495231628418e+00,
    2.8107614135742188e+02, 1.4645688235759735e-02, 16515839, -1,
    8.4655590820312500e+02, 3.9949035644531250e+02,
    2.5876364707946777e+00, 2.7788259887695312e+02,
    1.4638173393905163e-02, 9700095, -1, 1.0283447265625000e+03,
    1.8884635925292969e+01, 3.3606688976287842e+00,
    3.0691967773437500e+02, 2.3191235959529877e-02, 11928575, -1,
    1.0560402832031250e+03, 4.8797515869140625e+01,
    3.4168026447296143e+00, 3.0699560546875000e+02,
    1.9045539200305939e-02, 13108223, -1, 1.0560402832031250e+03,
    4.8797515869140625e+01, 3.4168026447296143e+00,
    1.2102821350097656e+02, 1.9045539200305939e-02, 13108223, -1,
    1.1076566162109375e+03, 7.3603965759277344e+01,
    3.2719211578369141e+00, 3.0361862182617188e+02,
    2.3301273584365845e-02, 9962495, -1, 1.1127824707031250e+03,
    7.7112548828125000e+01, 3.1468813419342041e+00,
    3.0158587646484375e+02, 2.2678796201944351e-02, 7144447, -1,
    1.1447469482421875e+03, 9.9091827392578125e+01,
    3.1192622184753418e+00, 3.0824191284179688e+02,
    2.0882893353700638e-02, 6489087, -1, 1.1571610107421875e+03,
    1.1700719451904297e+02, 3.4026882648468018e+00,
    2.9958657836914062e+02, 2.2481260821223259e-02, 12780543, -1,
    9.8371350097656250e+02, 2.4355749511718750e+02,
    3.4413335323333740e+00, 1.0942839050292969e+02,
    1.6277305781841278e-02, 13632511, -1, 6.8942480468750000e+02,
    2.5242977905273438e+02, 3.3218266963958740e+00,
    1.6762771606445312e+02, 1.8526276573538780e-02, 11076607, -1,
    8.7291955566406250e+02, 2.9761245727539062e+02,
    3.4169774055480957e+00, 2.2107600402832031e+02,
    2.3923216387629509e-02, 13108223, -1, 4.8137866210937500e+02,
    3.4421649169921875e+02, 3.3401615619659424e+00,
    2.7639105224609375e+02, 1.8760647624731064e-02, 11469823, -1,
    6.9423608398437500e+02, 3.7497109985351562e+02,
    2.9579794406890869e+00, 2.1109434509277344e+02,
    1.4072067104279995e-02, 2687999, -1, 6.8948004150390625e+02,
    3.7559078979492188e+02, 3.2660405635833740e+00,
    2.7577478027343750e+02, 1.8041079863905907e-02, 9831423, -1,
    1.0631788330078125e+03, 3.9594192504882812e+02,
    3.5146720409393311e+00, 1.1004321289062500e+02,
    1.6372973099350929e-02, 15139839, -1, 8.1132531738281250e+02,
    3.9654721069335938e+02, 2.9296264648437500e+00,
    2.5022308349609375e+02, 1.5920687466859818e-02, 1967103, -1,
    1.0280811767578125e+03, 2.9310245513916016e+01,
    3.9326710700988770e+00, 3.0787988281250000e+02,
    2.3070244118571281e-02, 6553856, -1, 1.0559200439453125e+03,
    3.8382698059082031e+01, 3.7884476184844971e+00,
    3.0271655273437500e+02, 2.5550525635480881e-02, 3866880, -1,
    1.1342365722656250e+03, 1.0176065063476562e+02,
    3.9345080852508545e+00, 3.0409567260742188e+02,
    2.3320477455854416e-02, 6619392, -1, 1.1393181152343750e+03,
    1.0531491088867188e+02, 3.8449044227600098e+00,
    3.0888476562500000e+02, 2.2657336667180061e-02, 4915456, -1,
    1.1508588867187500e+03, 1.1296369171142578e+02,
    4.2447533607482910e+00, 3.0303027343750000e+02,
    2.5600627064704895e-02, 12058880, -1, 1.0432149658203125e+03,
    1.9597337341308594e+02, 4.3603587150573730e+00,
    7.5857238769531250e+01, 1.5329404734075069e-02, 14024960, -1,
    9.6492193603515625e+02, 2.8110150146484375e+02,
    3.7256436347961426e+00, 3.1174337768554688e+02,
    1.9735196605324745e-02, 2621696, -1, 1.0337864990234375e+03,
    2.8363781738281250e+02, 4.3522267341613770e+00,
    1.0290832519531250e+00, 2.2388506680727005e-02, 13893888, -1,
    1.0337864990234375e+03, 2.8363781738281250e+02,
    4.3522267341613770e+00, 1.6961572265625000e+02,
    2.2388506680727005e-02, 13893888, -1, 1.3294688415527344e+02,
    2.9229379272460938e+02, 4.2218742370605469e+00,
    2.6542541503906250e+02, 2.1306674927473068e-02, 11665664, -1,
    1.0382010498046875e+03, 3.6742840576171875e+02,
    4.4296388626098633e+00, 1.6020425415039062e+02,
    1.3425375334918499e-02, 15139072, -1, 1.0927459716796875e+03,
    3.9152145385742188e+02, 3.7845056056976318e+00,
    3.1519961547851562e+02, 1.3439617119729519e-02, 3801344, -1,
    8.4739898681640625e+02, 2.6624584960937500e+02,
    5.0101060867309570e+00, 1.6068251037597656e+02,
    3.6301515996456146e-02, 7340544, -1, 8.4739898681640625e+02,
    2.6624584960937500e+02, 5.0101060867309570e+00,
    5.4784790039062500e+01, 3.6301515996456146e-02, 7340544, -1,
    1.0207568359375000e+03, 2.8311270141601562e+02,
    4.4316844940185547e+00, 1.4068728637695312e+02,
    1.5342781320214272e-02, 15204608, -1, 1.1070406494140625e+03,
    2.8580215454101562e+02, 5.3873314857482910e+00,
    4.8770874023437500e+01, 2.2749789059162140e-02, 12583424, -1,
    5.3856628417968750e+02, 2.0029428100585938e+02,
    6.7635192871093750e+00, 1.0947019958496094e+02,
    3.2703556120395660e-02, 12321536, -1, 5.4766809082031250e+02,
    2.0357379150390625e+02, 5.8657870292663574e+00,
    6.2813232421875000e+01, 3.3949717879295349e-02, 2032384, -1,
    8.3929235839843750e+02, 2.6287622070312500e+02,
    6.2894883155822754e+00, 1.1182006835937500e+02,
    3.1810633838176727e-02, 7078656, -1, 8.7260937500000000e+02,
    2.6738464355468750e+02, 6.5521821975708008e+00,
    1.2251654052734375e+02, 4.3067220598459244e-02, 10027776, -1,
    9.2033392333984375e+02, 3.1353033447265625e+02,
    6.5254287719726562e+00, 1.7857788085937500e+02,
    5.3687479346990585e-02, 9765632, -1, 1.3961241149902344e+02,
    7.4775260925292969e+01, 8.0580120086669922e+00,
    9.2158508300781250e+00, 3.3905677497386932e-02, 8323329, -1,
    6.1423065185546875e+02, 2.2209117126464844e+02,
    7.8263902664184570e+00, 1.4002062988281250e+02,
    3.6670837551355362e-02, 6226177, -1, 6.1423065185546875e+02,
    2.2209117126464844e+02, 7.8263902664184570e+00,
    5.9892425537109375e+01, 3.6670837551355362e-02, 6226177, -1,
    8.3817602539062500e+02, 2.6309872436523438e+02,
    7.3406267166137695e+00, 1.1458807373046875e+02,
    3.0733708292245865e-02, 1573121, -1, 8.7178546142578125e+02,
    2.8977999877929688e+02, 8.7181882858276367e+00,
    2.5203340148925781e+02, 3.8473837077617645e-02, 14024961, -1,
    8.5885919189453125e+02, 3.0384039306640625e+02,
    8.7998952865600586e+00, 2.0321351623535156e+02,
    5.4684501141309738e-02, 14680321, -1, 2.4710287094116211e+01,
    4.8767005920410156e+01, 9.4485855102539062e+00,
    3.4647329711914062e+02, 4.1712325066328049e-02, 3080705, -1,
    9.2182580566406250e+02, 2.6753854370117188e+02,
    1.0839488029479980e+01, 1.7191270446777344e+02,
    3.3675111830234528e-02, 13042177, -1, 9.2182580566406250e+02,
    2.6753854370117188e+02, 1.0839488029479980e+01,
    1.1683935546875000e+02, 3.3675111830234528e-02, 13042177, -1,
    9.5801861572265625e+02, 2.7085363769531250e+02,
    9.3743505477905273e+00, 3.3588088989257812e+02,
    3.2907936722040176e-02, 2556417, -1, 1.0399022216796875e+03,
    2.9831878662109375e+02, 1.0811087608337402e+01,
    1.5367935180664062e+02, 5.3843829780817032e-02, 12845569, -1,
    9.2991424560546875e+02, 3.7561175537109375e+02,
    1.3692956924438477e+01, 1.5923875427246094e+02,
    2.9396496713161469e-02, 13239041, -1, 1.0422402343750000e+03,
    4.1210952758789062e+02, 1.0005833625793457e+01,
    3.5847357177734375e+02, 4.1371870785951614e-02, 7275009, -1,
    8.7642608642578125e+02, 2.5544139099121094e+02,
    1.1821074485778809e+01, 2.3528747558593750e+00,
    5.6106962263584137e-02, 2622209, -1, 8.6536773681640625e+02,
    2.7030645751953125e+02, 1.3610735893249512e+01,
    1.1088945007324219e+02, 4.4210910797119141e-02, 12780289, -1,
    3.8193685913085938e+02, 3.2921615600585938e+02,
    1.3726840019226074e+01, 3.0959265136718750e+02,
    6.4187169075012207e-02, 13435649, -1, 3.8193685913085938e+02,
    3.2921615600585938e+02, 1.3726840019226074e+01,
