%YAML:1.0
tag: [ 3.8642327880859375e+02, 4.9119506835937500e+01,
    2.9206111431121826e+00, 3.0312615966796875e+02,
    1.3487630523741245e-02, 1770495, -1, 2.9634393310546875e+02,
    5.5598541259765625e+01, 2.8281180858612061e+00,
    2.2700282287597656e+02, 4.4439066201448441e-02, 16122623, -1,
    2.2336706161499023e+01, 8.8364242553710938e+01,
    2.7747852802276611e+00, 1.6697746276855469e+02,
    2.9556160792708397e-02, 14746367, -1, 2.0654861450195312e+01,
    3.4057067871093750e+01, 3.0047328472137451e+00,
    2.7057708740234375e+02, 3.1938944011926651e-02, 3802111, -1,
    3.7503027343750000e+02, 4.1360649108886719e+01,
    3.3777592182159424e+00, 3.0614007568359375e+02,
    1.5908412635326385e-02, 12256255, -1, 1.6916355895996094e+02,
    5.3533798217773438e+01, 3.1712534427642822e+00,
    2.7500610351562500e+02, 4.4685307890176773e-02, 7734271, -1,
    1.9942938232421875e+02, 5.5375156402587891e+01,
    3.3567986488342285e+00, 3.0974017333984375e+02,
    4.9510627985000610e-02, 11797503, -1, 1.9942938232421875e+02,
    5.5375156402587891e+01, 3.3567986488342285e+00,
    2.3397148132324219e+02, 4.9510627985000610e-02, 11797503, -1,
    7.7727371215820312e+01, 5.7574825286865234e+01,
    3.4847161769866943e+00, 1.9026155090332031e+02,
    3.2376226037740707e-02, 14550015, -1, 1.2082509613037109e+02,
    8.1673553466796875e+01, 3.1069025993347168e+00,
    1.8086300659179688e+02, 2.4035837501287460e-02, 6226943, -1,
    4.4449719238281250e+02, 9.2866294860839844e+01,
    3.2883419990539551e+00, 1.2188504028320312e+02,
    1.3597902841866016e-02, 10355711, -1, 3.4220065307617188e+02,
    9.5000152587890625e+01, 3.4250118732452393e+00,
    2.7142333984375000e-01, 2.4647576734423637e-02, 13239295, -1,
    2.3995204162597656e+02, 9.9614685058593750e+01,
    3.0138275623321533e+00, 1.2408175659179688e+02,
    2.5217084214091301e-02, 3998719, -1, 9.0390129089355469e+01,
    1.2038034820556641e+02, 3.0377595424652100e+00,
    3.4688293457031250e+01, 1.5244958922266960e-02, 4588543, -1,
    1.3676074218750000e+02, 1.2666706848144531e+02,
    2.9827134609222412e+00, 2.4873318481445312e+02,
    3.5695001482963562e-02, 3277823, -1, 2.7246316528320312e+02,
    1.2676918792724609e+02, 3.1337134838104248e+00,
    2.4483786010742188e+02, 3.5486243665218353e-02, 6816767, -1,
    1.5344821166992188e+02, 1.2813909912109375e+02,
    3.0785853862762451e+00, 3.0409469604492188e+02,
    4.4890344142913818e-02, 5571583, -1, 1.5344821166992188e+02,
    1.2813909912109375e+02, 3.0785853862762451e+00,
    2.3928320312500000e+02, 4.4890344142913818e-02, 5571583, -1,
    2.0584886169433594e+02, 1.2833380126953125e+02,
    2.9796218872070312e+00, 3.0224865722656250e+02,
    4.4133413583040237e-02, 3212287, -1, 2.0584886169433594e+02,
    1.2833380126953125e+02, 2.9796218872070312e+00,
    2.3849903869628906e+02, 4.4133413583040237e-02, 3212287, -1,
    1.3173359680175781e+02, 1.2896057128906250e+02,
    3.3256046772003174e+00, 1.8401864624023438e+02,
    5.8613721281290054e-02, 11142143, -1, 1.8409379577636719e+02,
    1.2891433715820312e+02, 3.3563802242279053e+00,
    1.8382348632812500e+02, 5.9415843337774277e-02, 11797503, -1,
    1.9222189331054688e+02, 1.2920243835449219e+02,
    3.0286023616790771e+00, 2.4791612243652344e+02,
    5.5490024387836456e-02, 4391935, -1, 2.6769873046875000e+02,
    1.2891560363769531e+02, 3.1803796291351318e+00,
    1.8422636413574219e+02, 6.2120981514453888e-02, 7930879, -1,
    1.5842633056640625e+02, 1.2930596923828125e+02,
    3.3889260292053223e+00, 2.4056900024414062e+02,
    5.6081559509038925e-02, 12518399, -1, 6.4092208862304688e+01,
    4.1696216583251953e+01, 3.7566182613372803e+00,
    3.4918182373046875e+02, 3.1331956386566162e-02, 3211520, -1,
    3.3271740722656250e+02, 4.7042568206787109e+01,
    5.4151906967163086e+00, 3.5219308471679688e+02,
    5.1211524754762650e-02, 12976640, -1, 3.3271740722656250e+02,
    4.7042568206787109e+01, 5.4151906967163086e+00,
    2.8537774658203125e+02, 5.1211524754762650e-02, 12976640, -1,
    3.4334039306640625e+02, 5.6903846740722656e+01,
    4.2265162467956543e+00, 3.5992831420898438e+02,
    2.5330867618322372e-02, 11796736, -1, 3.3276818847656250e+02,
    6.6941558837890625e+01, 5.3779072761535645e+00,
    7.4801177978515625e+01, 5.1255866885185242e-02, 12452352, -1,
    3.3276818847656250e+02, 6.6941558837890625e+01,
    5.3779072761535645e+00, 6.6685180664062500e+00,
    5.1255866885185242e-02, 12452352, -1, 4.6745190429687500e+02,
    9.7251525878906250e+01, 4.0653834342956543e+00,
    2.6576098632812500e+02, 2.1150162443518639e-02, 8978688, -1,
    4.6745190429687500e+02, 9.7251525878906250e+01,
    4.0653834342956543e+00, 9.0788787841796875e+01,
    2.1150162443518639e-02, 8978688, -1, 1.1870957183837891e+02,
    9.9048751831054688e+01, 4.1917500495910645e+00,
    1.1646020507812500e+02, 4.4162105768918991e-02, 11141376, -1,
    1.1870957183837891e+02, 9.9048751831054688e+01,
    4.1917500495910645e+00, 6.9199310302734375e+01,
    4.4162105768918991e-02, 11141376, -1, 2.6378659057617188e+02,
    9.8892868041992188e+01, 4.0442142486572266e+00,
    1.1775907897949219e+02, 4.5278087258338928e-02, 8585472, -1,
    2.6378659057617188e+02, 9.8892868041992188e+01,
    4.0442142486572266e+00, 6.6821563720703125e+01,
    4.5278087258338928e-02, 8585472, -1, 1.4516862487792969e+02,
    1.0201488494873047e+02, 3.6739060878753662e+00,
    9.0131561279296875e+01, 2.9616137966513634e-02, 1638656, -1,
    1.6568392944335938e+02, 1.0199102020263672e+02,
    3.6904866695404053e+00, 8.9813507080078125e+01,
    3.0397541821002960e-02, 1966336, -1, 2.2408914184570312e+02,
    1.0207240295410156e+02, 3.7288193702697754e+00,
    9.0226989746093750e+01, 2.8691209852695465e-02, 2687232, -1,
    2.8993429565429688e+02, 1.0205149078369141e+02,
    3.8107678890228271e+00, 8.9879455566406250e+01,
    2.9860613867640495e-02, 4260096, -1, 8.5528503417968750e+01,
    1.1724527740478516e+02, 4.1790218353271484e+00,
    2.8427435302734375e+02, 7.2655983269214630e-02, 10944768, -1,
    8.5528503417968750e+01, 1.1724527740478516e+02,
    4.1790218353271484e+00, 9.2327453613281250e+01,
    7.2655983269214630e-02, 10944768, -1, 2.7798272705078125e+02,
    1.2879309082031250e+02, 4.1946029663085938e+00,
    2.5439979553222656e+02, 7.4997365474700928e-02, 11206912, -1,
    2.7798272705078125e+02, 1.2879309082031250e+02,
    4.1946029663085938e+00, 6.1565124511718750e+01,
    7.4997365474700928e-02, 11206912, -1, 3.0474685668945312e+02,
    1.2879512023925781e+02, 3.9616963863372803e+00,
    8.7541046142578125e+01, 7.3260933160781860e-02, 7078144, -1,
    9.0900047302246094e+01, 5.9473255157470703e+01,
    4.9515728950500488e+00, 1.8434631347656250e+01,
    5.1183950155973434e-02, 6488576, -1, 1.6781512451171875e+02,
    1.3035992431640625e+02, 5.1934471130371094e+00,
    3.0829251098632812e+02, 6.2937423586845398e-02, 9961984, -1,
    3.1290805053710938e+02, 4.8470832824707031e+01,
    5.9683690071105957e+00, 1.8269096374511719e+02,
    4.5254472643136978e-02, 3277568, -1, 9.4938888549804688e+01,
    4.9035633087158203e+01, 6.7491641044616699e+00,
    9.2357788085937500e+00, 5.0932817161083221e-02, 12190464, -1,
    9.9554351806640625e+01, 5.7285114288330078e+01,
    6.7537875175476074e+00, 2.5487933349609375e+02,
    7.2199553251266479e-02, 12256000, -1, 9.9554351806640625e+01,
    5.7285114288330078e+01, 6.7537875175476074e+00,
    8.5331054687500000e+01, 7.2199553251266479e-02, 12256000, -1,
    1.1164720153808594e+02, 6.4400650024414062e+01,
    6.4981927871704102e+00, 2.5659020996093750e+02,
    7.2121798992156982e-02, 9437952, -1, 1.1164720153808594e+02,
    6.4400650024414062e+01, 6.4981927871704102e+00,
    9.6820556640625000e+01, 7.2121798992156982e-02, 9437952, -1,
    2.5687924194335938e+02, 6.4440750122070312e+01,
    6.4301333427429199e+00, 2.5599757385253906e+02,
    7.1159638464450836e-02, 8717056, -1, 2.5687924194335938e+02,
    6.4440750122070312e+01, 6.4301333427429199e+00,
