%YAML:1.0
tag: [ 1.6037635803222656e+02, 4.5127712249755859e+01,
    2.1823647022247314e+00, 8.9323852539062500e+01,
    3.6598965525627136e-02, 14090751, -1, 2.0909442138671875e+02,
    1.0486715698242188e+02, 1.8211573362350464e+00,
    5.1796875000000000e+01, 2.7559991925954819e-02, 983551, -1,
    2.4454670715332031e+02, 1.1444371795654297e+02,
    1.9419170618057251e+00, 7.3669433593750000e-02,
    1.9554765895009041e-02, 5636607, -1, 1.8483668518066406e+02,
    1.1839121246337891e+02, 1.9045234918594360e+00,
    5.1882934570312500e-01, 3.5548832267522812e-02, 4260351, -1,
    1.8483668518066406e+02, 1.1839121246337891e+02,
    1.9045234918594360e+00, 1.8792727661132812e+02,
    3.5548832267522812e-02, 4260351, -1, 2.2063542175292969e+02,
    1.2053044891357422e+02, 1.8951519727706909e+00,
    3.3017410278320312e+02, 3.3353038132190704e-02, 3867135, -1,
    2.2063542175292969e+02, 1.2053044891357422e+02,
    1.8951519727706909e+00, 2.3048852539062500e+02,
    3.3353038132190704e-02, 3867135, -1, 2.2063542175292969e+02,
    1.2053044891357422e+02, 1.8951519727706909e+00,
    8.8032470703125000e+01, 3.3353038132190704e-02, 3867135, -1,
    2.3493594360351562e+02, 1.2037158203125000e+02,
    2.0167436599731445e+00, 3.0810317993164062e+02,
    1.5765860676765442e-02, 8389119, -1, 2.0451272583007812e+02,
    1.2262945556640625e+02, 2.1003463268280029e+00,
    5.8278625488281250e+01, 1.3877899385988712e-02, 11338239, -1,
    3.7239773559570312e+02, 1.4791418075561523e+01,
    2.6179454326629639e+00, 3.5870449829101562e+02,
    2.2870549932122231e-02, 10552063, -1, 7.1073112487792969e+01,
    3.3754753112792969e+01, 2.7489058971405029e+00,
    1.0161376953125000e+01, 2.0489711314439774e-02, 14091007, -1,
    1.5011131286621094e+02, 3.4652549743652344e+01,
    2.3227565288543701e+00, 3.0635083007812500e+02,
    1.4470791444182396e-02, 1901311, -1, 3.7456002807617188e+02,
    4.0133686065673828e+01, 2.2673909664154053e+00,
    3.2908154296875000e+02, 1.3416941277682781e-02, 131839, -1,
    3.8121093750000000e+02, 4.6865215301513672e+01,
    2.1581473350524902e+00, 1.1316830444335938e+02,
    1.6697769984602928e-02, 13304319, -1, 1.8691860961914062e+02,
    4.8543788909912109e+01, 2.3829247951507568e+00,
    4.0757476806640625e+01, 3.6644455045461655e-02, 3736319, -1,
    3.3002304077148438e+02, 4.8495590209960938e+01,
    2.3653779029846191e+00, 3.5482992553710938e+02,
    1.4385355636477470e-02, 3212031, -1, 1.2358399200439453e+02,
    4.9559341430664062e+01, 2.4755923748016357e+00,
    2.9918142700195312e+02, 1.3917662203311920e-02, 6488831, -1,
    2.5854895019531250e+02, 5.1572166442871094e+01,
    2.5319836139678955e+00, 1.6345355224609375e+02,
    3.0266439542174339e-02, 8127231, -1, 1.2101244354248047e+02,
    5.2239181518554688e+01, 2.8321032524108887e+00,
    1.6314767456054688e+02, 3.2459333539009094e-02, 16253695, -1,
    2.3577679443359375e+02, 5.2958503723144531e+01,
    2.5228734016418457e+00, 2.6138049316406250e+02,
    4.3053757399320602e-02, 7865087, -1, 3.9977911376953125e+02,
    5.8144176483154297e+01, 2.6963667869567871e+00,
    1.1542443847656250e+02, 1.5672029927372932e-02, 12714751, -1,
    9.0307968139648438e+01, 6.1662353515625000e+01,
    2.8497252464294434e+00, 5.9469482421875000e+01,
    3.1369112432003021e-02, 16712447, -1, 2.2142605590820312e+02,
    6.6846664428710938e+01, 2.6745691299438477e+00,
    2.9394836425781250e+01, 3.5842705518007278e-02, 12124927, -1,
    2.2306855773925781e+02, 7.6792602539062500e+01,
    2.7650601863861084e+00, 3.4917776489257812e+02,
    4.5552130788564682e-02, 14484223, -1, 3.8376507568359375e+02,
    8.1118293762207031e+01, 2.6029937267303467e+00,
    1.7980567932128906e+02, 2.1722149103879929e-02, 10158847, -1,
    1.3361628723144531e+02, 8.8870407104492188e+01,
    2.3669016361236572e+00, 2.6429705810546875e+02,
    3.3530324697494507e-02, 3277567, -1, 2.9527951049804688e+02,
    9.6832740783691406e+01, 2.7015156745910645e+00,
    9.6382049560546875e+01, 1.3407411053776741e-02, 12845823, -1,
    1.6564064025878906e+02, 1.0068205261230469e+02,
    2.5730051994323730e+00, 2.2372291564941406e+02,
    2.8370384126901627e-02, 9306879, -1, 2.3053742980957031e+02,
    1.0362880706787109e+02, 2.4743082523345947e+00,
    2.4293717956542969e+02, 3.0835973098874092e-02, 6488831, -1,
    2.3053742980957031e+02, 1.0362880706787109e+02,
    2.4743082523345947e+00, 9.5260803222656250e+01,
    3.0835973098874092e-02, 6488831, -1, 2.4383705139160156e+02,
    1.0363942718505859e+02, 2.7133426666259766e+00,
    9.9058013916015625e+01, 3.0097000300884247e-02, 13107967, -1,
    3.1152148437500000e+02, 1.0337086486816406e+02,
    2.8161885738372803e+00, 7.4303009033203125e+01,
    1.8833978101611137e-02, 15794943, -1, 2.3423197937011719e+02,
    1.0403980255126953e+02, 2.4802525043487549e+00,
    3.4727813720703125e+01, 1.8367547541856766e-02, 6619903, -1,
    3.0112930297851562e+02, 1.0416923522949219e+02,
    2.4836654663085938e+00, 2.4468328857421875e+02,
    3.2667759805917740e-02, 6750975, -1, 3.0112930297851562e+02,
    1.0416923522949219e+02, 2.4836654663085938e+00,
    7.0623931884765625e+01, 3.2667759805917740e-02, 6750975, -1,
    2.2412913513183594e+02, 1.0441412353515625e+02,
    2.7020611763000488e+00, 3.5140512084960938e+02,
    2.6503741741180420e-02, 12845823, -1, 2.5104104614257812e+02,
    1.0516936492919922e+02, 2.4418704509735107e+00,
    2.2096871948242188e+02, 2.9062964022159576e-02, 5505791, -1,
    2.5104104614257812e+02, 1.0516936492919922e+02,
    2.4418704509735107e+00, 3.8371826171875000e+01,
    2.9062964022159576e-02, 5505791, -1, 3.0808288574218750e+02,
    1.0499698638916016e+02, 2.5827605724334717e+00,
    2.7050445556640625e+01, 2.4806670844554901e-02, 9569023, -1,
    3.1596109008789062e+02, 1.0497800445556641e+02,
    2.7432372570037842e+00, 1.6879382324218750e+02,
    2.2073829546570778e-02, 13959935, -1, 1.9990180969238281e+02,
    1.0681053161621094e+02, 2.7949054241180420e+00,
    3.3908813476562500e+02, 2.2646805271506310e-02, 15270655, -1,
    1.9990180969238281e+02, 1.0681053161621094e+02,
    2.7949054241180420e+00, 1.5645277404785156e+02,
    2.2646805271506310e-02, 15270655, -1, 2.0409851074218750e+02,
    1.0728495025634766e+02, 2.5765545368194580e+00,
    1.5795494079589844e+02, 2.2878760471940041e-02, 9372415, -1,
    2.0409851074218750e+02, 1.0728495025634766e+02,
    2.5765545368194580e+00, 1.5432922363281250e+01,
    2.2878760471940041e-02, 9372415, -1, 2.6689205932617188e+02,
    1.1105937957763672e+02, 2.7462692260742188e+00,
    1.8305511474609375e+02, 3.1238475814461708e-02, 14025471, -1,
    3.2062249755859375e+02, 1.1207101440429688e+02,
    2.4427287578582764e+00, 2.0933586120605469e+02,
    2.0090261474251747e-02, 5505791, -1, 2.1133891296386719e+02,
    1.1412411499023438e+02, 2.6950848102569580e+00,
    2.7596273803710938e+02, 3.9894051849842072e-02, 12649215, -1,
    2.1133891296386719e+02, 1.1412411499023438e+02,
    2.6950848102569580e+00, 8.1056915283203125e+01,
    3.9894051849842072e-02, 12649215, -1, 2.0395831298828125e+02,
    1.1692700958251953e+02, 2.7847468852996826e+00,
    2.1763063049316406e+02, 3.8305591791868210e-02, 15008511, -1,
    2.5831054687500000e+02, 1.1746801757812500e+02,
    2.7865858078002930e+00, 2.5270480346679688e+02,
    3.4162752330303192e-02, 15074047, -1, 2.4301655578613281e+02,
    1.1792219543457031e+02, 2.5786273479461670e+00,
    2.3466212463378906e+02, 3.1077548861503601e-02, 9437951, -1,
    2.4666078186035156e+02, 1.2027415466308594e+02,
    2.8506658077239990e+00, 2.3230963134765625e+02,
    3.0167326331138611e-02, 16712447, -1, 3.1835910034179688e+02,
    1.2045938873291016e+02, 2.4036281108856201e+00,
    2.3052255249023438e+02, 2.2502163425087929e-02, 4391679, -1,
    3.7622036743164062e+02, 6.9469799995422363e+00,
    3.3152527809143066e+00, 7.0029907226562500e+01,
    1.4769925735890865e-02, 10945535, -1, 3.7624777221679688e+02,
    1.3156122207641602e+01, 3.3919816017150879e+00,
