%YAML:1.0
tag: [ 5.5018859863281250e+02, 4.8702194213867188e+01,
    1.8046749830245972e+00, 2.7496389770507812e+02,
    6.7101851105690002e-02, 328191, -1, 5.5018859863281250e+02,
    4.8702194213867188e+01, 1.8046749830245972e+00,
    1.2294096374511719e+02, 6.7101851105690002e-02, 328191, -1,
    9.2808143615722656e+01, 3.0298133850097656e+01,
    2.4733254909515381e+00, 3.0663256835937500e+02,
    2.2379953414201736e-02, 6423295, -1, 4.4594669342041016e+01,
    3.3023223876953125e+01, 2.6914911270141602e+00,
    3.1408465576171875e+02, 3.5286925733089447e-02, 12583679, -1,
    9.1106994628906250e+01, 3.3124183654785156e+01,
    2.6754181385040283e+00, 3.0442767333984375e+02,
    3.3108349889516830e-02, 12124927, -1, 2.2132081604003906e+02,
    4.0319187164306641e+01, 2.6222066879272461e+00,
    8.5010559082031250e+01, 7.7304355800151825e-02, 10683135, -1,
    3.9399276733398438e+02, 4.2474052429199219e+01,
    2.7052128314971924e+00, 8.7475036621093750e+01,
    1.8626276403665543e-02, 12911359, -1, 4.7567095947265625e+02,
    4.2815902709960938e+01, 2.5755069255828857e+00,
    3.5305166625976562e+02, 1.7435748130083084e-02, 9372415, -1,
    5.8652520751953125e+02, 4.3662853240966797e+01,
    2.7969534397125244e+00, 4.5012542724609375e+01,
    1.3771951198577881e-02, 15336191, -1, 6.2953613281250000e+02,
    5.0885284423828125e+01, 2.4265639781951904e+00,
    3.2555020141601562e+02, 2.6973299682140350e-02, 5047039, -1,
    2.6884097290039062e+02, 5.1351230621337891e+01,
    2.8982589244842529e+00, 1.4827714538574219e+02,
    4.4030673801898956e-02, 1180671, -1, 2.6884097290039062e+02,
    5.1351230621337891e+01, 2.8982589244842529e+00,
    3.5279785156250000e+01, 4.4030673801898956e-02, 1180671, -1,
    3.3019589233398438e+02, 5.4949344635009766e+01,
    2.7408807277679443e+00, 2.3216447448730469e+02,
    4.6829134225845337e-02, 13894399, -1, 5.4110577392578125e+02,
    5.5796894073486328e+01, 2.7089962959289551e+00,
    3.0167138671875000e+02, 3.0580397695302963e-02, 13042431, -1,
    3.2101400756835938e+02, 5.6502975463867188e+01,
    2.3091981410980225e+00, 3.0981619262695312e+02,
    2.5461502373218536e-02, 1442559, -1, 4.8791027832031250e+02,
    5.7851543426513672e+01, 2.5535435676574707e+00,
    3.1382287597656250e+02, 3.5312179476022720e-02, 8717055, -1,
    3.5943966674804688e+02, 6.2130504608154297e+01,
    2.7609956264495850e+00, 3.3908129882812500e+02,
    9.4079934060573578e-02, 14418687, -1, 3.5943966674804688e+02,
    6.2130504608154297e+01, 2.7609956264495850e+00,
    8.7436370849609375e+01, 9.4079934060573578e-02, 14418687, -1,
    4.3083871459960938e+02, 7.9818656921386719e+01,
    2.8476054668426514e+00, 3.1214904785156250e+01,
    1.9652806222438812e-02, 16646911, -1, 3.4618438720703125e+02,
    9.2493507385253906e+01, 2.7572922706604004e+00,
    1.0263223266601562e+02, 3.0085941776633263e-02, 14287615, -1,
    6.2471575927734375e+02, 9.8014541625976562e+01,
    2.7402293682098389e+00, 2.9935162353515625e+02,
    2.9506178572773933e-02, 13828863, -1, 5.8083764648437500e+02,
    1.0450538635253906e+02, 2.4073462486267090e+00,
    3.1213391113281250e+02, 3.1923979520797729e-02, 4457215, -1,
    6.5528739929199219e+01, 1.0782038116455078e+02,
    2.7069797515869141e+00, 2.0278930664062500e+01,
    2.6035314425826073e-02, 12976895, -1, 4.8993133544921875e+02,
    1.0952144622802734e+02, 2.3723227977752686e+00,
    3.1849377441406250e+02, 3.4994166344404221e-02, 3408639, -1,
    2.9201080322265625e+02, 1.1039242553710938e+02,
    2.5585238933563232e+00, 3.5943887329101562e+02,
    3.2306611537933350e-02, 8913663, -1, 2.1988075256347656e+02,
    1.1583602905273438e+02, 2.2741312980651855e+00,
    1.1730863952636719e+02, 4.8863958567380905e-02, 393983, -1,
    2.1988075256347656e+02, 1.1583602905273438e+02,
    2.2741312980651855e+00, 1.1493194580078125e+01,
    4.8863958567380905e-02, 393983, -1, 3.0653274536132812e+02,
    1.1588098907470703e+02, 2.6830759048461914e+00,
    1.2525224304199219e+02, 3.1486365944147110e-02, 12321535, -1,
    2.8754751586914062e+02, 1.1847647857666016e+02,
    2.8344061374664307e+00, 8.7931884765625000e+01,
    4.4538579881191254e-02, 16319231, -1, 3.8058181762695312e+02,
    1.1912919616699219e+02, 2.6009578704833984e+00,
    1.0674023437500000e+02, 3.8554653525352478e-02, 10093311, -1,
    3.8058181762695312e+02, 1.1912919616699219e+02,
    2.6009578704833984e+00, 7.0086547851562500e+01,
    3.8554653525352478e-02, 10093311, -1, 3.9833340454101562e+02,
    1.2063676452636719e+02, 2.5879907608032227e+00,
    8.2624847412109375e+01, 4.1291389614343643e-02, 9700095, -1,
    3.9833340454101562e+02, 1.2063676452636719e+02,
    2.5879907608032227e+00, 2.0539001464843750e+01,
    4.1291389614343643e-02, 9700095, -1, 4.0231903076171875e+02,
    1.2033779144287109e+02, 2.5605461597442627e+00,
    1.1292204284667969e+02, 4.3042179197072983e-02, 8913663, -1,
    6.2819896697998047e+01, 1.8709451675415039e+01,
    3.2026753425598145e+00, 8.8203216552734375e+01,
    2.0801080390810966e-02, 8389631, -1, 7.1838096618652344e+01,
    1.8571481704711914e+01, 3.2826066017150879e+00,
    9.5790954589843750e+01, 1.5008200891315937e-02, 10224639, -1,
    5.6223168945312500e+02, 1.9072839736938477e+01,
    3.0712537765502930e+00, 1.8336982727050781e+02,
    6.3454210758209229e-02, 5374975, -1, 2.1262179565429688e+02,
    2.8415758132934570e+01, 2.9687755107879639e+00,
    2.9851913452148438e+02, 3.0389167368412018e-02, 2950143, -1,
    1.0254668426513672e+02, 2.9913349151611328e+01,
    3.0920829772949219e+00, 1.9822692871093750e+01,
    1.9121343269944191e-02, 5899263, -1, 9.8541160583496094e+01,
    3.0476112365722656e+01, 3.0151290893554688e+00,
    1.8768615722656250e+01, 1.9068140536546707e-02, 4064255, -1,
    4.7083496093750000e+02, 3.7276966094970703e+01,
    2.9192185401916504e+00, 3.1739669799804688e+02,
    3.2584153115749359e-02, 1704959, -1, 4.8677261352539062e+01,
    3.8242282867431641e+01, 3.2820007801055908e+00,
    1.8838500976562500e+01, 5.6758459657430649e-02, 10159103, -1,
    1.3817424011230469e+02, 3.7857273101806641e+01,
    3.1108777523040771e+00, 7.7711303710937500e+01,
    6.4282231032848358e-02, 6292479, -1, 6.3042079925537109e+01,
    3.9890731811523438e+01, 3.0591745376586914e+00,
    3.4472900390625000e+02, 4.1368409991264343e-02, 5112831, -1,
    6.3042079925537109e+01, 3.9890731811523438e+01,
    3.0591745376586914e+00, 2.0339865112304688e+02,
    4.1368409991264343e-02, 5112831, -1, 4.7096426391601562e+02,
    4.2017784118652344e+01, 3.0470645427703857e+00,
    3.1793856811523438e+02, 6.2267992645502090e-02, 4785151, -1,
    4.7096426391601562e+02, 4.2017784118652344e+01,
    3.0470645427703857e+00, 1.0077624511718750e+02,
    6.2267992645502090e-02, 4785151, -1, 6.2110943603515625e+02,
    4.3008602142333984e+01, 2.9405658245086670e+00,
    3.0704760742187500e+02, 2.6398789137601852e-02, 2229247, -1,
    3.0905593872070312e+02, 4.8054187774658203e+01,
    3.0955102443695068e+00, 1.5510423278808594e+02,
    1.6385005787014961e-02, 5964799, -1, 4.7676342773437500e+02,
    4.9397609710693359e+01, 3.1539855003356934e+00,
    3.0156243896484375e+02, 3.6176171153783798e-02, 7341055, -1,
    3.8841964721679688e+02, 5.1815814971923828e+01,
    3.2442574501037598e+00, 3.5962622070312500e+02,
    2.2346233949065208e-02, 9372671, -1, 4.0866479492187500e+02,
    5.2979179382324219e+01, 3.3081905841827393e+00,
    1.7936904907226562e+02, 1.1246658116579056e-01, 10748927, -1,
    3.8016616821289062e+02, 5.6750717163085938e+01,
    2.5128242969512939e+00, 1.6503759765625000e+02,
    6.9558396935462952e-02, 7602943, -1, 5.1751513671875000e+02,
    5.8135963439941406e+01, 3.5826241970062256e+00,
    2.9746682739257812e+02, 5.9031624346971512e-02, 16516095, -1,
    5.1751513671875000e+02, 5.8135963439941406e+01,
    3.5826241970062256e+00, 1.1043588256835938e+02,
    5.9031624346971512e-02, 16516095, -1, 5.7194433593750000e+02,
    5.8276206970214844e+01, 3.0269777774810791e+00,
